2 0.507848 0.511428 0.050805 0.110836
2 0.574143 0.712240 0.044610 0.118959
1 0.418629 0.608702 0.053284 0.158612
1 0.565469 0.520584 0.047088 0.114553
1 0.511565 0.685805 0.035936 0.118959
1 0.550599 0.594382 0.049566 0.077103
1 0.465717 0.707834 0.038414 0.074900
1 0.462619 0.606499 0.032218 0.154206
2 0.520240 0.967002 0.033457 0.065996
2 0.513424 0.929552 0.061958 0.140896
2 0.172688 0.212087 0.024783 0.061005
2 0.156722 0.223525 0.026213 0.063547
4 0.202475 0.057880 0.014775 0.062699
1 0.289366 0.358973 0.037175 0.088118
4 0.210886 0.384674 0.019276 0.073432
1 0.217082 0.608883 0.023406 0.052626
4 0.230162 0.632136 0.030291 0.079551
4 0.260797 0.707403 0.032356 0.088118
4 0.292120 0.659042 0.024783 0.059931
4 0.261141 0.703694 0.017899 0.046507
5 0.504027 0.500000 0.991946 1.000000