1 0.721011 0.936170 0.059043 0.059574
1 0.664362 0.772340 0.047872 0.055319
1 0.634043 0.837234 0.038298 0.065957
1 0.678723 0.855319 0.041489 0.059574
1 0.983777 0.820213 0.032446 0.074468
1 0.978191 0.710638 0.043617 0.085106
1 0.620840 0.913257 0.044190 0.036007
1 0.647640 0.034370 0.063421 0.063284
1 0.551896 0.017458 0.042144 0.034915
4 0.497681 0.145663 0.043372 0.164757
4 0.452059 0.102291 0.056874 0.169667
4 0.375546 0.045008 0.086334 0.090016
4 0.405824 0.227223 0.062602 0.124932
4 0.471086 0.217676 0.056465 0.127660
4 0.411757 0.862248 0.041735 0.174032
4 0.387002 0.812057 0.031506 0.092199
4 0.364294 0.907529 0.054828 0.164212
4 0.320104 0.932624 0.044190 0.126023
4 0.268958 0.932624 0.050736 0.134752
4 0.247477 0.842062 0.067512 0.157665
0 0.497340 0.497872 0.994680 0.995744