1 0.723521 0.071398 0.030266 0.036009
1 0.782191 0.156454 0.011641 0.019867
1 0.740982 0.110821 0.019557 0.018005
1 0.905352 0.283417 0.014900 0.025455
1 0.808034 0.325014 0.035388 0.027938
1 0.873921 0.417831 0.019091 0.050910
1 0.849941 0.513131 0.030732 0.024213
1 0.855761 0.551934 0.015366 0.026076
1 0.696281 0.365059 0.023282 0.019867
1 0.792435 0.745949 0.041442 0.047805
1 0.937713 0.784752 0.032129 0.029801
1 0.975430 0.775750 0.048892 0.054014
1 0.957503 0.832247 0.045632 0.026696
1 0.940274 0.659341 0.046564 0.052151
1 0.832712 0.632023 0.019557 0.028559
4 0.873688 0.906128 0.011175 0.025455
4 0.798488 0.796548 0.020954 0.044701
3 0.813156 0.746570 0.029801 0.029180
3 0.815018 0.790960 0.017694 0.033526
3 0.825961 0.784442 0.022816 0.035388
3 0.861582 0.666480 0.006519 0.030422
3 0.840628 0.591668 0.012107 0.031042
3 0.849941 0.573664 0.013969 0.029801
3 0.973800 0.679518 0.008381 0.021730
4 0.979621 0.679518 0.007916 0.019246
4 0.995452 0.669274 0.008847 0.023592
4 0.751226 0.583287 0.014900 0.013038
4 0.814553 0.517166 0.009313 0.021109
4 0.830384 0.513131 0.005588 0.022971
4 0.858788 0.442354 0.008381 0.020488
4 0.941206 0.479916 0.010244 0.028559
3 0.820373 0.512821 0.006053 0.023592
3 0.825495 0.509095 0.004191 0.026076
3 0.849941 0.445148 0.009313 0.028559
3 0.871127 0.448563 0.008847 0.018005
3 0.863910 0.452909 0.007450 0.022971
3 0.881139 0.476501 0.008381 0.026696
3 0.745871 0.473707 0.013503 0.018625
4 0.861116 0.673310 0.013969 0.034147
3 0.932359 0.691004 0.012107 0.050910
2 0.817114 0.274104 0.006053 0.019246
2 0.806171 0.285280 0.007450 0.018005
2 0.812923 0.285280 0.006985 0.024213
2 0.798721 0.281555 0.007450 0.019246
4 0.684640 0.207674 0.014900 0.031663
3 0.567766 0.167939 0.015832 0.056497
3 0.523530 0.170423 0.020488 0.052772
3 0.547976 0.125411 0.011641 0.063327
2 0.517943 0.236233 0.022351 0.051530
2 0.582433 0.213882 0.008847 0.025455
2 0.599429 0.213882 0.009313 0.018005
2 0.588486 0.216676 0.008847 0.026076
2 0.594772 0.217297 0.012107 0.027317
5 0.559617 0.038182 0.011641 0.026696
1 0.570327 0.078227 0.074036 0.049668
1 0.524694 0.125101 0.032129 0.032905
1 0.630161 0.289005 0.029801 0.034147
1 0.583132 0.280623 0.040045 0.040976
1 0.468818 0.193084 0.022816 0.034767
1 0.440647 0.362886 0.022351 0.040355
4 0.454616 0.218849 0.014900 0.036630
4 0.523530 0.329670 0.015832 0.027317
4 0.473940 0.394859 0.019091 0.048426
4 0.461601 0.417210 0.019557 0.044701
4 0.441345 0.401689 0.020954 0.024834
4 0.445070 0.423729 0.019091 0.050289
4 0.510725 0.581735 0.012572 0.044701
2 0.554495 0.566213 0.013503 0.027317
2 0.540991 0.582045 0.011641 0.041597
5 0.526790 0.582355 0.005588 0.042218
3 0.521435 0.566524 0.007916 0.039113
3 0.501645 0.577389 0.018625 0.031042
1 0.642733 0.495437 0.035388 0.034767
1 0.639706 0.450115 0.034923 0.042218
1 0.440414 0.793444 0.020022 0.032284
1 0.470680 0.831005 0.012572 0.030422
1 0.448330 0.854287 0.022816 0.024834
1 0.493031 0.803688 0.020022 0.022971
1 0.703964 0.724840 0.042373 0.081331
3 0.459738 0.877569 0.011175 0.032905
3 0.451822 0.877569 0.011175 0.032905
3 0.434361 0.859254 0.005122 0.034767
4 0.442044 0.874465 0.013038 0.036630
3 0.656935 0.689762 0.011641 0.027317
3 0.609673 0.663376 0.006519 0.021730
3 0.617356 0.664928 0.011641 0.029801
3 0.612234 0.622711 0.006053 0.023592
3 0.638077 0.607500 0.012107 0.024213
3 0.648786 0.597566 0.006519 0.026696
3 0.628997 0.600981 0.007916 0.019867
3 0.628764 0.318495 0.011175 0.024834
1 0.566834 0.012417 0.019557 0.024834
1 0.499783 0.013348 0.021419 0.026696
3 0.398740 0.368163 0.006519 0.042218
3 0.408984 0.358540 0.010244 0.022971
3 0.413873 0.373130 0.012572 0.028559
3 0.426445 0.397653 0.020022 0.030422
3 0.429472 0.420625 0.009313 0.027938
4 0.416899 0.378096 0.016763 0.026076
4 0.423186 0.392066 0.021885 0.040355
3 0.321677 0.944620 0.013503 0.039113
3 0.317486 0.931893 0.013503 0.036009
1 0.343329 0.746570 0.025144 0.030422
1 0.278838 0.754951 0.021885 0.039734
1 0.313994 0.802446 0.015832 0.018005
1 0.312597 0.712734 0.033526 0.064568
3 0.186410 0.022661 0.011175 0.036630
3 0.224359 0.020488 0.016297 0.040976
3 0.220867 0.041286 0.020488 0.057739
5 0.208062 0.024834 0.005122 0.023592
5 0.204569 0.026386 0.006519 0.025455
4 0.195024 0.031663 0.014435 0.047184
4 0.134026 0.224747 0.016297 0.049668
3 0.147063 0.240268 0.017229 0.043459
3 0.070699 0.266654 0.018160 0.046564
3 0.057661 0.280002 0.018160 0.043459
3 0.035776 0.278761 0.017229 0.040976
3 0.015056 0.258273 0.019557 0.048426
3 0.053005 0.317564 0.016297 0.037872
3 0.034612 0.315080 0.014900 0.026696
3 0.055100 0.802446 0.013038 0.039113
3 0.040433 0.807413 0.019091 0.046564
3 0.004734 0.816105 0.009468 0.049047
3 0.020643 0.816105 0.023282 0.054014
3 0.019013 0.966971 0.018160 0.029180
4 0.007528 0.975352 0.015056 0.039734
2 0.537499 0.325635 0.007450 0.022971
4 0.485581 0.370957 0.005122 0.020488
5 0.489539 0.376234 0.009313 0.026076
3 0.537266 0.612156 0.007916 0.027317
3 0.528187 0.611535 0.006519 0.026076
3 0.498851 0.628609 0.009313 0.022971
3 0.507699 0.629850 0.009313 0.024213
1 0.341699 0.694729 0.023747 0.016142
2 0.715372 0.311976 0.004656 0.018005
2 0.712346 0.318495 0.008847 0.028559
2 0.706525 0.314770 0.005588 0.034767
2 0.699075 0.313839 0.013038 0.027938
0 0.500000 0.502421 0.991525 0.990315