0 0.497050 0.375123 0.994100 0.741396
1 0.792035 0.201573 0.074926 0.088102
1 0.805900 0.104425 0.028319 0.025959
5 0.619174 0.075713 0.067847 0.151032
5 0.420354 0.544149 0.019469 0.090462
5 0.403245 0.549263 0.027729 0.117994
5 0.374926 0.559095 0.037168 0.110914
5 0.453982 0.440708 0.047788 0.141593
5 0.436283 0.437955 0.025369 0.107768
5 0.423304 0.310914 0.052507 0.168338
5 0.403835 0.309341 0.035988 0.146313
4 0.461652 0.121337 0.060767 0.210816
5 0.536283 0.167748 0.020059 0.044051
5 0.223894 0.262930 0.094985 0.168338
5 0.120354 0.459587 0.024779 0.129007
5 0.095575 0.483186 0.050737 0.218682
4 0.126254 0.537463 0.081416 0.237561
3 0.199410 0.509145 0.083776 0.234415
3 0.172861 0.445821 0.021239 0.092035
2 0.038053 0.547689 0.076106 0.193510