2 0.459901 0.711821 0.090468 0.164754
1 0.523890 0.711821 0.050750 0.147102
4 0.607738 0.730944 0.081642 0.179465
2 0.607738 0.873633 0.077229 0.135334
4 0.526097 0.573545 0.081642 0.111798
4 0.586776 0.588255 0.075022 0.100029
2 0.651307 0.344660 0.036408 0.072816
4 0.627642 0.282362 0.054612 0.084142
2 0.467448 0.134304 0.030340 0.079288
2 0.453492 0.192557 0.029126 0.105178
4 0.408589 0.205502 0.036408 0.085761
4 0.382496 0.764024 0.052184 0.074434
4 0.559074 0.840076 0.060680 0.103560
2 0.506890 0.811758 0.043689 0.108414
1 0.176036 0.181810 0.027404 0.065769
4 0.133756 0.259585 0.030536 0.052198
1 0.158028 0.271068 0.021140 0.073077
4 0.153330 0.219915 0.055590 0.048022
2 0.125926 0.169283 0.028970 0.034450
2 0.117314 0.145272 0.049327 0.074120
1 0.152939 0.130657 0.026621 0.063681
1 0.011092 0.135877 0.022184 0.067857
1 0.028056 0.146838 0.022706 0.077252
2 0.042149 0.206343 0.030536 0.054285
2 0.061332 0.149970 0.020357 0.066813
2 0.040975 0.142662 0.012527 0.127362
4 0.256290 0.280986 0.029753 0.032362
4 0.235933 0.304475 0.029753 0.041758
0 0.104786 0.360326 0.165205 0.174340
2 0.008618 0.574888 0.017236 0.068946
2 0.042564 0.608658 0.033770 0.080203
2 0.039925 0.555189 0.022161 0.063318
2 0.021985 0.558707 0.028493 0.098494
2 0.938096 0.567899 0.021160 0.054767
4 0.954900 0.560016 0.017426 0.053937
4 0.870260 0.452556 0.014937 0.034022
4 0.850967 0.438449 0.023649 0.035682
4 0.841631 0.477450 0.012447 0.039001
2 0.852523 0.472056 0.013069 0.036511
5 0.500000 0.500000 1.000000 1.000000