2 0.247906 0.147807 0.033727 0.062841
2 0.267580 0.115810 0.028970 0.068030
2 0.296983 0.068535 0.020323 0.056500
2 0.314495 0.086407 0.018161 0.064571
2 0.292659 0.206613 0.027241 0.088209
2 0.269959 0.183263 0.029403 0.089938
2 0.477364 0.489015 0.019025 0.071489
2 0.498984 0.470566 0.026808 0.054194
2 0.493363 0.513805 0.017296 0.047275
2 0.507199 0.495933 0.014701 0.042663
2 0.510875 0.511499 0.019458 0.046122
2 0.522549 0.460765 0.017728 0.073795
2 0.524711 0.484114 0.028106 0.096280
2 0.530549 0.527354 0.019025 0.059382
2 0.552817 0.487285 0.022052 0.073795
2 0.555411 0.556180 0.021187 0.054770
2 0.574004 0.525048 0.022052 0.060535
2 0.583949 0.483538 0.023782 0.076678
2 0.582869 0.549262 0.023349 0.050158
2 0.640954 0.573668 0.015566 0.050158
2 0.624090 0.585487 0.014701 0.040357
2 0.616091 0.640545 0.010810 0.029403
2 0.602254 0.652364 0.012539 0.044969
2 0.582796 0.636221 0.010810 0.026520
2 0.591877 0.641987 0.012539 0.029979
2 0.550871 0.068246 0.012972 0.029403
2 0.573572 0.061905 0.011675 0.045546
2 0.586976 0.064211 0.015999 0.036321
2 0.601894 0.044609 0.014701 0.039780
2 0.582869 0.123305 0.011242 0.043816
2 0.594111 0.125899 0.011242 0.042086
5 0.511523 0.511102 0.971332 0.977796