2 0.511772 0.409542 0.040892 0.076828
2 0.465304 0.356258 0.022305 0.109046
2 0.439281 0.353779 0.029740 0.118959
2 0.394672 0.373606 0.022305 0.079306
2 0.413259 0.348823 0.014870 0.188352
2 0.491326 0.270756 0.037175 0.071871
0 0.321252 0.140644 0.113383 0.138786
2 0.351921 0.253408 0.066914 0.066914
2 0.837980 0.373606 0.031599 0.109046
2 0.872367 0.342627 0.033457 0.061958
2 0.929988 0.457869 0.044610 0.069393
2 0.971809 0.436803 0.039033 0.066914
0 0.932776 0.395911 0.087361 0.128872
0 0.488908 0.374472 0.031667 0.079857
2 0.487187 0.973809 0.013080 0.048648
1 0.476516 0.972892 0.020653 0.048648
0 0.477205 0.927456 0.052320 0.086282
0 0.519887 0.865957 0.093625 0.176236
2 0.063908 0.885386 0.036486 0.059663
0 0.047730 0.823887 0.083987 0.059663
5 0.498451 0.500929 0.996902 0.998141