0 0.500000 0.500000 1.000000 1.000000
4 0.905189 0.339233 0.025338 0.062023
5 0.929582 0.320072 0.012858 0.026725
5 0.863021 0.392683 0.015127 0.030759
5 0.939793 0.327887 0.012858 0.026221
1 0.446071 0.308978 0.018531 0.042861
1 0.374215 0.245695 0.022313 0.045382
1 0.354928 0.314777 0.055593 0.045382
1 0.381212 0.401003 0.016640 0.020170
1 0.341313 0.410332 0.018531 0.022691
1 0.358899 0.384615 0.012858 0.018657
1 0.274374 0.407559 0.029120 0.046391
1 0.240148 0.382851 0.040088 0.078663
5 0.342448 0.358899 0.031389 0.096311
5 0.383103 0.407054 0.019666 0.056476
1 0.378564 0.373522 0.008320 0.015632