1 0.762207 0.290507 0.077332 0.104201
2 0.763230 0.583470 0.006547 0.018003
2 0.749523 0.591653 0.044599 0.073650
5 0.614907 0.560556 0.025777 0.048554
5 0.600382 0.550191 0.015548 0.047463
5 0.578696 0.568467 0.018822 0.058920
5 0.565807 0.598200 0.015957 0.048554
5 0.592608 0.608020 0.018003 0.044190
5 0.560079 0.498091 0.024959 0.049100
5 0.584220 0.351337 0.007774 0.024004
5 0.616748 0.382433 0.006547 0.018549
5 0.549032 0.224223 0.015139 0.030551
1 0.500341 0.860611 0.024141 0.040917
5 0.406438 0.358702 0.017185 0.088925
5 0.426077 0.280142 0.017185 0.037643
5 0.444490 0.287507 0.008183 0.024004
5 0.463312 0.465630 0.023732 0.071468
5 0.396208 0.478451 0.020458 0.066558
5 0.374932 0.382160 0.018003 0.039825
5 0.353451 0.593290 0.019231 0.066012
1 0.498704 0.967812 0.051146 0.064375
1 0.289212 0.151664 0.048691 0.058920
5 0.333811 0.267049 0.011866 0.019094
5 0.335652 0.307965 0.009002 0.034370
1 0.174032 0.287507 0.084288 0.052373
1 0.139048 0.456356 0.056874 0.069285
1 0.249523 0.893071 0.032324 0.075286
1 0.164416 0.870704 0.030687 0.058920
1 0.115930 0.679487 0.059738 0.070376
1 0.088107 0.431533 0.065466 0.054555
1 0.080947 0.492908 0.035597 0.034370
1 0.084834 0.576378 0.044190 0.036552
1 0.031642 0.598200 0.040917 0.071468
5 0.062330 0.614839 0.013093 0.028369
5 0.063966 0.898254 0.007365 0.037643
1 0.026050 0.758865 0.052100 0.051282
5 0.059465 0.897436 0.010638 0.025095
0 0.428723 0.507447 0.857446 0.972340