0 0.435841 0.500000 0.871681 1.000000
4 0.683950 0.329904 0.008698 0.014119
1 0.668444 0.367975 0.033659 0.047904
5 0.660124 0.396969 0.007942 0.014119
5 0.610393 0.319063 0.009833 0.013615
5 0.564065 0.397222 0.016262 0.071099
5 0.548181 0.389406 0.023069 0.063535
5 0.511497 0.445882 0.025338 0.061518
5 0.465547 0.467564 0.024204 0.064544
5 0.455147 0.449916 0.021557 0.070595
5 0.436049 0.490508 0.018153 0.063031
5 0.415248 0.495046 0.018909 0.068074
4 0.564443 0.322845 0.010211 0.008068
1 0.547425 0.314273 0.018531 0.017144
1 0.527570 0.285531 0.026473 0.047399
1 0.502231 0.289817 0.017397 0.047904
1 0.778118 0.573204 0.026095 0.033785
1 0.755238 0.590097 0.021935 0.041348
1 0.794569 0.598921 0.015127 0.014623
1 0.801566 0.619847 0.010967 0.016136
1 0.518682 0.965988 0.038197 0.068023
1 0.488238 0.968787 0.015127 0.020170
4 0.526435 0.978620 0.006051 0.010589
4 0.523788 0.987444 0.007564 0.015127
4 0.505824 0.962232 0.010967 0.011093
4 0.551774 0.829110 0.006807 0.016136
4 0.502799 0.773139 0.010967 0.010085
4 0.515846 0.830371 0.016640 0.020674
5 0.530028 0.981393 0.004160 0.016136
5 0.527002 0.857852 0.010211 0.020170
5 0.495046 0.831379 0.015127 0.014623
5 0.468762 0.838943 0.004160 0.012606
5 0.497126 0.877014 0.011724 0.013110
5 0.528326 0.800872 0.006807 0.020170
5 0.540806 0.800872 0.004538 0.010085
5 0.536268 0.819530 0.009833 0.012102
5 0.500908 0.761793 0.007186 0.009581
1 0.512442 0.764314 0.021178 0.033785
1 0.537592 0.806167 0.029877 0.087235
1 0.502988 0.818773 0.021935 0.027734
1 0.474246 0.823564 0.023448 0.042357
1 0.503933 0.849280 0.014749 0.013110
1 0.513577 0.876005 0.027229 0.027229
1 0.332237 0.976830 0.027608 0.046340
5 0.340746 0.957946 0.012102 0.012606
5 0.324484 0.985931 0.009076 0.024204
5 0.329022 0.952147 0.004538 0.011093
5 0.277021 0.982402 0.007186 0.025212
5 0.282505 0.994731 0.008320 0.010538
5 0.322593 0.382851 0.021935 0.066561
5 0.325997 0.267630 0.006051 0.021683
1 0.235988 0.965762 0.013615 0.015127
1 0.097194 0.159469 0.013615 0.020170
1 0.124991 0.187959 0.009455 0.015632
1 0.118561 0.108287 0.007942 0.011598
1 0.095681 0.070217 0.014371 0.014119
5 0.027040 0.368732 0.023826 0.056476