1 0.348068 0.509444 0.024272 0.039297
1 0.394445 0.562611 0.016470 0.067037
1 0.363238 0.567812 0.030340 0.040453
1 0.440388 0.545852 0.026872 0.061258
1 0.421750 0.600174 0.020804 0.047388
2 0.520138 0.611732 0.016470 0.052011
2 0.500200 0.620979 0.021671 0.058946
1 0.459458 0.634848 0.023405 0.082062
1 0.479829 0.626180 0.015603 0.094776
2 0.365405 0.497886 0.015603 0.039297
0 0.446456 0.503025 0.229716 0.216259
0 0.556112 0.339541 0.046810 0.062413
2 0.640630 0.369592 0.021671 0.046232
0 0.781611 0.687498 0.052011 0.084374
0 0.756473 0.564983 0.041609 0.068192
2 0.049815 0.279868 0.025659 0.040684
2 0.042187 0.333497 0.018724 0.044383
2 0.059177 0.343206 0.012483 0.032362
0 0.118123 0.272933 0.074896 0.065650
2 0.025890 0.218842 0.018031 0.040684
2 0.043920 0.220228 0.020804 0.026815
2 0.042534 0.248892 0.031900 0.036061
0 0.021613 0.198037 0.043226 0.028664
0 0.306499 0.325434 0.063916 0.083064
5 0.500000 0.500000 1.000000 1.000000