0 0.500000 0.500000 1.000000 1.000000
1 0.607556 0.725487 0.023826 0.029751
5 0.557257 0.593122 0.048786 0.031263
1 0.599425 0.330661 0.043113 0.075133
1 0.654640 0.392935 0.023448 0.034289
1 0.460253 0.297380 0.116481 0.081184
1 0.455903 0.095429 0.055593 0.062527
1 0.493344 0.139299 0.021557 0.023195
1 0.345851 0.152409 0.046517 0.081688
1 0.385561 0.160729 0.029120 0.034793
1 0.375728 0.422938 0.029877 0.030759
5 0.387641 0.467564 0.023448 0.046391
5 0.366652 0.472355 0.021557 0.041853
5 0.261705 0.570431 0.018909 0.055467
5 0.229937 0.586315 0.027229 0.046895
5 0.201384 0.503366 0.022313 0.042357
5 0.299713 0.401003 0.027608 0.079671
5 0.310869 0.452941 0.022691 0.047399
4 0.355684 0.340746 0.034415 0.038827
4 0.308222 0.319063 0.014371 0.030759
1 0.301036 0.292590 0.064292 0.072612
4 0.257545 0.326879 0.018153 0.017144
1 0.322215 0.086857 0.031768 0.045382
1 0.104947 0.018468 0.056350 0.036936
1 0.151274 0.054837 0.019666 0.024708
1 0.072044 0.059123 0.037440 0.024204