1 0.056149 0.303218 0.043934 0.117157
1 0.104307 0.331756 0.049003 0.138185
1 0.183726 0.213098 0.038864 0.075100
1 0.176122 0.319740 0.064211 0.090121
1 0.224280 0.246142 0.049003 0.129173
1 0.189640 0.460929 0.037175 0.096129
1 0.574906 0.481957 0.040554 0.138185
1 0.484503 0.557058 0.072660 0.162217
1 0.438880 0.533025 0.065901 0.168225
1 0.569836 0.270174 0.040554 0.147197
2 0.479434 0.356915 0.042244 0.153205
1 0.516609 0.298337 0.032105 0.138185
1 0.539421 0.398971 0.050693 0.105141
2 0.812317 0.878112 0.042244 0.150201
2 0.747261 0.884120 0.030416 0.168225
2 0.773065 0.866960 0.035485 0.266080
1 0.709879 0.174912 0.018587 0.099133
1 0.740873 0.193976 0.052902 0.132177
0 0.839829 0.036942 0.089939 0.073883
2 0.891993 0.086141 0.016789 0.050099
2 0.912380 0.086674 0.026382 0.074616
1 0.009857 0.365458 0.019714 0.087117
1 0.029430 0.377474 0.036330 0.051068
1 0.295990 0.354943 0.016898 0.087117
1 0.256703 0.333164 0.021122 0.094627
1 0.271066 0.338421 0.012673 0.081108
4 0.281204 0.323401 0.010983 0.144193
5 0.500000 0.500000 1.000000 1.000000