2 0.376570 0.362313 0.049848 0.100635
2 0.379105 0.485477 0.051538 0.142691
2 0.427685 0.449429 0.069280 0.070594
2 0.404029 0.574847 0.028726 0.105141
1 0.435712 0.569590 0.043089 0.175735
1 0.523157 0.689000 0.043934 0.105141
2 0.537520 0.508759 0.065901 0.147197
2 0.494008 0.502000 0.022812 0.160715
2 0.463170 0.464449 0.018587 0.166723
2 0.470774 0.570341 0.027036 0.117157
2 0.360182 0.098375 0.014870 0.055074
2 0.387443 0.096172 0.007435 0.044059
2 0.371334 0.087361 0.009913 0.037450
2 0.370715 0.119303 0.006196 0.033044
2 0.378150 0.112694 0.011152 0.057277
2 0.006055 0.745466 0.012110 0.129173
2 0.022248 0.733450 0.037175 0.111149
2 0.035344 0.097349 0.019432 0.094627
2 0.070407 0.101104 0.023657 0.069092
2 0.032387 0.022249 0.030416 0.037550
1 0.877339 0.033309 0.017634 0.050837
4 0.839926 0.029073 0.032409 0.044059
1 0.840165 0.069319 0.020494 0.026266
1 0.967893 0.023565 0.023353 0.034739
4 0.970991 0.083299 0.012392 0.033891
4 0.981476 0.090077 0.018111 0.050837
4 0.986210 0.046866 0.027579 0.061005
0 0.825201 0.329216 0.056924 0.108426
5 0.526755 0.500000 0.946490 1.000000
0 0.897544 0.697871 0.130112 0.222297