4 0.901816 0.390720 0.008759 0.013803
4 0.885292 0.406381 0.005176 0.017519
4 0.892658 0.411690 0.009556 0.019642
4 0.891862 0.441418 0.006370 0.021766
4 0.878325 0.436375 0.015926 0.020173
1 0.887681 0.428147 0.013139 0.013272
4 0.677258 0.614217 0.008759 0.023358
4 0.420648 0.483888 0.010750 0.028136
4 0.414875 0.475660 0.007963 0.022297
5 0.407509 0.489197 0.019509 0.035568
5 0.390588 0.472474 0.013537 0.047778
3 0.429607 0.493975 0.007167 0.027074
1 0.427417 0.451770 0.015528 0.014864
1 0.415273 0.467166 0.027871 0.013803
1 0.474399 0.302596 0.002787 0.007432
1 0.490325 0.283485 0.005176 0.007432
1 0.454690 0.292775 0.003185 0.006901
4 0.481366 0.312152 0.012741 0.037161
4 0.485945 0.336837 0.009954 0.015395
4 0.198081 0.756490 0.011546 0.019111
4 0.201266 0.736848 0.013139 0.024420
4 0.204849 0.726761 0.012343 0.024420
1 0.208632 0.706854 0.020704 0.015395
1 0.177974 0.716144 0.016722 0.036099
1 0.195493 0.746138 0.013537 0.012210
4 0.173993 0.711366 0.007963 0.005309
5 0.208035 0.266231 0.015528 0.006901
5 0.208035 0.281096 0.009158 0.020704
0 0.501553 0.497930 0.996894 0.991718