2 0.065940 0.410319 0.017728 0.025944
2 0.054482 0.399653 0.010377 0.020755
2 0.081290 0.379186 0.018161 0.029403
2 0.067454 0.378322 0.012972 0.021908
2 0.070697 0.351801 0.019458 0.023061
2 0.054266 0.341712 0.015999 0.027097
2 0.095127 0.298473 0.014701 0.019025
2 0.074804 0.260134 0.013837 0.021908
2 0.131664 0.293860 0.010810 0.013260
2 0.146150 0.259269 0.014701 0.021331
2 0.116314 0.262440 0.019025 0.016143
2 0.134475 0.404265 0.020755 0.023061
2 0.085398 0.358720 0.013404 0.014990
2 0.088641 0.789289 0.008648 0.021331
2 0.142690 0.937168 0.012972 0.021908
2 0.775933 0.139543 0.021187 0.024791
2 0.770960 0.117924 0.012107 0.018449
2 0.493579 0.054121 0.013404 0.020755
2 0.338998 0.426654 0.009513 0.010954
2 0.321270 0.414258 0.006918 0.009224
2 0.339646 0.405611 0.005621 0.010377
2 0.329701 0.420024 0.008216 0.009224
2 0.311108 0.377073 0.009080 0.008648
2 0.316729 0.368136 0.010810 0.016143
2 0.441867 0.620882 0.018686 0.052869
2 0.452577 0.561936 0.018231 0.030992
2 0.489950 0.582294 0.009115 0.030385
2 0.522993 0.610248 0.016863 0.034031
2 0.577686 0.572267 0.015040 0.023700
0 0.453717 0.661901 0.046033 0.060769
0 0.547833 0.651267 0.037373 0.024915
0 0.565000 0.591916 0.035550 0.057731
0 0.567051 0.544516 0.057883 0.037069
0 0.585965 0.493166 0.023700 0.042538
0 0.549732 0.488912 0.031448 0.041323
2 0.657293 0.609843 0.015952 0.038892
2 0.648406 0.594043 0.015496 0.032815
2 0.643392 0.528716 0.017319 0.038284
2 0.658432 0.509878 0.015496 0.024915
2 0.634960 0.469162 0.015952 0.023700
2 0.660256 0.469770 0.016408 0.029777
2 0.670738 0.449108 0.017319 0.030992
2 0.686690 0.444247 0.007292 0.020054
2 0.698996 0.440905 0.014585 0.023092
2 0.545170 0.267379 0.015900 0.016703
5 0.500562 0.506605 0.983137 0.986790