5 0.844244 0.503546 0.016367 0.050191
5 0.888230 0.508456 0.010229 0.050191
5 0.894776 0.447354 0.015957 0.029460
3 0.904187 0.520185 0.019231 0.037643
5 0.614089 0.508729 0.023322 0.074741
5 0.644367 0.518549 0.015139 0.059465
5 0.661552 0.511729 0.020049 0.068740
5 0.549032 0.421440 0.015957 0.032188
5 0.723950 0.298145 0.014730 0.032188
5 0.723131 0.330606 0.020458 0.033824
5 0.736839 0.335516 0.017594 0.052373
5 0.480496 0.450082 0.018003 0.060011
5 0.497477 0.464812 0.015957 0.063284
5 0.509343 0.467812 0.013502 0.055101
5 0.477428 0.509002 0.007774 0.030551
5 0.468835 0.528096 0.006956 0.022913
5 0.461879 0.528914 0.012684 0.027823
3 0.445308 0.534370 0.006547 0.019094
5 0.237657 0.528096 0.010229 0.031642
5 0.046167 0.208674 0.023322 0.042008
0 0.461702 0.496809 0.915957 0.993617