5 0.926896 0.064375 0.017185 0.029460
5 0.931397 0.084288 0.020458 0.028914
5 0.916667 0.080742 0.011457 0.026187
1 0.764457 0.749318 0.033552 0.031097
1 0.576037 0.033552 0.021686 0.038734
4 0.421372 0.042008 0.010229 0.015276
4 0.427305 0.049645 0.006547 0.014184
4 0.421986 0.054828 0.009002 0.012548
4 0.410325 0.322422 0.006137 0.021822
3 0.415235 0.318603 0.006137 0.018549
3 0.467403 0.484724 0.011457 0.024550
4 0.477223 0.491271 0.013912 0.035461
4 0.461470 0.482270 0.012684 0.010911
4 0.465153 0.472722 0.017594 0.015821
1 0.447354 0.561920 0.034370 0.045827
5 0.359997 0.497545 0.011866 0.030551
1 0.347518 0.024004 0.019640 0.029460
4 0.283893 0.312330 0.006956 0.014730
4 0.194899 0.309602 0.004910 0.010366
4 0.189989 0.308511 0.004092 0.008183
4 0.186102 0.308511 0.002864 0.009274
4 0.182420 0.311784 0.004501 0.007092
4 0.187330 0.316694 0.004501 0.009274
1 0.189580 0.927441 0.043372 0.044735
5 0.055578 0.149209 0.011866 0.019094
5 0.070104 0.080196 0.011457 0.021822
5 0.080537 0.066558 0.012684 0.024004
5 0.073172 0.193126 0.015957 0.019640
0 0.500000 0.498936 0.995745 0.989362