5 0.912336 0.051220 0.011175 0.027938
5 0.863910 0.082883 0.013969 0.034147
5 0.879276 0.052772 0.006519 0.032284
5 0.889986 0.044080 0.011175 0.029801
5 0.904653 0.039734 0.008847 0.022351
1 0.953545 0.157385 0.021885 0.055255
5 0.921649 0.442665 0.013038 0.023592
5 0.931195 0.447631 0.009778 0.024834
5 0.965652 0.461911 0.010710 0.021109
5 0.944232 0.452909 0.007916 0.026696
5 0.951915 0.449804 0.010244 0.026696
1 0.632955 0.558142 0.027007 0.039734
1 0.598963 0.558763 0.013969 0.034767
1 0.672766 0.394859 0.027473 0.037251
1 0.676259 0.460048 0.028869 0.043459
5 0.626901 0.217297 0.016763 0.040976
5 0.675560 0.250202 0.012572 0.033526
5 0.639474 0.251133 0.008381 0.042839
5 0.651580 0.248960 0.014900 0.033526
5 0.659263 0.248029 0.011641 0.054014
5 0.539362 0.352331 0.013969 0.035388
5 0.550304 0.350779 0.013503 0.029801
5 0.451357 0.524927 0.021419 0.055255
5 0.454616 0.529583 0.031663 0.086919
5 0.475570 0.506302 0.018625 0.049047
5 0.484417 0.545105 0.016763 0.074502
5 0.500248 0.528963 0.019557 0.074502
5 0.517477 0.505991 0.027938 0.065810
5 0.506767 0.471224 0.027938 0.068293
1 0.358229 0.537344 0.029801 0.022971
1 0.369172 0.591979 0.025610 0.027938
1 0.390591 0.507854 0.048892 0.043459
1 0.393850 0.545725 0.025610 0.019867
1 0.116331 0.594462 0.018160 0.036630
1 0.099336 0.600360 0.015832 0.044701
1 0.076054 0.588564 0.013969 0.053393
1 0.082806 0.595083 0.011641 0.025455
1 0.028792 0.342708 0.041442 0.037251
0 0.498789 0.335351 0.997578 0.670702