0 0.500000 0.500000 1.000000 1.000000
5 0.612473 0.615057 0.020044 0.050929
5 0.575599 0.750700 0.015127 0.038827
5 0.565956 0.725235 0.010211 0.022187
1 0.565010 0.684391 0.044626 0.050425
1 0.597156 0.721705 0.019666 0.018153
1 0.579381 0.728261 0.007564 0.016136
1 0.972355 0.351335 0.055290 0.054963
1 0.745027 0.085848 0.027986 0.054459
1 0.720634 0.104253 0.020044 0.022691
1 0.621927 0.083075 0.031389 0.032776
1 0.633462 0.023321 0.028742 0.042357
1 0.607178 0.038197 0.019287 0.031768
1 0.595454 0.064418 0.021557 0.022691
1 0.555556 0.117112 0.013615 0.015127
1 0.545155 0.132491 0.013237 0.013615
1 0.519628 0.162746 0.041600 0.034793
1 0.491453 0.198044 0.018531 0.017649
5 0.756751 0.037693 0.027229 0.038827
5 0.572952 0.371757 0.055215 0.086731
5 0.575410 0.277210 0.045004 0.094294
5 0.538537 0.305196 0.031768 0.132113
5 0.510740 0.285278 0.039710 0.104379
1 0.392179 0.261579 0.017397 0.035802
1 0.420543 0.244182 0.021178 0.033280
1 0.400121 0.231576 0.019666 0.020170
1 0.385939 0.330157 0.057106 0.062023
1 0.351713 0.391675 0.027229 0.039836
1 0.311436 0.492525 0.023826 0.037819
1 0.315975 0.453445 0.016262 0.022187
1 0.309924 0.381338 0.016262 0.019161
1 0.283261 0.429493 0.031011 0.049921
1 0.306142 0.656405 0.036684 0.026725
4 0.466115 0.618587 0.012480 0.033785