2 0.535106 0.411835 0.034519 0.100313
2 0.491293 0.332337 0.046026 0.105891
2 0.483327 0.405935 0.030094 0.081430
2 0.507667 0.411835 0.009736 0.074349
2 0.405437 0.526310 0.030094 0.088511
2 0.339496 0.489135 0.029209 0.080250
2 0.310287 0.474383 0.032749 0.076710
2 0.371360 0.430128 0.034519 0.101493
2 0.320466 0.415966 0.033634 0.049566
2 0.406322 0.579417 0.038945 0.081430
2 0.366049 0.577056 0.036290 0.102673
2 0.686903 0.704992 0.030094 0.068449
2 0.709915 0.747477 0.044256 0.047206
2 0.727175 0.699681 0.015047 0.060188
2 0.709473 0.691420 0.016817 0.097952
0 0.650613 0.062843 0.037175 0.060188
0 0.251185 0.167286 0.240149 0.214126
0 0.072746 0.405204 0.069145 0.071375
2 0.215869 0.401239 0.017844 0.065428
2 0.237059 0.392317 0.024535 0.081289
2 0.205460 0.362082 0.020818 0.042627
2 0.909232 0.727940 0.033457 0.076828
2 0.881351 0.731038 0.020446 0.063197
2 0.865551 0.720505 0.024164 0.094176
2 0.848823 0.672178 0.024164 0.069393
0 0.898544 0.669700 0.071561 0.057001
0 0.836741 0.630047 0.037175 0.054523
4 0.803284 0.646156 0.037175 0.047088
2 0.955343 0.532083 0.031456 0.045754
2 0.926747 0.546858 0.022877 0.037175
2 0.965351 0.401495 0.035745 0.062911
2 0.937470 0.354788 0.024307 0.051473
2 0.972858 0.324762 0.047898 0.054332
2 0.850062 0.957249 0.055762 0.081784
2 0.920694 0.973048 0.040892 0.053903
2 0.890025 0.945787 0.024164 0.108426
2 0.969950 0.880421 0.053903 0.081784
2 0.509913 0.765180 0.003717 0.000000
5 0.499380 0.499071 0.998760 0.998141