0 0.500000 0.500000 1.000000 1.000000
5 0.570116 0.530847 0.015506 0.042861
1 0.165646 0.297128 0.052946 0.057484
4 0.142765 0.330409 0.010211 0.008068
1 0.163187 0.387893 0.051055 0.054459
4 0.156002 0.336460 0.006429 0.015127
1 0.165456 0.353100 0.005673 0.007059
5 0.212730 0.183672 0.012480 0.023195
5 0.219159 0.151905 0.013237 0.025212
1 0.348310 0.125684 0.031768 0.043365
1 0.319946 0.093664 0.018909 0.024708
1 0.281181 0.159721 0.033659 0.067065
1 0.250170 0.115851 0.038197 0.042861
1 0.209893 0.116607 0.031011 0.030255
1 0.186068 0.065930 0.034793 0.044878
1 0.206490 0.091143 0.018909 0.024708
1 0.161675 0.102993 0.021557 0.023195
1 0.125558 0.091143 0.019666 0.023700
1 0.007564 0.258301 0.012858 0.018153
4 0.016640 0.284018 0.017397 0.029246
5 0.111187 0.926178 0.015127 0.033785