0 0.534661 0.322763 0.930678 0.645526
3 0.555556 0.545975 0.018153 0.064040
5 0.537781 0.529335 0.015884 0.043870
5 0.599992 0.481179 0.014749 0.036306
1 0.359088 0.135517 0.019287 0.021683
1 0.382724 0.114086 0.021935 0.016136
5 0.606800 0.512190 0.009455 0.009581
5 0.591483 0.510425 0.005295 0.011093
5 0.597156 0.510425 0.006051 0.014119
5 0.790976 0.069208 0.006429 0.021178
1 0.804591 0.078032 0.010211 0.013615
1 0.931284 0.199052 0.013237 0.019666
1 0.917102 0.363689 0.017397 0.023195
1 0.954353 0.376043 0.030633 0.038827
1 0.984041 0.482187 0.009833 0.012102
5 0.994289 0.526057 0.011421 0.056476