2 0.045914 0.342480 0.052184 0.170442
2 0.083536 0.334929 0.037621 0.168285
2 0.046521 0.202243 0.058252 0.135922
4 0.172735 0.258338 0.033981 0.097087
0 0.124595 0.155857 0.249190 0.146710
2 0.401497 0.440646 0.074029 0.168285
1 0.386327 0.458985 0.029126 0.110032
0 0.277710 0.758450 0.134709 0.245955
4 0.743586 0.482880 0.028823 0.075512
2 0.767099 0.475464 0.033374 0.101133
2 0.783407 0.519962 0.015928 0.076861
2 0.794405 0.507152 0.030340 0.102481
2 0.906662 0.340621 0.045510 0.103830
2 0.974168 0.364218 0.022755 0.107875
2 0.955585 0.387142 0.018962 0.148328
2 0.941174 0.389838 0.025030 0.078209
2 0.925338 0.552455 0.023027 0.059746
2 0.882396 0.549689 0.023027 0.063065
2 0.907601 0.575690 0.008713 0.081874
2 0.897332 0.570158 0.016804 0.108428
2 0.837275 0.873925 0.022405 0.044256
2 0.810514 0.930905 0.017426 0.063065
2 0.790909 0.971261 0.008091 0.057478
2 0.779707 0.974055 0.014314 0.043150
2 0.800867 0.892180 0.026761 0.069704
2 0.959568 0.044671 0.024272 0.069704
2 0.938719 0.066246 0.021160 0.070810
2 0.911335 0.033054 0.032362 0.061959
4 0.879906 0.216718 0.020538 0.056427
4 0.831985 0.178547 0.030495 0.059746
0 0.914758 0.225569 0.050411 0.096258
5 0.505259 0.500000 0.989482 1.000000