1 0.071104 0.165516 0.053107 0.060188
2 0.075972 0.249897 0.034519 0.080250
2 0.084381 0.295923 0.028324 0.068449
2 0.104738 0.277630 0.028324 0.076710
2 0.126424 0.269959 0.029209 0.108574
2 0.147224 0.264649 0.038945 0.093232
2 0.164483 0.281761 0.029209 0.066088
2 0.184841 0.293562 0.041600 0.080250
2 0.092789 0.377697 0.025668 0.060188
2 0.125538 0.347603 0.029209 0.061368
2 0.138373 0.376050 0.021243 0.075284
2 0.151649 0.388564 0.023013 0.060188
2 0.187496 0.355520 0.025668 0.043666
2 0.171564 0.399186 0.020358 0.043666
2 0.181743 0.340768 0.070809 0.056647
4 0.117572 0.445212 0.034519 0.057827
0 0.038355 0.352570 0.076120 0.127456
1 0.033929 0.378533 0.021243 0.028324
2 0.413672 0.573076 0.030979 0.052871
2 0.429781 0.610251 0.030979 0.054523
2 0.432879 0.489639 0.029740 0.064436
2 0.464426 0.473010 0.032528 0.070219
2 0.443515 0.527739 0.018587 0.039240
2 0.462877 0.537033 0.017038 0.074349
2 0.485337 0.539152 0.021685 0.057720
0 0.446613 0.494802 0.185874 0.324246
1 0.505731 0.538311 0.032528 0.042131
2 0.620508 0.453428 0.020446 0.053284
2 0.661865 0.517865 0.017658 0.048327
1 0.681382 0.525919 0.034387 0.052045
1 0.689746 0.411917 0.060409 0.064436
1 0.892074 0.602461 0.030741 0.076335
1 0.926389 0.619658 0.027881 0.049566
1 0.925674 0.555317 0.009294 0.044800
0 0.858117 0.603930 0.225908 0.271661
2 0.531170 0.153227 0.025736 0.061005
2 0.549042 0.137499 0.027166 0.042894
2 0.543323 0.071728 0.020017 0.060051
2 0.598370 0.070298 0.028596 0.070537
2 0.576208 0.054571 0.027166 0.071490
5 0.500000 0.497831 1.000000 0.995662