2 0.184416 0.917566 0.030700 0.079561
2 0.203442 0.904594 0.023782 0.061688
2 0.323648 0.671582 0.031565 0.041510
2 0.566365 0.538212 0.019458 0.065724
2 0.589715 0.504197 0.037618 0.031132
2 0.585175 0.550895 0.019890 0.057653
2 0.583445 0.590099 0.013837 0.041510
2 0.601822 0.618925 0.023782 0.057653
2 0.605713 0.552625 0.018593 0.095703
2 0.624306 0.545130 0.028970 0.068030
2 0.635549 0.528411 0.035024 0.069183
2 0.660195 0.527546 0.035889 0.107810
2 0.736153 0.681190 0.028106 0.070336
2 0.729883 0.746914 0.033727 0.049581
2 0.767285 0.710017 0.034159 0.102622
2 0.873222 0.693297 0.018593 0.062265
2 0.895058 0.710017 0.023349 0.059959
2 0.988823 0.565693 0.022354 0.116458
5 0.503654 0.506605 0.992692 0.986790