0 0.500000 0.500000 1.000000 1.000000
4 0.429052 0.595643 0.018531 0.044374
4 0.413547 0.589088 0.013993 0.021178
4 0.407307 0.595391 0.018909 0.026725
4 0.370812 0.527066 0.029877 0.026221
5 0.364193 0.541437 0.021178 0.036810
5 0.400688 0.559085 0.032902 0.037819
1 0.347364 0.509165 0.018531 0.038827
1 0.344149 0.469833 0.026473 0.039836
1 0.939415 0.467564 0.015884 0.016136
1 0.969291 0.458236 0.015127 0.018657
1 0.943196 0.509165 0.012858 0.024708
1 0.966644 0.501853 0.018153 0.022187
5 0.965888 0.528074 0.031011 0.037314
5 0.913698 0.528830 0.012102 0.021683
4 0.959648 0.625142 0.015506 0.025717
4 0.864345 0.582785 0.013993 0.013615
4 0.930149 0.274689 0.020800 0.024708
1 0.977422 0.271160 0.018531 0.038827
1 0.959837 0.255276 0.011346 0.012102
1 0.995197 0.218718 0.008698 0.015632
1 0.857348 0.017523 0.010589 0.015632
1 0.855457 0.048534 0.007564 0.010085
3 0.673550 0.636740 0.015127 0.029751
5 0.607745 0.101732 0.019666 0.057989
5 0.705317 0.090639 0.018909 0.035802
5 0.407496 0.183168 0.007186 0.028238
1 0.430565 0.186698 0.049542 0.054459
1 0.445314 0.224012 0.093412 0.070595
1 0.417139 0.293851 0.039331 0.056980
4 0.378943 0.215440 0.011346 0.025212
1 0.470842 0.421930 0.021178 0.043870
1 0.502231 0.404785 0.010589 0.019666
1 0.516224 0.420921 0.007564 0.014623
4 0.331480 0.825328 0.007942 0.025717
4 0.355684 0.785997 0.011724 0.016640
4 0.315218 0.308222 0.013237 0.031263
4 0.311625 0.273933 0.015127 0.020170
4 0.266999 0.334947 0.015884 0.022187
4 0.217268 0.311247 0.009455 0.030255
4 0.235610 0.365202 0.016640 0.021178
5 0.254519 0.335199 0.017397 0.028742
5 0.204788 0.306457 0.016262 0.027734
5 0.214999 0.343015 0.023826 0.022187
5 0.324484 0.210398 0.011346 0.019161