0 0.500000 0.500000 1.000000 1.000000
1 0.495613 0.443865 0.013237 0.069586
1 0.513010 0.426468 0.009455 0.013615
1 0.500908 0.398482 0.010967 0.017144
1 0.459874 0.378060 0.012858 0.028742
1 0.449096 0.503618 0.014749 0.019666
1 0.382157 0.420165 0.050299 0.037314
5 0.516981 0.491012 0.033280 0.075133
5 0.481053 0.490760 0.027229 0.065552
5 0.439074 0.415879 0.021178 0.054963
5 0.460064 0.413358 0.017775 0.039836
5 0.406550 0.439074 0.015127 0.029751
5 0.354171 0.440083 0.023826 0.032776
5 0.358142 0.462017 0.017397 0.024204
4 0.389532 0.438318 0.015127 0.027229
3 0.654829 0.495802 0.010211 0.026221
3 0.710990 0.064166 0.012102 0.016136
3 0.703805 0.067191 0.008320 0.021178
1 0.747107 0.982654 0.013237 0.014623
3 0.549315 0.330661 0.013993 0.019666
3 0.577301 0.302171 0.008698 0.012102
3 0.577869 0.315533 0.012102 0.022691
3 0.501664 0.375791 0.007186 0.011093
3 0.483322 0.361420 0.007564 0.012606
5 0.492020 0.376547 0.010589 0.012606
3 0.583541 0.279732 0.009076 0.018657
1 0.446449 0.354613 0.015506 0.011093
1 0.501475 0.340998 0.012102 0.010085
1 0.481620 0.349318 0.020800 0.018657
1 0.589025 0.142576 0.024582 0.044878
1 0.588647 0.191488 0.018531 0.030759
1 0.581839 0.262839 0.017775 0.025212
5 0.587323 0.215692 0.008320 0.019666
1 0.557825 0.269647 0.012858 0.015632
1 0.552341 0.288808 0.007942 0.013615
1 0.487482 0.329400 0.017397 0.016136
1 0.285720 0.410332 0.038197 0.039836
3 0.249603 0.426216 0.009076 0.018153
3 0.278534 0.389658 0.011724 0.010589
5 0.232585 0.424199 0.012858 0.028238
1 0.309356 0.646824 0.022691 0.027734
5 0.184744 0.933742 0.007186 0.016640
5 0.177180 0.936515 0.012480 0.015127
5 0.171697 0.928951 0.007564 0.023195
5 0.384994 0.901722 0.011346 0.028238
5 0.077150 0.674558 0.012858 0.030759
5 0.067506 0.653128 0.017018 0.025212
5 0.193820 0.481431 0.010211 0.019666
5 0.186257 0.473615 0.013993 0.015127
5 0.169238 0.454958 0.015506 0.042357
5 0.130474 0.416383 0.011346 0.032776
5 0.122721 0.417896 0.017018 0.027734
1 0.149762 0.392179 0.039331 0.028742
1 0.179071 0.433780 0.020044 0.023195
1 0.138038 0.364193 0.020422 0.024204
1 0.092845 0.340998 0.018531 0.020170
4 0.123667 0.334695 0.007564 0.015632
5 0.128962 0.338729 0.015127 0.011598
5 0.146736 0.341250 0.015884 0.032776
5 0.162053 0.351083 0.011724 0.030255
4 0.004727 0.816504 0.007942 0.018153
5 0.249603 0.293851 0.008320 0.018657
5 0.239959 0.347301 0.007186 0.015632
5 0.183988 0.725991 0.007942 0.018657
5 0.174911 0.731034 0.011724 0.014623