0 0.500000 0.500567 1.000000 0.998865
1 0.991264 0.319567 0.017472 0.039836
1 0.918047 0.328896 0.007186 0.009076
1 0.910672 0.398986 0.040844 0.039331
1 0.825959 0.427476 0.011346 0.023700
1 0.809319 0.439578 0.012858 0.024708
5 0.988617 0.375791 0.022766 0.056476
5 0.977422 0.375791 0.027608 0.055467
5 0.937902 0.364698 0.028742 0.042357
5 0.944520 0.392683 0.017775 0.017649
5 0.962484 0.396969 0.015127 0.014119
5 0.852810 0.085848 0.008320 0.024204
5 0.844490 0.082066 0.009076 0.022691
5 0.836737 0.089630 0.007186 0.019666
5 0.853377 0.007375 0.012480 0.014749
5 0.839952 0.008194 0.015127 0.015127
5 0.828228 0.013741 0.011346 0.019161
5 0.815559 0.023321 0.008698 0.013110
5 0.856403 0.021052 0.010967 0.012606
5 0.855835 0.033154 0.017397 0.021683
5 0.835792 0.039710 0.010589 0.021683
5 0.831064 0.054837 0.011724 0.034793
5 0.799107 0.355369 0.006807 0.020674
5 0.788329 0.342763 0.007942 0.016640
5 0.887792 0.432771 0.012480 0.023195
5 0.866236 0.419156 0.009455 0.013110
1 0.906512 0.286791 0.015127 0.026725
3 0.838250 0.751456 0.035171 0.075637
3 0.801377 0.792048 0.019666 0.061014
5 0.863210 0.738598 0.025338 0.062023
5 0.814991 0.689181 0.015127 0.039836
5 0.819151 0.645564 0.024960 0.053450
5 0.801377 0.680609 0.015127 0.045887
5 0.779631 0.759020 0.014749 0.046391
5 0.766394 0.687669 0.015506 0.016640
5 0.788329 0.661196 0.010967 0.028238
5 0.750321 0.665734 0.015127 0.025212
5 0.757885 0.540680 0.012858 0.019161
5 0.597156 0.224264 0.013615 0.041853
5 0.588836 0.243678 0.012102 0.031263
5 0.604720 0.249729 0.017397 0.021178
5 0.606800 0.213171 0.007942 0.011598
5 0.579949 0.202330 0.013237 0.009076
5 0.573519 0.228551 0.014749 0.035297
1 0.564065 0.189723 0.006429 0.010085
5 0.618334 0.116860 0.010589 0.012606
5 0.651237 0.349318 0.008320 0.020674
5 0.642160 0.328896 0.008320 0.015127
1 0.743892 0.362681 0.012858 0.018153
1 0.680924 0.339737 0.010967 0.017649
1 0.748241 0.320576 0.019287 0.023700
3 0.602262 0.517485 0.012480 0.027229
3 0.581461 0.493281 0.009455 0.014119
1 0.606233 0.473363 0.011346 0.016640
3 0.610393 0.550009 0.009076 0.015632
3 0.575789 0.567405 0.007186 0.016136
3 0.587701 0.581272 0.010589 0.022691
3 0.567279 0.547488 0.015127 0.010589
3 0.502609 0.468068 0.014371 0.017144
5 0.545912 0.441091 0.007186 0.009581
5 0.536457 0.455210 0.007942 0.008572
5 0.498071 0.478658 0.015884 0.023195
5 0.460820 0.529839 0.015506 0.027734
5 0.454580 0.535133 0.019666 0.032272
5 0.475191 0.518241 0.013993 0.029751
5 0.440020 0.529587 0.022313 0.036306
5 0.424514 0.541184 0.020800 0.055467
5 0.417896 0.522527 0.014371 0.035297
5 0.400310 0.527570 0.012480 0.027229
5 0.412979 0.481935 0.017397 0.018657
1 0.431700 0.443108 0.020044 0.048912
1 0.403336 0.480423 0.006429 0.012606
1 0.415627 0.481179 0.006051 0.010085
1 0.402579 0.506139 0.026095 0.015632
1 0.481809 0.474876 0.011346 0.019666
1 0.439831 0.476389 0.010589 0.009581
1 0.369299 0.634975 0.038197 0.057484
5 0.397474 0.639765 0.017397 0.046895
3 0.452311 0.796082 0.009076 0.031768
3 0.467060 0.808940 0.012102 0.029246
1 0.456660 0.770365 0.026851 0.043870
5 0.421867 0.720949 0.011724 0.018657
3 0.379321 0.967779 0.009076 0.019161
1 0.375917 0.985654 0.031011 0.028692
3 0.349633 0.917858 0.007186 0.019161
5 0.395205 0.435797 0.017397 0.018153
5 0.377619 0.429746 0.010211 0.022187
1 0.376673 0.416383 0.017397 0.018657
5 0.302171 0.360916 0.006807 0.020674
1 0.183799 0.867937 0.006051 0.011093
1 0.190228 0.840960 0.009076 0.013615
1 0.194955 0.824572 0.007942 0.009076
1 0.206868 0.767592 0.009833 0.010085
1 0.194577 0.802637 0.009455 0.013615
1 0.196090 0.586819 0.011724 0.014623
1 0.204410 0.550513 0.010211 0.012606
1 0.205544 0.598921 0.010211 0.024708
5 0.197791 0.597408 0.015884 0.014623
5 0.222184 0.628167 0.028364 0.046895
5 0.202141 0.625898 0.018531 0.034289
5 0.187202 0.536394 0.023448 0.028742
1 0.203275 0.547992 0.008698 0.010589
1 0.214621 0.579759 0.009455 0.013615
1 0.144467 0.477901 0.012102 0.030759
5 0.147493 0.517485 0.021935 0.027229
5 0.144089 0.451680 0.015884 0.031768
5 0.128583 0.453193 0.017397 0.033785
5 0.120641 0.467060 0.025717 0.048408
5 0.099274 0.442856 0.010967 0.023195
5 0.093601 0.458236 0.017775 0.050929
5 0.074503 0.446134 0.023448 0.040844
5 0.113078 0.422434 0.027229 0.016640
1 0.088685 0.413610 0.010211 0.012102