3 0.337026 0.334549 0.083503 0.118852
2 0.378600 0.395959 0.061502 0.080680
2 0.325530 0.425718 0.050590 0.084648
2 0.379715 0.935150 0.035889 0.043240
2 0.350961 0.916990 0.034592 0.043816
2 0.253888 0.945528 0.031565 0.068607
2 0.210000 0.929385 0.032862 0.053617
2 0.249996 0.863373 0.021187 0.040357
2 0.229890 0.844924 0.038051 0.047275
2 0.400254 0.848960 0.031997 0.050734
2 0.373013 0.861355 0.023349 0.053617
2 0.339718 0.839447 0.025944 0.060535
2 0.305343 0.854725 0.022917 0.047275
2 0.282426 0.840023 0.016863 0.053617
4 0.371788 0.761904 0.029835 0.046122
2 0.402488 0.728466 0.044537 0.035745
2 0.361410 0.656688 0.052320 0.072066
2 0.407028 0.775452 0.032862 0.046699
2 0.437296 0.750662 0.031997 0.099739
2 0.456105 0.797360 0.041078 0.060535
2 0.484427 0.783812 0.034592 0.054194
2 0.493939 0.714629 0.031132 0.072642
2 0.524856 0.720971 0.024647 0.053040
2 0.537611 0.688397 0.019890 0.062841
5 0.503092 0.512366 0.981450 0.971332