2 0.515444 0.669704 0.036142 0.099133
2 0.540233 0.677743 0.011348 0.094070
2 0.554179 0.679586 0.018587 0.078480
2 0.588772 0.660310 0.029946 0.083987
2 0.606327 0.677521 0.032012 0.099133
2 0.636273 0.665818 0.042338 0.095002
2 0.409610 0.596000 0.041305 0.079857
0 0.479313 0.576180 0.067121 0.122826
2 0.377599 0.560030 0.041305 0.055074
2 0.272787 0.647460 0.029946 0.039928
0 0.301184 0.679816 0.165221 0.349718
0 0.286211 0.203973 0.110492 0.245078
4 0.943110 0.901447 0.024307 0.041941
1 0.970514 0.915745 0.020970 0.036222
2 0.987640 0.885243 0.024720 0.038763
2 0.910701 0.320122 0.016681 0.059734
2 0.936199 0.311543 0.024783 0.051473
2 0.846599 0.377632 0.030502 0.061640
2 0.889016 0.363652 0.020970 0.037492
2 0.905459 0.370324 0.022400 0.035586
2 0.219021 0.232342 0.336431 0.346964
2 0.737299 0.496592 0.525402 0.993184
5 0.346344 0.496592 0.691450 0.993184