1 0.733361 0.079378 0.054010 0.061648
1 0.780619 0.147027 0.046236 0.045281
1 0.493181 0.724768 0.075286 0.073650
1 0.529392 0.646754 0.082242 0.081288
1 0.484384 0.373432 0.043781 0.134752
5 0.488475 0.357338 0.016776 0.026187
3 0.425873 0.415712 0.024141 0.089471
3 0.456765 0.436170 0.031915 0.097654
1 0.486225 0.217949 0.071195 0.081288
1 0.564375 0.145936 0.037643 0.131478
1 0.419940 0.052373 0.109656 0.092744
1 0.378205 0.575832 0.036825 0.063830
1 0.425873 0.633388 0.031506 0.066558
1 0.322559 0.902073 0.066285 0.064921
1 0.296372 0.813966 0.035188 0.066558
1 0.418917 0.787234 0.043781 0.057829
1 0.156642 0.162848 0.039689 0.057283
1 0.108361 0.155756 0.049509 0.037643
0 0.498138 0.498936 0.996276 0.997872