1 0.427098 0.383579 0.055762 0.165221
1 0.387237 0.552871 0.037175 0.218092
1 0.457869 0.569393 0.070632 0.211483
1 0.437423 0.604089 0.055762 0.287485
2 0.356567 0.541305 0.057621 0.122264
2 0.036290 0.835369 0.021243 0.091580
2 0.083024 0.857556 0.025491 0.083083
1 0.051425 0.850003 0.021774 0.132177
1 0.075589 0.878799 0.016994 0.118015
2 0.219508 0.032248 0.026553 0.064495
4 0.247654 0.030359 0.025491 0.060718
2 0.275801 0.047826 0.036113 0.095651
2 0.294672 0.100867 0.032714 0.111029
5 0.500000 0.500000 1.000000 1.000000