1 0.216558 0.737145 0.033294 0.052272
2 0.250501 0.646439 0.035456 0.079945
1 0.193425 0.607619 0.031997 0.048428
1 0.208559 0.558807 0.046699 0.061496
1 0.305487 0.488470 0.035024 0.088401
2 0.338349 0.495773 0.032430 0.083020
1 0.363860 0.554963 0.028970 0.072258
2 0.426774 0.557269 0.024214 0.058421
1 0.403641 0.488855 0.035024 0.038435
2 0.383967 0.533439 0.022485 0.069183
2 0.407749 0.556500 0.017296 0.064571
2 0.283219 0.381749 0.032862 0.053809
2 0.527522 0.054666 0.023349 0.080714
2 0.573068 0.345235 0.019890 0.091476
2 0.604632 0.279511 0.022485 0.083020
2 0.629279 0.304494 0.023349 0.119149
2 0.789697 0.864878 0.022485 0.069952
0 0.683202 0.600100 0.159734 0.339766
0 0.300848 0.873709 0.250843 0.238586
0 0.370714 0.167229 0.123103 0.128911
5 0.502811 0.503420 0.994378 0.993160