1 0.460064 0.385372 0.034415 0.045382
1 0.504311 0.383859 0.051055 0.069586
1 0.383481 0.525553 0.031768 0.060510
1 0.402957 0.561354 0.022313 0.029246
1 0.475191 0.539672 0.026095 0.042357
1 0.447394 0.520006 0.009076 0.024204
1 0.462144 0.633714 0.031011 0.042861
1 0.438885 0.679853 0.033659 0.046391
1 0.380266 0.611527 0.052568 0.034793
5 0.573898 0.535386 0.017775 0.041853
5 0.559527 0.547740 0.012480 0.041348
5 0.545345 0.550513 0.014371 0.038827
5 0.530595 0.422938 0.009833 0.032776
5 0.548937 0.416635 0.016262 0.056476
5 0.567468 0.385120 0.013993 0.038827
5 0.567279 0.412097 0.015884 0.028238
1 0.904811 0.022061 0.016262 0.022691
1 0.947356 0.180647 0.016640 0.034289
1 0.898760 0.736329 0.025338 0.029246
5 0.637055 0.563876 0.017018 0.039331
5 0.668633 0.562867 0.021178 0.054459
5 0.686975 0.553286 0.016262 0.049416
5 0.667120 0.501601 0.015127 0.028742
3 0.713826 0.014938 0.021557 0.029876
1 0.504879 0.154174 0.017397 0.019666
1 0.526435 0.118372 0.034037 0.062023
1 0.560472 0.135769 0.019666 0.020170
5 0.585432 0.925422 0.016640 0.040340
1 0.550261 0.925926 0.034793 0.024204
5 0.567468 0.935759 0.014749 0.027734
5 0.571818 0.871215 0.015127 0.034793
5 0.551206 0.865416 0.019287 0.034289
5 0.382914 0.762549 0.026095 0.063535
1 0.360979 0.287548 0.035928 0.060510
1 0.389721 0.260066 0.039710 0.043870
1 0.451743 0.221743 0.023826 0.030759
1 0.432456 0.159973 0.039710 0.026221
1 0.391423 0.133752 0.054459 0.038323
1 0.363815 0.169806 0.021178 0.033785
1 0.413358 0.197791 0.012858 0.016136
5 0.332426 0.086353 0.015884 0.037314
1 0.327698 0.313264 0.024582 0.026221
1 0.305953 0.281749 0.025717 0.015632
5 0.287422 0.606233 0.031768 0.068578
1 0.261705 0.534881 0.024204 0.024708
5 0.306142 0.604216 0.020800 0.069586
5 0.306142 0.689686 0.020800 0.028742
5 0.255465 0.704309 0.022313 0.033785
5 0.236177 0.567405 0.023826 0.042357
1 0.230315 0.861130 0.027986 0.027734
1 0.327320 0.858105 0.017018 0.015632
1 0.381212 0.828354 0.017397 0.039836
5 0.108350 0.925422 0.029120 0.054459
5 0.082823 0.936263 0.018909 0.062023
1 0.125936 0.555051 0.028742 0.036810
1 0.131042 0.497063 0.041222 0.067065
1 0.153544 0.424955 0.034793 0.031768
1 0.171507 0.398734 0.023069 0.025717
1 0.153544 0.362428 0.047651 0.047904
1 0.114969 0.381086 0.034037 0.056980
1 0.053513 0.050551 0.020044 0.020170
1 0.084336 0.032650 0.021178 0.021683
1 0.056728 0.022061 0.018909 0.018657
0 0.500737 0.501229 0.998525 0.997542