2 0.169066 0.773531 0.020755 0.032862
2 0.186578 0.792844 0.027241 0.043816
2 0.168202 0.734615 0.017296 0.023061
2 0.235655 0.814176 0.032862 0.065724
2 0.218143 0.691952 0.022052 0.025367
2 0.207550 0.681286 0.021620 0.025944
2 0.178579 0.645254 0.010377 0.025367
2 0.188524 0.648713 0.008648 0.016143
2 0.273274 0.638047 0.016431 0.032862
2 0.244519 0.548877 0.025511 0.046699
2 0.265491 0.549166 0.023349 0.054194
2 0.296839 0.531870 0.030700 0.041510
2 0.364941 0.630264 0.051887 0.057653
2 0.411640 0.624210 0.035456 0.054770
2 0.453078 0.514382 0.042807 0.079561
2 0.441187 0.319420 0.038051 0.067454
2 0.410919 0.241300 0.023349 0.043816
2 0.468428 0.305295 0.026808 0.058806
2 0.511235 0.393215 0.029403 0.093974
2 0.530909 0.394657 0.025511 0.078408
2 0.682247 0.472103 0.033294 0.055347
2 0.743431 0.464897 0.035456 0.063994
2 0.796039 0.271568 0.039780 0.070913
2 0.796688 0.352858 0.027241 0.045546
2 0.828901 0.419735 0.025944 0.049005
2 0.835387 0.340751 0.021620 0.054770
2 0.807282 0.413394 0.024214 0.039780
2 0.793229 0.436070 0.017728 0.035168
2 0.778743 0.456537 0.025944 0.041510
2 0.780473 0.430882 0.038051 0.030556
2 0.765339 0.354780 0.025944 0.040933
2 0.730748 0.344403 0.023349 0.027097
2 0.699183 0.345267 0.018161 0.014990
2 0.508211 0.483853 0.024693 0.027303
2 0.495864 0.507542 0.009636 0.015257
0 0.592008 0.534263 0.059788 0.096070
0 0.534811 0.558054 0.056211 0.055676
0 0.606681 0.288953 0.142134 0.160604
0 0.268610 0.293236 0.148559 0.085655
0 0.193661 0.728829 0.050590 0.054605
0 0.121698 0.927206 0.243395 0.137156
0 0.722316 0.410811 0.110549 0.107426
5 0.500000 0.504356 1.000000 0.991287