2 0.239789 0.150288 0.048613 0.108665
2 0.298411 0.151241 0.034315 0.110571
2 0.261236 0.154100 0.028596 0.177295
3 0.482854 0.544912 0.051473 0.142980
2 0.426377 0.522988 0.035745 0.099133
2 0.420658 0.334255 0.024307 0.095320
2 0.449969 0.318050 0.048613 0.135354
2 0.503586 0.319957 0.032885 0.131541
4 0.346309 0.521240 0.067200 0.102945
2 0.188525 0.604169 0.014715 0.131541
2 0.213040 0.570807 0.042894 0.099133
2 0.446812 0.695676 0.052902 0.097226
2 0.487561 0.695676 0.057192 0.108665
0 0.610523 0.320751 0.234487 0.402250
0 0.823563 0.482795 0.185874 0.676771
4 0.799257 0.467544 0.051473 0.066724
2 0.127252 0.163473 0.045754 0.118197
5 0.500000 0.500000 1.000000 1.000000