1 0.925668 0.031369 0.045008 0.062738
1 0.976609 0.011457 0.021686 0.022913
5 0.930783 0.127387 0.017594 0.055101
2 0.640071 0.156028 0.017185 0.043644
2 0.684465 0.265139 0.019231 0.038189
2 0.657256 0.249864 0.018822 0.015276
5 0.666462 0.262684 0.007774 0.025641
5 0.589539 0.814785 0.014321 0.049645
5 0.590153 0.539553 0.017185 0.058920
5 0.579105 0.520458 0.008183 0.034915
1 0.554760 0.090289 0.037234 0.083470
1 0.502591 0.528914 0.024550 0.035461
1 0.447559 0.571195 0.085516 0.052373
1 0.450627 0.654664 0.023732 0.050191
1 0.451446 0.605292 0.026187 0.032188
5 0.342403 0.707038 0.007774 0.029460
5 0.367362 0.686852 0.010229 0.033824
5 0.357747 0.712220 0.008183 0.033279
5 0.349154 0.713039 0.009002 0.037098
5 0.294326 0.575559 0.010638 0.032733
5 0.303123 0.573650 0.012684 0.030005
5 0.309670 0.576923 0.010229 0.023459
5 0.247068 0.355701 0.016776 0.050191
1 0.204310 0.533006 0.045827 0.093835
1 0.211675 0.370158 0.035188 0.036552
3 0.178942 0.367430 0.019640 0.020185
5 0.079310 0.341244 0.015139 0.047463
5 0.094654 0.353519 0.016367 0.046918
5 0.107951 0.338243 0.017594 0.043644
0 0.498404 0.497872 0.995745 0.995744