4 0.622068 0.429896 0.009820 0.020731
5 0.648050 0.492362 0.007774 0.010366
3 0.629433 0.429624 0.005728 0.007092
3 0.435693 0.541735 0.009411 0.030551
4 0.369817 0.291326 0.024141 0.051282
5 0.371045 0.226405 0.019231 0.032733
5 0.179965 0.057283 0.007774 0.009820
5 0.173418 0.058920 0.005319 0.008729
5 0.191217 0.007911 0.005728 0.010366
5 0.290439 0.312330 0.011866 0.036552
4 0.239703 0.349700 0.006956 0.019640
4 0.246454 0.351064 0.009820 0.021277
3 0.202264 0.538734 0.013093 0.020185
3 0.193467 0.542280 0.009411 0.017458
4 0.212084 0.593017 0.010638 0.022913
3 0.208606 0.607474 0.011047 0.021277
3 0.223131 0.769231 0.000000 0.003273
3 0.058033 0.796508 0.010229 0.030551
3 0.066626 0.789416 0.012684 0.027278
3 0.125955 0.783961 0.006956 0.024004
3 0.137616 0.780960 0.009002 0.018003
3 0.147436 0.782051 0.007365 0.018003
5 0.104678 0.698036 0.009411 0.015821
5 0.116135 0.675941 0.004501 0.013093
5 0.109588 0.681669 0.004501 0.007092
5 0.095881 0.688216 0.005728 0.016912
5 0.119408 0.597927 0.009411 0.022913
5 0.130660 0.575832 0.009820 0.028914
5 0.137411 0.572286 0.010229 0.025095
5 0.066421 0.188216 0.014730 0.037098
5 0.075423 0.181942 0.011457 0.026732
0 0.771543 0.251064 0.456914 0.497872
0 0.272606 0.498936 0.544149 0.997872