4 0.907051 0.338516 0.009411 0.039825
4 0.917485 0.296236 0.008183 0.017458
5 0.842403 0.429624 0.012684 0.036552
5 0.979064 0.385434 0.010229 0.030005
3 0.951037 0.413257 0.013093 0.030005
3 0.984997 0.351882 0.009820 0.037098
1 0.862248 0.383797 0.027823 0.024550
1 0.975382 0.324059 0.026596 0.021822
1 0.965562 0.355974 0.020867 0.013639
1 0.806192 0.574741 0.048282 0.061648
1 0.773254 0.613748 0.037234 0.022913
1 0.795554 0.666939 0.054010 0.047463
5 0.808442 0.734315 0.018412 0.038189
1 0.831969 0.717949 0.028642 0.033824
1 0.849359 0.853246 0.029051 0.029460
1 0.890480 0.863339 0.041735 0.047463
3 0.717199 0.310966 0.012684 0.041462
3 0.703901 0.319422 0.014730 0.039825
5 0.643958 0.328969 0.010229 0.038189
3 0.632297 0.331697 0.009820 0.029460
3 0.622886 0.333879 0.008183 0.034915
5 0.617362 0.328423 0.011047 0.034915
5 0.634547 0.338516 0.005319 0.046372
3 0.582174 0.300055 0.015139 0.041462
3 0.748091 0.213039 0.014730 0.037643
1 0.545963 0.246863 0.020458 0.016912
3 0.566626 0.292690 0.015957 0.040917
4 0.652141 0.507911 0.012684 0.020731
4 0.660120 0.512002 0.011457 0.023459
4 0.552919 0.595472 0.013912 0.059465
3 0.610202 0.529187 0.038462 0.066558
1 0.590971 0.586197 0.024550 0.025641
1 0.552100 0.527823 0.018003 0.037643
1 0.556806 0.569013 0.039689 0.029460
1 0.539825 0.587289 0.015548 0.046372
3 0.618181 0.611839 0.009411 0.040917
3 0.626773 0.618385 0.006956 0.035461
3 0.633320 0.620840 0.008592 0.032733
3 0.640889 0.618658 0.009820 0.034915
3 0.645595 0.606383 0.017594 0.038734
3 0.482338 0.476268 0.006137 0.041462
3 0.477428 0.490453 0.008592 0.018549
3 0.493590 0.503273 0.011457 0.012548
3 0.492567 0.480633 0.014321 0.038189
3 0.449400 0.363066 0.007365 0.032188
3 0.630660 0.400982 0.011457 0.036007
4 0.486839 0.415985 0.007774 0.025641
4 0.494817 0.414348 0.009002 0.022368
4 0.443058 0.433988 0.006137 0.019094
4 0.397640 0.486907 0.009411 0.019094
4 0.385161 0.506274 0.007365 0.017458
4 0.392730 0.498909 0.009411 0.014730
1 0.406847 0.535734 0.030278 0.027278
1 0.419531 0.591107 0.022913 0.030005
1 0.380251 0.640207 0.031915 0.032188
1 0.378410 0.560011 0.045417 0.066012
1 0.578082 0.540098 0.020049 0.038189
3 0.578492 0.600109 0.012684 0.040371
3 0.562943 0.600109 0.007774 0.051282
3 0.404392 0.484179 0.008183 0.019094
3 0.373704 0.505183 0.006547 0.015276
3 0.378001 0.513366 0.006956 0.013093
3 0.382706 0.497272 0.005728 0.011457
3 0.399482 0.506547 0.005728 0.014730
5 0.390276 0.512002 0.007774 0.015821
5 0.396208 0.509274 0.006547 0.015821
5 0.452264 0.434806 0.004910 0.019640
3 0.458402 0.436716 0.006547 0.018003
3 0.475382 0.357610 0.010229 0.023459
3 0.464744 0.372068 0.004501 0.024004
3 0.469654 0.334697 0.007774 0.022368
4 0.457379 0.374250 0.007774 0.034915
4 0.469040 0.366339 0.009002 0.025641
3 0.446945 0.216585 0.007365 0.027278
3 0.458606 0.198854 0.013502 0.031097
3 0.495840 0.099291 0.003682 0.020731
3 0.489089 0.104201 0.005728 0.030551
5 0.477632 0.104746 0.009002 0.034915
5 0.464334 0.157665 0.010229 0.010911
3 0.430783 0.131206 0.011866 0.032188
4 0.416871 0.124113 0.010229 0.027823
4 0.403369 0.133115 0.011047 0.029460
5 0.408279 0.150846 0.019231 0.032188
3 0.396413 0.134752 0.006956 0.032733
3 0.390685 0.127660 0.009411 0.017458
3 0.356724 0.190398 0.011047 0.024004
3 0.349973 0.183033 0.009002 0.028914
3 0.318058 0.172395 0.004092 0.020731
3 0.323377 0.172122 0.004910 0.025641
3 0.328492 0.168031 0.008592 0.033824
3 0.330537 0.157119 0.016776 0.028369
3 0.341789 0.153028 0.013093 0.030005
3 0.339130 0.171849 0.010229 0.017458
3 0.334220 0.186579 0.008592 0.020731
3 0.321945 0.187943 0.011866 0.013639
5 0.295554 0.176214 0.009820 0.025095
4 0.302305 0.173759 0.008592 0.026732
4 0.311511 0.172395 0.010638 0.016367
4 0.313762 0.189853 0.008592 0.022913
4 0.298827 0.194217 0.009820 0.019640
3 0.305578 0.192308 0.009411 0.021277
5 0.543303 0.170486 0.006137 0.024550
5 0.268753 0.254501 0.010229 0.013639
4 0.276937 0.282870 0.006137 0.016912
3 0.279801 0.276323 0.006137 0.015821
3 0.284915 0.277687 0.006547 0.022913
3 0.174441 0.384615 0.004910 0.020731
3 0.178328 0.387889 0.007774 0.019640
3 0.184465 0.389253 0.010229 0.018003
3 0.189785 0.369613 0.008592 0.019094
3 0.191217 0.342608 0.010638 0.021822
3 0.197559 0.379433 0.006956 0.021277
3 0.202673 0.380524 0.009820 0.027823
3 0.206356 0.399618 0.006547 0.015821
5 0.192853 0.395526 0.007365 0.018549
1 0.195104 0.574468 0.021686 0.026187
1 0.185284 0.615385 0.033961 0.064375
1 0.325014 0.576378 0.020458 0.033279
5 0.332583 0.656847 0.013502 0.032733
5 0.327878 0.672941 0.012275 0.031097
3 0.201241 0.689307 0.010229 0.021277
3 0.219040 0.693672 0.008183 0.022368
3 0.214948 0.704855 0.010638 0.014184
3 0.208402 0.693399 0.004910 0.029460
3 0.263843 0.849700 0.006137 0.023459
3 0.268753 0.848609 0.006956 0.023459
3 0.256069 0.849154 0.007774 0.023459
0 0.511170 0.501064 0.963830 0.989362