1 0.918099 0.033824 0.021686 0.027278
1 0.947559 0.021822 0.021686 0.017458
1 0.939989 0.036552 0.013093 0.019640
1 0.929555 0.055374 0.013502 0.023459
1 0.945513 0.048827 0.011866 0.026732
5 0.946740 0.048554 0.005319 0.014184
2 0.891708 0.258865 0.013912 0.033279
5 0.854883 0.265412 0.012275 0.037643
5 0.878410 0.249318 0.009411 0.024004
5 0.917076 0.229405 0.010638 0.025641
1 0.959834 0.196672 0.033961 0.050736
1 0.881888 0.199400 0.022095 0.018003
1 0.806601 0.503001 0.036825 0.039280
1 0.773663 0.531642 0.034779 0.042008
1 0.771208 0.483088 0.022504 0.032188
1 0.748704 0.463175 0.038871 0.036007
1 0.732133 0.495908 0.022095 0.045827
1 0.724768 0.537916 0.024550 0.027278
5 0.533279 0.453082 0.012275 0.035461
5 0.548418 0.455265 0.007365 0.037643
1 0.588107 0.396345 0.027005 0.021277
1 0.540030 0.482270 0.020049 0.017458
1 0.427919 0.300055 0.025777 0.039280
1 0.467403 0.286416 0.022913 0.016367
1 0.443672 0.289962 0.008183 0.016912
5 0.456151 0.360611 0.015957 0.030551
5 0.445922 0.359793 0.010229 0.036552
2 0.506274 0.420349 0.019640 0.030005
1 0.507092 0.388161 0.036007 0.034370
5 0.273459 0.483361 0.009002 0.016367
3 0.266503 0.475996 0.007365 0.014730
1 0.500546 0.214948 0.019640 0.021822
0 0.501596 0.497872 0.992553 0.978723