0 0.500000 0.500000 1.000000 1.000000
4 0.384237 0.437057 0.009076 0.030759
4 0.369110 0.441595 0.011346 0.021683
4 0.382535 0.380077 0.010967 0.036810
4 0.380266 0.395709 0.018531 0.051938
3 0.368353 0.398986 0.014371 0.060510
4 0.361357 0.371001 0.010211 0.038827
4 0.357197 0.408315 0.011724 0.051938
5 0.338098 0.367219 0.008320 0.017144
1 0.392746 0.412601 0.009455 0.037314
1 0.347175 0.372766 0.015127 0.037314
1 0.378753 0.355369 0.017775 0.012606
1 0.397663 0.350327 0.007186 0.016640
4 0.627600 0.379069 0.014749 0.034793
3 0.367975 0.455210 0.021935 0.023700
3 0.262083 0.848776 0.012858 0.047399
5 0.182097 0.769609 0.007942 0.018153
5 0.185879 0.763306 0.004160 0.017649
5 0.192686 0.759272 0.007186 0.024708
4 0.199115 0.747926 0.004916 0.015127
3 0.199493 0.763558 0.007186 0.016136
1 0.218403 0.836170 0.012480 0.013110
4 0.057106 0.049542 0.028742 0.054459
4 0.036873 0.041222 0.017775 0.046895