1 0.756274 0.062193 0.025368 0.025095
1 0.778573 0.015003 0.048691 0.030005
5 0.742567 0.086470 0.013502 0.020185
5 0.767526 0.203492 0.023322 0.078560
5 0.823582 0.102291 0.024141 0.080196
5 0.827059 0.156301 0.027823 0.037643
5 0.847109 0.151664 0.017185 0.040371
5 0.906847 0.470540 0.032733 0.074741
5 0.974359 0.655756 0.013912 0.026187
5 0.993181 0.610475 0.008183 0.029460
1 0.980633 0.630933 0.038734 0.072559
5 0.757706 0.936443 0.021686 0.059465
5 0.787166 0.929351 0.022504 0.028914
1 0.709015 0.844244 0.041326 0.074741
5 0.694081 0.469722 0.013912 0.033824
5 0.701446 0.451991 0.014730 0.020185
5 0.699809 0.430169 0.018003 0.016912
5 0.679146 0.489907 0.011047 0.017458
5 0.676691 0.503546 0.012684 0.024004
5 0.696127 0.360065 0.027005 0.080742
5 0.540439 0.430169 0.025777 0.057283
5 0.563762 0.445717 0.042962 0.073104
5 0.559670 0.420895 0.012684 0.024550
5 0.556806 0.362248 0.024141 0.019640
5 0.592812 0.443535 0.019231 0.064375
5 0.613884 0.434534 0.022913 0.040917
5 0.596904 0.391708 0.022504 0.044735
5 0.605087 0.562466 0.024141 0.067649
5 0.523663 0.523732 0.015139 0.072013
5 0.548827 0.531369 0.027005 0.077469
5 0.567239 0.526732 0.026187 0.069285
5 0.358974 0.684397 0.019640 0.060556
5 0.374727 0.655483 0.011047 0.032188
5 0.368181 0.680851 0.008592 0.018549
5 0.383933 0.662029 0.019640 0.046372
5 0.389253 0.708402 0.022095 0.042008
5 0.374932 0.710857 0.013093 0.052373
5 0.356929 0.610475 0.014730 0.049100
5 0.372477 0.609656 0.016367 0.047463
5 0.445513 0.534643 0.024141 0.040371
5 0.440398 0.553191 0.015548 0.036007
5 0.454310 0.514184 0.017185 0.049645
5 0.496454 0.503546 0.013093 0.027278
5 0.398254 0.346972 0.012275 0.021822
5 0.397845 0.384888 0.010638 0.037643
5 0.415439 0.373432 0.012275 0.040917
1 0.347927 0.237043 0.022913 0.022368
1 0.382706 0.272504 0.021277 0.022368
1 0.365726 0.251773 0.010229 0.019094
1 0.322763 0.268685 0.010229 0.015821
1 0.337289 0.258047 0.013093 0.015276
1 0.303123 0.325968 0.048691 0.047463
1 0.283688 0.287507 0.022913 0.021822
1 0.247886 0.263502 0.036416 0.031642
1 0.224768 0.300600 0.013093 0.026187
1 0.236429 0.336879 0.036416 0.025641
1 0.262207 0.346699 0.018412 0.027823
5 0.308852 0.358974 0.015957 0.044735
5 0.326037 0.414894 0.016776 0.057283
1 0.301691 0.644845 0.019640 0.027278
0 0.590957 0.497872 0.813830 0.995744
1 0.205585 0.436170 0.033511 0.063830