0 0.500000 0.500000 1.000000 1.000000
1 0.811966 0.238636 0.009833 0.013110
5 0.841086 0.234854 0.021178 0.042861
5 0.827093 0.249729 0.012858 0.036306
5 0.842599 0.261579 0.017397 0.016640
5 0.822366 0.211154 0.010967 0.010589
3 0.804591 0.240400 0.015506 0.033785
5 0.799107 0.360664 0.010589 0.022187
5 0.745216 0.360916 0.010211 0.015632
5 0.896301 0.433275 0.012102 0.016136
5 0.741623 0.534125 0.027229 0.044374
5 0.724794 0.545471 0.018531 0.053955
5 0.711936 0.533369 0.013237 0.042861
5 0.702859 0.526561 0.007186 0.013110
5 0.708154 0.486726 0.019287 0.021178
4 0.774147 0.523536 0.014371 0.032272
5 0.831821 0.521015 0.010967 0.017144
5 0.750321 0.639765 0.018153 0.038827
5 0.946978 0.351587 0.009076 0.016136
1 0.894221 0.338981 0.033659 0.032272
1 0.808940 0.563876 0.024960 0.037314
1 0.821799 0.502609 0.017397 0.028742
1 0.849028 0.483448 0.011346 0.017649
1 0.752969 0.460253 0.015127 0.016640
1 0.776038 0.471850 0.014371 0.030759
1 0.727819 0.460757 0.024582 0.027734
1 0.699077 0.449916 0.022313 0.049416
1 0.714394 0.483952 0.010589 0.009581
1 0.756940 0.517485 0.007186 0.010085
5 0.859239 0.558581 0.012858 0.013615
1 0.792111 0.989209 0.012480 0.013615
1 0.807049 0.978116 0.013615 0.017649
1 0.725550 0.636487 0.032902 0.074629
1 0.684895 0.488238 0.012858 0.020170
5 0.678655 0.531100 0.012480 0.036306
5 0.676764 0.505131 0.011724 0.010589
5 0.595832 0.369992 0.012480 0.023700
5 0.628735 0.369488 0.011724 0.009581
5 0.648968 0.802385 0.010589 0.028238
1 0.647266 0.773895 0.019287 0.017649
1 0.575410 0.580264 0.010211 0.010589
1 0.563119 0.601190 0.017397 0.020170
5 0.550450 0.595391 0.010967 0.019666
5 0.552530 0.623377 0.014371 0.042357
5 0.573519 0.630941 0.028364 0.044374
5 0.498071 0.538159 0.020422 0.036306
5 0.489751 0.516728 0.015127 0.029751
5 0.465169 0.430754 0.034037 0.013110
5 0.437183 0.453697 0.017397 0.035802
5 0.447016 0.471094 0.015884 0.035297
5 0.461765 0.481431 0.018909 0.025717
5 0.454580 0.447646 0.018153 0.022691
5 0.473678 0.455210 0.006429 0.007564
5 0.473867 0.469581 0.009833 0.030255
5 0.464413 0.461261 0.011346 0.013615
1 0.499584 0.474624 0.012102 0.014119
1 0.427350 0.846255 0.015884 0.019161
1 0.430943 0.824572 0.006429 0.014119
1 0.443991 0.866677 0.006051 0.011598
5 0.399932 0.803898 0.007942 0.014119
5 0.542319 0.896680 0.009076 0.013110
5 0.537403 0.900966 0.011346 0.022691
5 0.528326 0.898444 0.006807 0.016640
5 0.579192 0.922396 0.007942 0.019161
5 0.512253 0.844742 0.006429 0.010085
1 0.356630 0.364445 0.015884 0.018657
5 0.097761 0.727756 0.007942 0.014119
5 0.105892 0.728513 0.009076 0.013615
5 0.112321 0.498575 0.007564 0.014623
5 0.124612 0.510930 0.006429 0.015127
1 0.146925 0.513451 0.012480 0.010085
1 0.105703 0.480170 0.016262 0.018153
1 0.141442 0.403020 0.034793 0.020170
1 0.168293 0.416383 0.006807 0.009581
1 0.214053 0.447142 0.011346 0.010589
1 0.131042 0.460001 0.010967 0.011093
1 0.108350 0.414114 0.012480 0.015127
1 0.097572 0.429241 0.014371 0.019161
1 0.094168 0.402768 0.006051 0.013615
1 0.086983 0.386885 0.011346 0.009076
1 0.063535 0.389658 0.009833 0.015632
5 0.072044 0.439074 0.010211 0.008572
5 0.062779 0.436301 0.010589 0.022187
5 0.053135 0.433780 0.010967 0.020170
5 0.045382 0.462270 0.011346 0.017649
5 0.003215 0.394196 0.006429 0.015632
3 0.798351 0.961728 0.009833 0.018153
3 0.790409 0.967526 0.009076 0.012606
1 0.744081 0.958954 0.013993 0.017649
5 0.718365 0.853314 0.007942 0.014119
5 0.714772 0.837935 0.008320 0.010589
5 0.705317 0.843986 0.009076 0.020674
5 0.888549 0.727756 0.014749 0.010085
1 0.874367 0.718932 0.015127 0.015632
1 0.933364 0.460505 0.013615 0.015127
1 0.923153 0.475884 0.012102 0.016640
3 0.957378 0.364698 0.006429 0.023195
3 0.965131 0.362681 0.006807 0.012102
5 0.415816 0.777677 0.005673 0.014119