2 0.286111 0.274356 0.030614 0.087470
2 0.301418 0.386123 0.021867 0.073863
2 0.277364 0.367657 0.039361 0.060257
2 0.264243 0.433746 0.034988 0.091357
2 0.230896 0.417223 0.025148 0.066088
2 0.460504 0.330725 0.025148 0.091357
2 0.417316 0.387095 0.032801 0.079695
2 0.432076 0.240340 0.038268 0.058313
0 0.756262 0.736003 0.091843 0.186603
2 0.280097 0.141531 0.027334 0.083582
0 0.282284 0.268849 0.162913 0.198265
0 0.479638 0.220254 0.129018 0.353767
2 0.550707 0.352431 0.028428 0.097189
0 0.091001 0.118774 0.097584 0.103263
0 0.102037 0.383128 0.180065 0.334572
5 0.500000 0.500000 1.000000 1.000000