2 0.098946 0.271184 0.020323 0.059382
0 0.239331 0.095631 0.065292 0.073795
1 0.255690 0.322687 0.019890 0.027097
1 0.319252 0.367079 0.013837 0.022485
0 0.391750 0.274739 0.080425 0.112999
2 0.390020 0.572131 0.031997 0.077831
2 0.438449 0.622577 0.027673 0.080714
2 0.432179 0.541287 0.025511 0.051887
2 0.459348 0.556276 0.031997 0.080714
2 0.487453 0.537827 0.025079 0.061112
2 0.490048 0.567807 0.014701 0.032285
2 0.506911 0.535521 0.021620 0.056500
2 0.458050 0.455672 0.040645 0.051311
2 0.483346 0.484210 0.019458 0.062265
2 0.510659 0.415219 0.020755 0.038051
2 0.543088 0.413490 0.023349 0.029979
2 0.556492 0.383222 0.016431 0.031709
2 0.837765 0.456249 0.033294 0.029403
2 0.855926 0.504101 0.029835 0.038627
2 0.839927 0.523991 0.024647 0.054194
2 0.820686 0.542151 0.014701 0.039780
2 0.767717 0.689262 0.032430 0.049581
2 0.642755 0.754409 0.037618 0.051887
2 0.673671 0.745761 0.014701 0.028826
2 0.685346 0.754409 0.017296 0.031132
2 0.689670 0.720394 0.012107 0.012684
2 0.744584 0.727312 0.014701 0.031132
1 0.637999 0.827052 0.009945 0.018449
0 0.969213 0.655343 0.057509 0.073219
0 0.672807 0.034808 0.085614 0.055923
0 0.745233 0.164815 0.070480 0.175264
1 0.686427 0.577127 0.012539 0.027097
1 0.733342 0.572515 0.018161 0.020178
0 0.718641 0.584910 0.075237 0.066877
0 0.733342 0.699255 0.101180 0.116458
0 0.654718 0.815809 0.060968 0.060535
2 0.603479 0.713188 0.041510 0.037474
0 0.630936 0.350072 0.067021 0.142979
0 0.551160 0.198926 0.078696 0.134331
5 0.502248 0.500984 0.993255 0.998032