1 0.744408 0.619476 0.028642 0.043099
1 0.834834 0.952810 0.016367 0.021277
1 0.839948 0.899618 0.029051 0.067649
1 0.808647 0.875068 0.022913 0.037098
1 0.743794 0.203492 0.015957 0.017458
1 0.725586 0.174577 0.031915 0.046918
1 0.665848 0.091380 0.027823 0.030005
1 0.648459 0.375068 0.026596 0.037643
1 0.640685 0.410802 0.020867 0.018549
1 0.616135 0.383797 0.019231 0.018003
1 0.723336 0.333061 0.038052 0.055101
1 0.680374 0.287780 0.033961 0.033279
1 0.666053 0.318876 0.029051 0.031097
1 0.697763 0.330333 0.018003 0.034370
5 0.639048 0.214948 0.019231 0.024004
5 0.629433 0.218767 0.008183 0.027278
5 0.589539 0.227223 0.008592 0.031097
5 0.583811 0.258865 0.007774 0.019094
5 0.572559 0.291598 0.013093 0.039825
5 0.561307 0.293235 0.008592 0.039825
5 0.551896 0.280960 0.011866 0.028369
5 0.549645 0.296236 0.007365 0.026187
5 0.534506 0.286961 0.014730 0.039280
5 0.516912 0.295417 0.014730 0.036552
5 0.553942 0.331697 0.018412 0.028369
5 0.547600 0.344790 0.010638 0.025095
5 0.539212 0.359247 0.007774 0.012548
5 0.538803 0.335243 0.009411 0.042008
5 0.530824 0.347791 0.009820 0.024550
5 0.527960 0.328151 0.015548 0.034370
5 0.523868 0.346427 0.017185 0.021822
5 0.560284 0.389253 0.015548 0.044190
3 0.545145 0.389525 0.018003 0.043644
1 0.512821 0.435897 0.015548 0.028369
1 0.545758 0.496454 0.029869 0.018549
1 0.612861 0.411348 0.019231 0.017458
5 0.726814 0.980087 0.009820 0.012548
5 0.721904 0.773050 0.013093 0.038189
5 0.708402 0.786416 0.010638 0.028914
5 0.706560 0.806874 0.017594 0.039280
5 0.689580 0.794326 0.015548 0.045827
5 0.650914 0.779324 0.020049 0.049645
5 0.654187 0.629842 0.007774 0.027823
5 0.636593 0.630933 0.011047 0.026732
5 0.627387 0.636116 0.009820 0.028369
5 0.632706 0.441353 0.004092 0.017458
5 0.628410 0.438080 0.005319 0.022913
5 0.624523 0.438352 0.004910 0.022368
5 0.620022 0.436989 0.006547 0.021822
5 0.612248 0.018549 0.013912 0.025095
5 0.609997 0.034370 0.010229 0.019640
5 0.707174 0.076650 0.013093 0.046372
5 0.686716 0.100109 0.014730 0.049645
5 0.681601 0.132024 0.011866 0.037098
1 0.375136 0.888434 0.032324 0.046372
1 0.362861 0.975723 0.029051 0.036552
1 0.412984 0.921713 0.035188 0.054010
1 0.490112 0.438625 0.014321 0.017458
1 0.404596 0.284233 0.018412 0.014184
5 0.428942 0.136934 0.011457 0.041462
5 0.433442 0.164484 0.013912 0.035461
5 0.347927 0.112384 0.014730 0.050191
5 0.254433 0.137752 0.015139 0.038734
5 0.205742 0.307147 0.011866 0.033824
5 0.225586 0.310420 0.018822 0.026187
5 0.224564 0.328969 0.017594 0.032733
5 0.258933 0.350791 0.015957 0.038189
5 0.242976 0.354610 0.013502 0.046918
5 0.230292 0.363339 0.012684 0.030551
5 0.221495 0.354883 0.019640 0.020185
5 0.053328 0.983633 0.027823 0.032733
1 0.213516 0.907801 0.048691 0.041462
1 0.218221 0.843972 0.036007 0.058920
1 0.267321 0.848609 0.049100 0.035461
1 0.252387 0.811238 0.008592 0.016367
1 0.319285 0.770867 0.046645 0.066558
1 0.268958 0.768685 0.058101 0.065466
0 0.436968 0.503191 0.866489 0.993617