2 0.560707 0.494202 0.037419 0.107875
2 0.623915 0.468132 0.026294 0.095289
2 0.585485 0.440264 0.024272 0.104279
2 0.587001 0.510383 0.015170 0.053937
2 0.601160 0.450153 0.019215 0.167206
2 0.685606 0.511282 0.026294 0.062927
2 0.661840 0.560725 0.011125 0.104279
2 0.672964 0.573310 0.015170 0.100683
2 0.688640 0.593986 0.024272 0.109673
2 0.705327 0.541846 0.029328 0.106077
2 0.723531 0.664105 0.029328 0.095289
2 0.335687 0.678488 0.026294 0.102481
2 0.372600 0.700962 0.025283 0.111471
2 0.377151 0.708154 0.016181 0.082704
2 0.744716 0.677266 0.020479 0.078209
4 0.775814 0.677940 0.034132 0.074164
2 0.853939 0.828965 0.046268 0.114617
2 0.842941 0.841775 0.016687 0.075512
2 0.982504 0.830988 0.019721 0.059331
2 0.949510 0.845820 0.020479 0.078209
2 0.922204 0.866721 0.018962 0.074164
2 0.926375 0.860653 0.012136 0.035059
2 0.949889 0.580853 0.021238 0.102481
2 0.924479 0.567368 0.021996 0.107875
2 0.884279 0.557255 0.029581 0.098436
2 0.904379 0.541074 0.027306 0.130798
2 0.949510 0.489159 0.028064 0.055286
2 0.985538 0.339483 0.015170 0.074164
1 0.032608 0.710884 0.026478 0.090223
2 0.084093 0.580781 0.020594 0.083685
0 0.231392 0.868932 0.242718 0.194175
5 0.500000 0.500000 1.000000 1.000000