2 0.052032 0.502659 0.034592 0.055347
2 0.054410 0.555123 0.009945 0.049581
2 0.064787 0.558006 0.012539 0.040357
2 0.079272 0.545610 0.012107 0.031709
2 0.011531 0.641026 0.023061 0.057653
2 0.031060 0.680806 0.015134 0.047275
2 0.108027 0.506983 0.020323 0.097433
2 0.132673 0.526873 0.024647 0.103775
2 0.157536 0.506118 0.034592 0.087632
2 0.229169 0.836276 0.030268 0.073795
2 0.256626 0.850689 0.021187 0.077255
2 0.282786 0.844924 0.031997 0.086479
2 0.307145 0.932556 0.025944 0.054194
2 0.330710 0.919872 0.024647 0.063418
2 0.361194 0.944087 0.019890 0.056500
2 0.376760 0.932556 0.030268 0.054194
2 0.393407 0.906324 0.022052 0.075525
2 0.446448 0.831376 0.035024 0.053617
2 0.459636 0.727312 0.020755 0.054194
2 0.417045 0.726159 0.031565 0.056500
2 0.455312 0.693009 0.028538 0.047852
2 0.401046 0.633339 0.030700 0.064571
2 0.343538 0.580010 0.028970 0.107810
2 0.348078 0.499008 0.027673 0.065724
2 0.367536 0.521204 0.033727 0.105504
2 0.399533 0.563867 0.030268 0.063994
2 0.437151 0.488919 0.025944 0.080137
2 0.595552 0.467491 0.021620 0.074948
2 0.564420 0.502659 0.026808 0.031132
0 0.539348 0.405565 0.116358 0.114671
0 0.180849 0.355176 0.068102 0.089073
0 0.142150 0.874339 0.095343 0.102910
0 0.707831 0.237421 0.097289 0.096856
0 0.899814 0.266824 0.110261 0.091668
5 0.502811 0.503232 0.994378 0.993536