1 0.482755 0.517233 0.020044 0.015632
1 0.492966 0.528830 0.009455 0.007564
1 0.506391 0.520258 0.003782 0.003530
1 0.499017 0.558329 0.006429 0.006051
1 0.505068 0.553034 0.002647 0.007564
1 0.464413 0.546983 0.006807 0.013615
1 0.476136 0.550009 0.006051 0.008572
4 0.469707 0.526561 0.017397 0.027229
4 0.509606 0.536898 0.013993 0.025717
4 0.492588 0.548748 0.022313 0.044374
4 0.491264 0.576986 0.017397 0.032272
4 0.175857 0.858861 0.013615 0.029246
4 0.165835 0.880039 0.017775 0.021178
1 0.183042 0.836926 0.009076 0.008572
1 0.170562 0.860878 0.008320 0.008068
0 0.500000 0.500000 1.000000 1.000000