2 0.163301 0.666201 0.008648 0.018449
2 0.175624 0.687532 0.010810 0.016143
2 0.180165 0.649193 0.015566 0.025944
2 0.171084 0.672542 0.006918 0.020755
2 0.187732 0.694931 0.009945 0.019025
2 0.372580 0.445391 0.022485 0.066877
2 0.371067 0.507944 0.019458 0.054770
2 0.384039 0.444238 0.012539 0.064571
2 0.392471 0.511115 0.027673 0.063418
2 0.399389 0.456345 0.019025 0.080714
2 0.410199 0.456057 0.023349 0.072066
2 0.434197 0.475947 0.025511 0.064571
2 0.384904 0.602206 0.022052 0.099163
2 0.407388 0.586352 0.020323 0.085902
2 0.480103 0.651019 0.025944 0.087632
2 0.779320 0.843290 0.031132 0.067454
2 0.815641 0.730868 0.017296 0.074372
2 0.839207 0.745857 0.021187 0.095127
2 0.870988 0.755370 0.029403 0.076102
2 0.854773 0.839255 0.028970 0.078984
2 0.845693 0.914395 0.021187 0.072066
2 0.870555 0.909783 0.018161 0.038627
2 0.938297 0.728850 0.009513 0.026520
2 0.951701 0.727120 0.015566 0.027673
5 0.504497 0.496627 0.991006 0.975829