0 0.500000 0.500246 1.000000 0.999508
5 0.652371 0.662456 0.011346 0.020674
5 0.665419 0.649850 0.010967 0.013615
1 0.502988 0.784736 0.011346 0.018153
1 0.527570 0.788266 0.021935 0.044374
1 0.486158 0.745405 0.008698 0.012102
1 0.472165 0.735068 0.007186 0.010589
1 0.497126 0.661196 0.023826 0.023195
1 0.490129 0.679601 0.008320 0.007564
1 0.510740 0.686408 0.012480 0.022187
1 0.463278 0.678844 0.009076 0.016136
5 0.177558 0.490760 0.040466 0.076646
5 0.158649 0.501853 0.024582 0.090765
5 0.186635 0.518241 0.027608 0.083201
5 0.178126 0.719688 0.008320 0.019161
5 0.170751 0.725235 0.008698 0.028238
5 0.164511 0.723974 0.006807 0.027734
5 0.159216 0.724983 0.012102 0.024708
5 0.153165 0.714898 0.010589 0.023700
5 0.169427 0.652371 0.006807 0.026725
5 0.161864 0.660943 0.004538 0.017649
5 0.192308 0.634723 0.007942 0.020674
1 0.132365 0.596904 0.012858 0.020674
1 0.160918 0.579003 0.027608 0.027229
5 0.068452 0.457984 0.006807 0.019161
5 0.086416 0.458992 0.007186 0.012102
5 0.080365 0.464287 0.009455 0.015632
5 0.083957 0.444873 0.009833 0.024204