2 0.272049 0.303415 0.077209 0.190640
2 0.270619 0.350122 0.040034 0.081975
2 0.309223 0.281491 0.037175 0.097226
4 0.326381 0.291023 0.034315 0.116290
2 0.302074 0.506446 0.051473 0.112477
4 0.402875 0.489288 0.044324 0.093413
4 0.368560 0.531229 0.047183 0.085788
4 0.227010 0.141371 0.052902 0.125822
4 0.385860 0.237849 0.077447 0.093625
1 0.252650 0.031323 0.036142 0.055074
1 0.276401 0.023234 0.021685 0.046468
1 0.289309 0.032184 0.022718 0.064367
4 0.330614 0.057483 0.024783 0.099133
4 0.309961 0.045092 0.026848 0.082610
5 0.500000 0.500000 1.000000 1.000000