2 0.024112 0.662037 0.016863 0.035502
2 0.268409 0.721206 0.029733 0.050886
2 0.299473 0.707597 0.040383 0.063903
2 0.386897 0.079214 0.016420 0.034319
2 0.377356 0.093414 0.012426 0.030768
2 0.366705 0.085131 0.012426 0.035502
2 0.371809 0.384925 0.020857 0.037869
2 0.361602 0.496657 0.025295 0.047928
2 0.373362 0.466776 0.034614 0.046152
2 0.411526 0.532751 0.032839 0.021893
2 0.414411 0.569436 0.020857 0.051478
2 0.451910 0.462634 0.023964 0.030768
2 0.451022 0.537780 0.031064 0.041419
2 0.450800 0.559969 0.024408 0.038460
2 0.430830 0.569436 0.015532 0.060945
2 0.397104 0.696454 0.027958 0.071596
2 0.374693 0.681661 0.015088 0.064495
2 0.416408 0.679295 0.023076 0.037277
2 0.443774 0.253567 0.022189 0.037869
2 0.378983 0.349127 0.021301 0.027810
2 0.442221 0.326346 0.014645 0.027218
2 0.459750 0.339068 0.017751 0.027810
2 0.499467 0.294986 0.017307 0.027218
2 0.530532 0.250017 0.010207 0.028402
2 0.513003 0.238775 0.006213 0.036685
2 0.808260 0.338082 0.016863 0.032543
2 0.873717 0.298241 0.015532 0.025443
2 0.964025 0.316126 0.028402 0.042925
5 0.501967 0.495503 0.996065 0.982574