0 0.299133 0.933306 0.124907 0.133388
2 0.293185 0.768140 0.032714 0.054192
0 0.299504 0.727826 0.137546 0.113672
2 0.388859 0.256191 0.033634 0.048780
2 0.417183 0.312838 0.030094 0.077103
2 0.455685 0.184595 0.025668 0.066088
2 0.462766 0.294742 0.029209 0.078677
2 0.481796 0.288448 0.017702 0.097559
2 0.472945 0.210558 0.017702 0.067662
2 0.491975 0.193250 0.015047 0.111721
2 0.624428 0.361062 0.024244 0.028734
2 0.678169 0.302875 0.016971 0.044538
2 0.661198 0.301439 0.031518 0.044538
0 0.805865 0.593281 0.205700 0.251136
5 0.500000 0.500000 1.000000 1.000000