5 0.819490 0.957174 0.013502 0.024550
5 0.831151 0.979542 0.011457 0.031097
5 0.742567 0.333606 0.015139 0.037643
5 0.807420 0.277960 0.009820 0.024550
1 0.553942 0.507638 0.041326 0.055101
1 0.506274 0.502728 0.035188 0.066012
1 0.520799 0.294599 0.058511 0.040371
1 0.540848 0.356519 0.041326 0.081288
1 0.513434 0.385434 0.034779 0.092199
1 0.449604 0.350245 0.046236 0.045827
1 0.476609 0.377796 0.026596 0.060556
1 0.473336 0.427987 0.047054 0.058374
2 0.499318 0.427714 0.017185 0.033824
2 0.489703 0.436170 0.009411 0.024550
2 0.461470 0.385434 0.015957 0.023459
5 0.468835 0.861157 0.012684 0.028914
5 0.371045 0.915985 0.012684 0.027278
5 0.382092 0.909165 0.007774 0.036552
5 0.389457 0.906165 0.007774 0.029460
2 0.290644 0.376978 0.017185 0.019640
2 0.296577 0.395254 0.011047 0.023459
2 0.311102 0.421713 0.019640 0.031642
2 0.328901 0.434806 0.012684 0.029460
2 0.332788 0.413803 0.018822 0.026732
2 0.340562 0.395254 0.018003 0.036552
2 0.370840 0.386252 0.010638 0.024004
2 0.357542 0.407801 0.006956 0.019094
2 0.376978 0.400982 0.022913 0.019640
2 0.388025 0.370704 0.017185 0.018003
1 0.328287 0.361975 0.021277 0.044190
1 0.353655 0.436716 0.036007 0.035461
1 0.349768 0.383797 0.021686 0.026732
1 0.314785 0.394981 0.022095 0.036007
5 0.049236 0.221768 0.008183 0.022368
0 0.497340 0.496809 0.994680 0.993617