2 0.170694 0.881660 0.042751 0.089219
2 0.203222 0.894052 0.081784 0.089219
2 0.289653 0.985750 0.024164 0.000000
2 0.255266 0.963445 0.040892 0.059480
2 0.135831 0.706717 0.037175 0.073873
2 0.169431 0.707432 0.032885 0.087694
2 0.320989 0.398913 0.024307 0.093413
2 0.529025 0.492327 0.048613 0.078162
2 0.583357 0.495186 0.037175 0.064817
0 0.574222 0.098974 0.019064 0.038128
0 0.570886 0.104057 0.055285 0.100404
0 0.563499 0.274865 0.178725 0.091507
2 0.629508 0.366313 0.019064 0.047024
2 0.654529 0.304673 0.018587 0.053379
2 0.585422 0.437862 0.020494 0.048295
2 0.550869 0.425153 0.023830 0.043212
0 0.554483 0.498549 0.023433 0.085788
2 0.448241 0.603014 0.103422 0.168378
2 0.649366 0.798621 0.030979 0.076256
2 0.310738 0.185715 0.023820 0.047660
0 0.278810 0.169828 0.049566 0.048931
2 0.323134 0.121215 0.009532 0.035586
2 0.314555 0.111365 0.009532 0.015887
0 0.296206 0.401899 0.097703 0.107394
2 0.162997 0.637974 0.025736 0.033044
2 0.246640 0.860579 0.028119 0.065453
0 0.232342 0.787686 0.112001 0.062911
2 0.909060 0.561249 0.043371 0.059204
2 0.924033 0.610973 0.036142 0.068842
2 0.780559 0.264870 0.023234 0.036290
0 0.824704 0.289653 0.120818 0.124801
0 0.947513 0.369839 0.078332 0.107099
2 0.976390 0.259375 0.015268 0.034519
0 0.662949 0.501859 0.131205 0.225964
5 0.500000 0.495043 1.000000 0.986369