4 0.796649 0.451176 0.005673 0.019666
4 0.803078 0.454958 0.004916 0.027229
4 0.810264 0.455714 0.005673 0.026725
4 0.787195 0.544966 0.006429 0.021683
4 0.794380 0.543201 0.004916 0.022187
4 0.798351 0.539672 0.006807 0.014119
5 0.778307 0.006870 0.006807 0.013740
5 0.762613 0.006114 0.008698 0.012228
5 0.771500 0.009203 0.009076 0.017144
4 0.682626 0.122658 0.012102 0.028238
4 0.650858 0.142072 0.007564 0.022691
1 0.687164 0.017775 0.013615 0.016136
1 0.730467 0.008887 0.010211 0.017774
1 0.616444 0.085848 0.023448 0.023195
5 0.621360 0.005610 0.008320 0.011220
1 0.502799 0.691198 0.022313 0.026725
1 0.488806 0.643799 0.008698 0.016640
1 0.496180 0.662960 0.011346 0.017649
1 0.509606 0.658170 0.007942 0.016136
1 0.519061 0.638504 0.011724 0.014119
1 0.507715 0.621612 0.004160 0.005547
1 0.491453 0.587575 0.012480 0.014119
1 0.526246 0.613292 0.012480 0.026221
1 0.476893 0.603207 0.009076 0.011093
1 0.484457 0.452689 0.003782 0.008572
1 0.469896 0.445882 0.004160 0.009076
1 0.471409 0.437814 0.005673 0.008068
4 0.440398 0.395457 0.007186 0.014119
1 0.454391 0.384363 0.013237 0.026221
1 0.533243 0.171066 0.019666 0.024204
1 0.505824 0.170310 0.011724 0.014623
1 0.556501 0.127701 0.024582 0.028238
1 0.531163 0.102993 0.024582 0.025212
4 0.537592 0.196027 0.020800 0.035802
4 0.546290 0.170562 0.013237 0.008068
1 0.568414 0.028364 0.015127 0.013110
1 0.551017 0.045256 0.011346 0.014623
1 0.565388 0.053576 0.008320 0.014119
1 0.582596 0.039205 0.007186 0.015632
1 0.577869 0.053072 0.009076 0.014119
1 0.551774 0.079041 0.012102 0.011598
1 0.533432 0.082571 0.024582 0.019666
1 0.510173 0.062653 0.015884 0.011093
1 0.490508 0.062905 0.014371 0.020674
1 0.471976 0.078032 0.009076 0.010589
1 0.465547 0.087361 0.010589 0.011093
1 0.455147 0.114338 0.004160 0.007564
1 0.430187 0.225777 0.010967 0.014623
1 0.396339 0.227794 0.014371 0.018657
1 0.408252 0.205859 0.013237 0.013110
1 0.400877 0.282253 0.021935 0.022691
1 0.390666 0.300910 0.026473 0.024708
1 0.396717 0.350074 0.007564 0.014119
1 0.379699 0.365958 0.009076 0.009581
1 0.363815 0.376295 0.009076 0.012102
1 0.383859 0.381338 0.007564 0.011093
1 0.398041 0.396717 0.017018 0.029751
1 0.382914 0.405542 0.006429 0.013110
1 0.383103 0.429998 0.006807 0.013615
1 0.358899 0.416635 0.009076 0.026221
1 0.339989 0.419156 0.014371 0.011093
1 0.361357 0.251242 0.038953 0.039331
1 0.332237 0.298389 0.017018 0.019666
4 0.341313 0.296624 0.015506 0.048408
4 0.356630 0.310743 0.013615 0.048408
5 0.428107 0.295868 0.021178 0.067065
5 0.416005 0.333182 0.020422 0.058997
5 0.373270 0.316038 0.015127 0.060006
4 0.540995 0.323097 0.004916 0.009581
4 0.297254 0.194514 0.009833 0.023700
4 0.279858 0.165267 0.016640 0.026725
1 0.283261 0.028364 0.024960 0.039331
1 0.249981 0.008698 0.009076 0.015127
1 0.234097 0.008698 0.012858 0.010085
1 0.255465 0.103749 0.016262 0.019666
1 0.267189 0.153418 0.019287 0.018153
1 0.243552 0.156695 0.011346 0.013615
1 0.253763 0.150392 0.006051 0.008068
1 0.232963 0.097698 0.011346 0.011598
1 0.217268 0.090891 0.013993 0.010085
1 0.214053 0.109800 0.012102 0.032776
1 0.232774 0.151653 0.018531 0.023700
4 0.236177 0.111565 0.006429 0.018153
5 0.222373 0.061644 0.006807 0.023195
5 0.217079 0.063409 0.005295 0.009581
1 0.314084 0.332426 0.017018 0.015127
1 0.307844 0.360916 0.012102 0.047904
1 0.330724 0.335451 0.012480 0.018153
4 0.232395 0.613544 0.007942 0.030759
4 0.226534 0.605980 0.005295 0.009581
4 0.211028 0.564128 0.006051 0.011598
4 0.191173 0.579003 0.007186 0.006051
4 0.194010 0.585054 0.006051 0.009076
4 0.194577 0.618082 0.007942 0.010589
4 0.203842 0.602703 0.011346 0.032272
1 0.180962 0.563371 0.012480 0.023195
5 0.230126 0.435797 0.006429 0.017144
1 0.188715 0.155939 0.027229 0.036306
1 0.158460 0.185689 0.012858 0.028238
1 0.142765 0.195522 0.007942 0.007564
1 0.127449 0.191993 0.017397 0.018657
1 0.132365 0.231072 0.011346 0.029246
1 0.128962 0.153418 0.021178 0.022187
1 0.156569 0.086100 0.009076 0.007564
4 0.143900 0.097194 0.013993 0.034793
4 0.163187 0.090639 0.010967 0.029751
4 0.176046 0.073998 0.018531 0.011598
4 0.095114 0.237123 0.009455 0.020170
4 0.034226 0.298893 0.007942 0.019666
4 0.043302 0.293094 0.010967 0.026221
5 0.079041 0.208128 0.013615 0.022691
5 0.086037 0.232080 0.009455 0.019161
1 0.003782 0.262587 0.007564 0.026725
1 0.023448 0.259058 0.007564 0.004538
1 0.053513 0.354865 0.013237 0.018657
4 0.227101 0.294607 0.004916 0.008068
1 0.212352 0.441343 0.004916 0.011093
0 0.500000 0.442724 1.000000 0.885447