1 0.354418 0.565710 0.040892 0.109046
1 0.394381 0.620233 0.044610 0.112350
2 0.465013 0.655755 0.042751 0.140438
4 0.462690 0.821802 0.052974 0.066088
4 0.504192 0.759225 0.044319 0.106154
4 0.490861 0.957972 0.021375 0.080958
4 0.505731 0.869579 0.019517 0.056175
4 0.533147 0.856361 0.026022 0.105741
0 0.738538 0.794730 0.102230 0.193309
4 0.757590 0.812078 0.025093 0.046262
2 0.451828 0.499139 0.030669 0.090872
2 0.422088 0.531358 0.049257 0.112350
1 0.392348 0.499966 0.032528 0.102437
2 0.376084 0.420660 0.031599 0.125568
0 0.453686 0.924928 0.114312 0.133829
5 0.500310 0.500000 0.999380 1.000000