4 0.600749 0.476893 0.043491 0.085218
4 0.565956 0.518998 0.023826 0.070595
4 0.525868 0.541437 0.045761 0.089252
4 0.549505 0.413358 0.027986 0.081184
4 0.477649 0.477649 0.033280 0.055467
4 0.441154 0.442604 0.009455 0.020674
5 0.444936 0.398230 0.009455 0.013615
5 0.461387 0.323097 0.013615 0.010589
5 0.459496 0.445882 0.010589 0.016136
5 0.529839 0.411088 0.015127 0.012102
5 0.576734 0.449916 0.019666 0.026221
1 0.637055 0.382346 0.010967 0.015127
1 0.613418 0.394196 0.016640 0.027734
1 0.621171 0.438318 0.012480 0.017144
1 0.579381 0.433023 0.022691 0.014623
1 0.600938 0.443612 0.014371 0.024708
1 0.527570 0.444369 0.011346 0.013110
1 0.499017 0.440335 0.014749 0.013110
1 0.490886 0.399995 0.014371 0.038323
1 0.513010 0.385876 0.007942 0.017144
1 0.524355 0.399491 0.007186 0.011093
1 0.497126 0.517989 0.012480 0.015127
1 0.477838 0.389658 0.014749 0.017649
1 0.434347 0.388145 0.012480 0.014623
1 0.423947 0.409576 0.012102 0.018153
1 0.460064 0.332426 0.025338 0.057484
1 0.506959 0.473867 0.017775 0.031768
1 0.449474 0.461261 0.013237 0.010589
3 0.481998 0.369236 0.010211 0.017144
1 0.055026 0.350831 0.026095 0.030759
1 0.075826 0.322593 0.015506 0.016640
1 0.099652 0.385372 0.013237 0.015127
1 0.117049 0.360916 0.015506 0.015632
1 0.065615 0.383355 0.024582 0.017144
1 0.055593 0.486474 0.033280 0.038827
1 0.016262 0.507904 0.018909 0.017144
1 0.040088 0.529839 0.023448 0.022691
1 0.004160 0.424703 0.008320 0.025212
4 0.016640 0.456975 0.033280 0.061518
0 0.500000 0.303097 1.000000 0.606194