0 0.500000 0.500063 1.000000 0.999874
5 0.592051 0.394952 0.008698 0.033280
5 0.550450 0.410080 0.010967 0.030255
5 0.541941 0.395205 0.007564 0.028742
3 0.576356 0.366210 0.010589 0.032272
3 0.562741 0.374278 0.016640 0.044374
5 0.549126 0.691955 0.006051 0.014119
5 0.543454 0.679096 0.006051 0.014623
5 0.559337 0.632706 0.003782 0.008572
5 0.555556 0.637748 0.004538 0.014623
5 0.523788 0.721453 0.005295 0.007564
5 0.520952 0.733051 0.007942 0.012606
5 0.530784 0.731286 0.004160 0.012102
5 0.516602 0.793309 0.006807 0.017144
5 0.510173 0.789275 0.005295 0.011093
5 0.506770 0.782467 0.007564 0.009581
3 0.520573 0.842977 0.007186 0.018657
3 0.532108 0.847263 0.004538 0.010085
3 0.529083 0.837935 0.003025 0.011598
3 0.416383 0.750195 0.006051 0.014623
3 0.407307 0.747674 0.003782 0.011598
3 0.430187 0.670020 0.006429 0.015632
3 0.425459 0.668255 0.006051 0.011093
3 0.411656 0.747926 0.003404 0.012102
5 0.501475 0.641026 0.006807 0.018153
5 0.491831 0.643799 0.007186 0.013615
5 0.465547 0.118120 0.008320 0.028238
5 0.476893 0.115095 0.009833 0.010085
5 0.456471 0.105010 0.010589 0.008068
5 0.454958 0.125936 0.008320 0.017649
5 0.473867 0.136021 0.011346 0.015632
5 0.464224 0.138038 0.009455 0.012606
5 0.629302 0.034667 0.004538 0.014623
5 0.624953 0.033154 0.003404 0.011598
5 0.620414 0.035423 0.004160 0.013110
3 0.621927 0.157704 0.012480 0.027734
3 0.598480 0.137786 0.012480 0.024204
3 0.588080 0.138542 0.009076 0.017649
5 0.607745 0.140811 0.008320 0.027229
5 0.617956 0.138290 0.009833 0.019161
1 0.650669 0.095681 0.014749 0.017649
3 0.620225 0.241661 0.012858 0.037314
5 0.548748 0.306961 0.012858 0.027734
1 0.493722 0.295616 0.011724 0.027229
1 0.486726 0.243930 0.018909 0.018657
1 0.519817 0.252502 0.013993 0.016640
1 0.474813 0.288304 0.011724 0.020674
5 0.357764 0.745909 0.012102 0.041348
5 0.400688 0.617074 0.015506 0.027734
5 0.329211 0.634470 0.015506 0.042357
5 0.339422 0.688425 0.019287 0.039331
5 0.325807 0.699014 0.011724 0.037314
5 0.349822 0.702040 0.017397 0.034289
5 0.333560 0.740363 0.015127 0.021178
5 0.304440 0.632201 0.016640 0.031768
5 0.289312 0.621108 0.021935 0.020674
5 0.310113 0.782972 0.004538 0.008572
5 0.303116 0.766331 0.004916 0.010589
5 0.297822 0.768348 0.004160 0.008572
5 0.309924 0.676071 0.006429 0.013615
5 0.313138 0.689938 0.015884 0.045382
5 0.339044 0.532360 0.013237 0.023700
5 0.328833 0.526309 0.006429 0.010589
5 0.320324 0.525553 0.006051 0.011093
5 0.325429 0.545471 0.007186 0.016640
5 0.297443 0.508660 0.010211 0.027734
5 0.297443 0.534377 0.005673 0.016640
5 0.293283 0.529083 0.007186 0.019161
5 0.287422 0.529083 0.008320 0.015127
1 0.301414 0.605476 0.010589 0.016640
1 0.305385 0.303936 0.012480 0.024708
5 0.376863 0.272168 0.009455 0.017649
5 0.367786 0.288808 0.009455 0.014623
5 0.356062 0.277715 0.012480 0.024708
5 0.344149 0.285278 0.009833 0.028742
5 0.333749 0.287800 0.007186 0.018657
5 0.340179 0.255024 0.007186 0.013615
5 0.340935 0.276454 0.006429 0.016136
5 0.352280 0.292338 0.007942 0.009581
1 0.359277 0.235862 0.008320 0.015632
1 0.382157 0.245695 0.011724 0.010085
1 0.214242 0.286791 0.013993 0.015632
5 0.225588 0.307465 0.015506 0.023700
5 0.214432 0.304692 0.011346 0.022187
5 0.185689 0.245947 0.007564 0.019666
5 0.173209 0.215692 0.010589 0.016640
5 0.170373 0.227794 0.013237 0.020674
5 0.156191 0.218718 0.008320 0.024708
5 0.159216 0.203086 0.009833 0.012606
5 0.166402 0.193001 0.016640 0.009581
5 0.148060 0.204347 0.011724 0.020170
5 0.206111 0.277210 0.012102 0.019666
5 0.206301 0.742884 0.015506 0.031263
3 0.180584 0.782972 0.015506 0.033785
3 0.158838 0.707082 0.009076 0.007059
3 0.159973 0.724479 0.012858 0.009581
3 0.147114 0.738598 0.006807 0.013615
3 0.152976 0.735572 0.006429 0.007564
1 0.045193 0.244434 0.013237 0.020674
1 0.030444 0.231828 0.006429 0.014623