5 0.780336 0.157912 0.015459 0.024601
5 0.779338 0.127327 0.010472 0.020612
5 0.745180 0.166223 0.012965 0.026596
5 0.771360 0.499335 0.009475 0.019947
5 0.788813 0.500332 0.014461 0.023271
5 0.781333 0.509973 0.006483 0.017287
5 0.807513 0.590758 0.015957 0.025931
5 0.848903 0.587766 0.009973 0.025266
5 0.836187 0.569814 0.011469 0.018617
5 0.857131 0.587766 0.011469 0.025266
5 0.727227 0.545545 0.006981 0.012633
5 0.728474 0.559840 0.013464 0.014628
1 0.955618 0.478059 0.024934 0.038564
1 0.685339 0.521941 0.024934 0.030585
1 0.640957 0.634641 0.035904 0.036569
1 0.619265 0.507646 0.030419 0.019282
1 0.632729 0.493019 0.034408 0.025931
5 0.656416 0.539894 0.008976 0.019947
5 0.669132 0.540559 0.013464 0.029255
5 0.656915 0.558511 0.007979 0.022606
5 0.628740 0.534907 0.012467 0.025931
5 0.618767 0.534907 0.011469 0.019282
5 0.606799 0.544215 0.010472 0.033910
5 0.685090 0.363032 0.014461 0.023936
5 0.567653 0.261636 0.008976 0.024601
5 0.445728 0.548870 0.018451 0.055186
5 0.443484 0.476396 0.013963 0.036569
5 0.435505 0.449136 0.015957 0.036569
5 0.477394 0.478391 0.010971 0.023271
5 0.402593 0.489029 0.012965 0.049867
5 0.391373 0.474734 0.021443 0.033245
5 0.421044 0.442487 0.013963 0.032580
5 0.413813 0.436503 0.025432 0.031250
5 0.386137 0.639295 0.017952 0.057846
5 0.405834 0.636636 0.022440 0.051197
5 0.425781 0.407580 0.049368 0.037234
5 0.389378 0.437500 0.030419 0.043883
5 0.564910 0.144614 0.011469 0.021941
0 0.498138 0.394681 0.996276 0.789362