2 0.011314 0.147519 0.022628 0.071489
2 0.214468 0.601053 0.025079 0.064571
2 0.201928 0.420024 0.043240 0.032285
2 0.244952 0.471335 0.028970 0.068030
2 0.284948 0.441355 0.027673 0.055347
2 0.260302 0.412241 0.026808 0.051311
2 0.306568 0.421177 0.022485 0.062265
2 0.362924 0.384279 0.050158 0.092244
2 0.386273 0.805336 0.038916 0.088785
2 0.428648 0.797264 0.043240 0.089938
2 0.424756 0.851170 0.047563 0.085902
2 0.523126 0.465858 0.044537 0.120494
2 0.613713 0.391774 0.078696 0.109540
2 0.667978 0.349976 0.047996 0.121647
2 0.561609 0.481328 0.033294 0.084173
2 0.629279 0.501218 0.056211 0.117035
2 0.602687 0.575302 0.054049 0.118765
2 0.684698 0.509578 0.037618 0.112999
2 0.706750 0.539557 0.041078 0.080714
2 0.739756 0.278486 0.047996 0.045546
2 0.725487 0.321149 0.053185 0.059382
2 0.730459 0.351705 0.047563 0.076678
2 0.732838 0.420312 0.035889 0.078984
2 0.769656 0.869783 0.035308 0.039348
0 0.329206 0.185424 0.120263 0.099997
5 0.501405 0.503232 0.991568 0.993536