2 0.195659 0.121863 0.013404 0.044393
2 0.204955 0.125034 0.014701 0.034592
2 0.218143 0.120999 0.015134 0.039204
2 0.227007 0.120999 0.013837 0.043816
2 0.245168 0.113504 0.015566 0.051887
2 0.224629 0.197100 0.023782 0.055347
2 0.258933 0.268205 0.023782 0.039204
2 0.277742 0.263881 0.022485 0.052464
2 0.295686 0.232460 0.011675 0.050734
2 0.311901 0.230443 0.014701 0.045546
2 0.316729 0.846942 0.020323 0.032862
2 0.343105 0.954752 0.028970 0.043240
2 0.322783 0.905459 0.018593 0.034592
2 0.359320 0.883263 0.019025 0.043240
2 0.441259 0.359488 0.018593 0.047275
2 0.456393 0.377937 0.018593 0.062265
2 0.470446 0.389756 0.016431 0.037474
2 0.479958 0.367272 0.012972 0.042086
2 0.496173 0.368136 0.029835 0.029979
2 0.499849 0.347670 0.019890 0.049005
2 0.515415 0.348823 0.015566 0.066301
2 0.551736 0.334698 0.023349 0.074948
0 0.448813 0.656795 0.089587 0.105396
0 0.385048 0.264252 0.099073 0.068859
5 0.505340 0.503232 0.989320 0.993536