5 0.973541 0.125750 0.011457 0.020185
5 0.982951 0.130115 0.006547 0.031097
5 0.659711 0.968085 0.007365 0.020185
5 0.659506 0.977360 0.011866 0.021277
5 0.687943 0.055919 0.007365 0.012548
5 0.671781 0.018276 0.007774 0.018003
5 0.623909 0.014184 0.008592 0.017458
5 0.593631 0.003819 0.006137 0.007638
5 0.604064 0.039280 0.004092 0.012002
5 0.527755 0.147845 0.007774 0.015276
5 0.534711 0.151391 0.008592 0.018003
1 0.590562 0.159574 0.103928 0.078014
4 0.614907 0.396890 0.005319 0.008183
4 0.585447 0.578833 0.021686 0.055646
3 0.564171 0.570104 0.020867 0.057829
1 0.449400 0.939171 0.067921 0.068194
4 0.407665 0.409984 0.011457 0.023459
4 0.447968 0.397163 0.006137 0.010911
4 0.381069 0.138571 0.018003 0.038189
5 0.452878 0.111839 0.008592 0.016367
3 0.459834 0.085379 0.011047 0.024550
5 0.406438 0.061648 0.007365 0.018549
5 0.403778 0.238134 0.006137 0.011457
5 0.345063 0.214403 0.007365 0.016367
3 0.369408 0.235406 0.011047 0.024550
3 0.385775 0.240589 0.008592 0.018549
4 0.332379 0.410256 0.005728 0.007638
4 0.313762 0.446263 0.011866 0.019640
0 0.498138 0.496809 0.996276 0.989362