0 0.500000 0.500000 1.000000 1.000000
5 0.905756 0.052568 0.012102 0.020170
4 0.873988 0.044500 0.008320 0.024204
4 0.865101 0.048534 0.008698 0.017144
4 0.778118 0.173587 0.021557 0.035297
4 0.759965 0.179386 0.023069 0.039836
4 0.750321 0.173083 0.014371 0.031263
1 0.951327 0.141063 0.039710 0.051938
1 0.641404 0.384868 0.031768 0.034289
1 0.635353 0.427476 0.029499 0.034793
1 0.657477 0.452689 0.039710 0.034793
1 0.601127 0.476389 0.022313 0.026725
1 0.579570 0.443865 0.045004 0.038323
4 0.646509 0.488238 0.018531 0.045382
4 0.661637 0.483196 0.013993 0.021178
4 0.668066 0.468068 0.023826 0.024204
4 0.681492 0.440587 0.023448 0.020674
4 0.657855 0.431006 0.022313 0.028742
4 0.632516 0.448907 0.017775 0.032272
4 0.619658 0.487230 0.012480 0.039331
1 0.621360 0.514207 0.015127 0.014623
1 0.643106 0.527066 0.025338 0.034289
1 0.412979 0.977359 0.020422 0.021178
1 0.450231 0.984923 0.013993 0.021178
1 0.400121 0.733807 0.024960 0.056476
1 0.361735 0.740363 0.029120 0.066561
1 0.374215 0.582785 0.031389 0.024708
1 0.321836 0.600938 0.017397 0.020674
1 0.341124 0.609258 0.016640 0.026221
1 0.335640 0.559085 0.022313 0.030759
4 0.357008 0.604720 0.017397 0.044374
4 0.436049 0.610014 0.013615 0.038827
4 0.423758 0.603963 0.018531 0.034793
4 0.459874 0.470338 0.018909 0.048912
4 0.424136 0.525049 0.011724 0.037314
5 0.439263 0.496054 0.026095 0.065048
1 0.447772 0.443865 0.064292 0.036306
1 0.402201 0.416635 0.026851 0.029246
4 0.346040 0.256284 0.013615 0.033280
4 0.349444 0.295363 0.013615 0.015632
4 0.333938 0.305701 0.018153 0.036306
1 0.342069 0.970048 0.048030 0.045887
1 0.160162 0.833901 0.035928 0.020674
1 0.181908 0.805158 0.009833 0.010589
1 0.132176 0.844742 0.017018 0.030255