5 0.928942 0.290235 0.007365 0.010911
5 0.647027 0.638843 0.017185 0.029460
3 0.663803 0.627114 0.020458 0.052919
3 0.522436 0.634752 0.005319 0.025641
3 0.528573 0.638843 0.004501 0.022913
3 0.506683 0.630115 0.005728 0.025095
4 0.424850 0.591107 0.023732 0.048554
4 0.402141 0.217676 0.015957 0.012002
1 0.390889 0.072013 0.056465 0.074195
5 0.472313 0.276596 0.016367 0.050191
5 0.345676 0.618385 0.011866 0.023459
5 0.355701 0.624932 0.009002 0.026732
5 0.345267 0.648936 0.004501 0.027823
5 0.352019 0.647845 0.007365 0.022368
5 0.357951 0.639935 0.014321 0.010911
3 0.339334 0.627114 0.012275 0.025641
4 0.198377 0.224223 0.024959 0.042553
5 0.255660 0.274141 0.017594 0.036552
0 0.497606 0.497872 0.994149 0.995744