2 0.526229 0.557500 0.027261 0.066914
2 0.553181 0.552131 0.022924 0.072697
2 0.507951 0.600045 0.030359 0.033044
4 0.556898 0.536435 0.017968 0.044610
4 0.457146 0.526934 0.024164 0.066914
4 0.486886 0.548413 0.017968 0.027261
2 0.440107 0.642176 0.023544 0.054523
4 0.422140 0.626480 0.022305 0.036349
2 0.588806 0.508347 0.033457 0.044610
0 0.548573 0.046720 0.094444 0.092434
2 0.361972 0.226702 0.021447 0.045754
0 0.420832 0.214628 0.060051 0.071172
2 0.437036 0.236870 0.020970 0.022877
2 0.058781 0.027166 0.018111 0.025419
2 0.992823 0.457972 0.014354 0.049566
2 0.935306 0.240087 0.018587 0.022718
2 0.931433 0.206526 0.020136 0.023751
2 0.921365 0.204461 0.003098 0.001033
2 0.955055 0.213755 0.019362 0.027881
2 0.776926 0.168835 0.025558 0.057827
0 0.785832 0.125981 0.063507 0.052664
2 0.945761 0.030721 0.027107 0.053697
2 0.894646 0.061183 0.031753 0.050599
2 0.921752 0.105070 0.025558 0.055762
2 0.994759 0.125723 0.010481 0.035109
4 0.980612 0.113848 0.016264 0.046468
5 0.501239 0.497522 0.997522 0.991326