2 0.596945 0.637378 0.019299 0.091751
2 0.583250 0.641763 0.021782 0.107322
2 0.552755 0.655040 0.041698 0.105109
2 0.490208 0.393928 0.000000 0.001106
4 0.512924 0.435971 0.021782 0.074129
2 0.473405 0.425460 0.023649 0.070810
2 0.492698 0.431546 0.018671 0.105109
2 0.355394 0.188608 0.026910 0.081874
2 0.372820 0.200266 0.024421 0.078474
2 0.406813 0.192561 0.024894 0.089619
2 0.389076 0.193114 0.014314 0.115067
1 0.067733 0.452613 0.026761 0.061959
2 0.085159 0.419974 0.020538 0.076342
2 0.067111 0.404485 0.023027 0.052001
4 0.029769 0.419421 0.018048 0.079661
4 0.045951 0.417208 0.024272 0.070810
5 0.500000 0.497843 1.000000 0.979504