4 0.786348 0.007638 0.011047 0.015276
4 0.810693 0.081833 0.016367 0.034915
4 0.863271 0.160666 0.011047 0.018003
2 0.732542 0.036552 0.012275 0.029460
5 0.753410 0.040371 0.008183 0.022913
1 0.820513 0.426077 0.047463 0.054555
3 0.816421 0.638571 0.004910 0.014730
3 0.822763 0.647027 0.006956 0.013093
3 0.940194 0.920895 0.011047 0.030551
1 0.919735 0.931533 0.043781 0.045281
1 0.883729 0.943262 0.024141 0.026187
5 0.703492 0.926077 0.013912 0.037643
3 0.694899 0.966721 0.015548 0.037098
3 0.711470 0.950627 0.008592 0.025641
1 0.568058 0.966176 0.049100 0.050191
1 0.614089 0.942990 0.029051 0.055101
5 0.604883 0.875341 0.006547 0.031097
3 0.611020 0.879433 0.008183 0.037098
5 0.689171 0.543917 0.014730 0.039280
5 0.627387 0.204855 0.008183 0.021277
5 0.635979 0.185761 0.008183 0.008183
5 0.633524 0.166394 0.007365 0.025095
5 0.638434 0.154937 0.006547 0.017458
5 0.420758 0.236225 0.014730 0.041462
3 0.445717 0.446536 0.016367 0.042008
3 0.332788 0.630660 0.023732 0.062193
3 0.286143 0.807420 0.004092 0.013093
3 0.211470 0.768685 0.003682 0.008729
3 0.217608 0.770867 0.006137 0.014184
3 0.253001 0.626568 0.002455 0.010366
3 0.258115 0.627660 0.004501 0.010366
3 0.256069 0.625477 0.002046 0.010366
5 0.075218 0.820513 0.010229 0.038189
5 0.054760 0.822422 0.011866 0.036552
2 0.042076 0.826514 0.011866 0.036007
2 0.026732 0.475996 0.017185 0.045281
4 0.025914 0.428532 0.012275 0.012548
5 0.039212 0.657665 0.004501 0.013639
5 0.043508 0.656028 0.005728 0.014730
5 0.139253 0.770595 0.004910 0.013639
5 0.143344 0.743044 0.005728 0.020731
5 0.208402 0.684670 0.002455 0.010911
5 0.211266 0.683852 0.004910 0.014730
0 0.500798 0.496809 0.994149 0.993617