2 0.259897 0.689975 0.032362 0.117464
2 0.309789 0.668400 0.045847 0.136641
2 0.467907 0.457707 0.032362 0.146755
2 0.494876 0.445983 0.037756 0.122258
2 0.486785 0.528687 0.026969 0.105478
2 0.507012 0.547864 0.016181 0.124655
2 0.524542 0.531084 0.021575 0.100683
2 0.557578 0.725259 0.022923 0.100683
2 0.523867 0.783991 0.041802 0.098286
2 0.533981 0.684506 0.029666 0.119861
2 0.474649 0.629370 0.067422 0.086300
2 0.726133 0.568216 0.033711 0.129450
1 0.749730 0.498697 0.029666 0.115067
0 0.680960 0.147504 0.091694 0.237325
2 0.301375 0.958518 0.025620 0.082964
5 0.339132 0.950128 0.028317 0.099744
2 0.322276 0.920163 0.021575 0.159674
2 0.088530 0.564891 0.034541 0.111194
2 0.039053 0.542486 0.019604 0.063065
2 0.053989 0.586466 0.015870 0.094598
2 0.069859 0.554933 0.023338 0.131109
2 0.500000 0.500000 1.000000 1.000000