5 0.886184 0.099291 0.008592 0.028369
5 0.893753 0.102291 0.009002 0.026732
5 0.900300 0.101746 0.007365 0.034370
5 0.909097 0.086743 0.010229 0.027278
5 0.936511 0.195854 0.009411 0.038189
5 0.913189 0.193944 0.008592 0.025641
5 0.844654 0.219313 0.008183 0.038189
5 0.955537 0.175941 0.009820 0.015821
5 0.989498 0.217676 0.011457 0.027278
5 0.746863 0.073923 0.007365 0.021277
5 0.754842 0.080196 0.008592 0.022913
5 0.788598 0.060556 0.013912 0.030551
5 0.802714 0.020458 0.006137 0.019094
5 0.809465 0.024823 0.009002 0.037643
5 0.834629 0.048827 0.006137 0.018003
5 0.956356 0.624659 0.014730 0.037098
5 0.939171 0.465085 0.009002 0.023459
5 0.948786 0.465903 0.009411 0.020731
1 0.778778 0.540917 0.040098 0.030005
5 0.994954 0.429078 0.010092 0.039825
5 0.745022 0.358974 0.015957 0.036007
5 0.702673 0.141298 0.004910 0.034915
5 0.709629 0.139389 0.012275 0.030005
5 0.677100 0.098472 0.011047 0.033279
5 0.658279 0.159302 0.005319 0.019640
5 0.714948 0.370158 0.009002 0.034370
5 0.724564 0.369340 0.009411 0.038189
5 0.718017 0.332788 0.009411 0.039280
1 0.687943 0.325696 0.034370 0.052373
5 0.639457 0.498091 0.008592 0.024004
5 0.641912 0.463175 0.007774 0.020731
5 0.621863 0.449536 0.012684 0.008729
1 0.645185 0.441626 0.031506 0.022368
5 0.599564 0.562466 0.021277 0.061102
5 0.445104 0.387070 0.014321 0.039825
5 0.457788 0.367158 0.009411 0.040371
5 0.477632 0.332242 0.011457 0.033824
5 0.471904 0.369613 0.008183 0.033279
5 0.481724 0.396072 0.009820 0.034915
5 0.491544 0.397709 0.011457 0.050191
5 0.501773 0.396618 0.007365 0.033824
5 0.542076 0.420895 0.009411 0.032188
5 0.547804 0.428260 0.007774 0.026187
5 0.521413 0.519094 0.013093 0.034370
5 0.523459 0.546645 0.009002 0.020731
5 0.495022 0.520731 0.011866 0.026732
5 0.511593 0.542008 0.008183 0.036552
5 0.482338 0.546099 0.009411 0.041462
5 0.472518 0.539280 0.011866 0.033279
5 0.469244 0.556738 0.015139 0.043099
5 0.455742 0.562739 0.015957 0.049645
5 0.452878 0.627660 0.011866 0.050736
5 0.435488 0.622204 0.015548 0.046372
5 0.440398 0.538734 0.013912 0.040917
5 0.502591 0.547463 0.011457 0.020185
5 0.446740 0.734315 0.016776 0.042553
5 0.654392 0.656301 0.013093 0.025095
5 0.662575 0.674032 0.009820 0.024550
5 0.670349 0.680033 0.010638 0.016912
5 0.681806 0.677305 0.007365 0.012548
5 0.691830 0.677305 0.006956 0.018003
1 0.590971 0.804146 0.042553 0.056738
5 0.395390 0.719313 0.012275 0.027823
5 0.370431 0.724223 0.007365 0.030005
5 0.377182 0.729405 0.007774 0.038189
5 0.381069 0.739498 0.010638 0.042008
5 0.389866 0.734315 0.013502 0.037098
5 0.314580 0.637480 0.012684 0.034370
5 0.322763 0.629842 0.010229 0.044190
5 0.370226 0.113202 0.006137 0.015821
5 0.362043 0.110202 0.005319 0.014184
5 0.644776 0.059193 0.011047 0.021277
5 0.572354 0.022640 0.009411 0.026732
5 0.564989 0.036007 0.010229 0.017458
5 0.563762 0.042280 0.009411 0.024550
5 0.546372 0.063830 0.010638 0.022913
5 0.583197 0.043917 0.007365 0.022368
5 0.588312 0.046372 0.010229 0.028369
5 0.571945 0.038462 0.008592 0.040917
1 0.557010 0.114294 0.026187 0.018003
5 0.460652 0.732133 0.009411 0.018549
5 0.351814 0.116476 0.006137 0.014730
5 0.358565 0.122750 0.004092 0.022913
5 0.365930 0.128205 0.006547 0.020731
1 0.586266 0.088652 0.018412 0.037643
1 0.523254 0.098745 0.025777 0.040371
1 0.549032 0.049645 0.042144 0.054555
1 0.453696 0.038734 0.029051 0.026187
1 0.420963 0.021004 0.025777 0.042008
1 0.435897 0.008729 0.012275 0.010911
1 0.376364 0.091926 0.026596 0.030005
1 0.391503 0.066830 0.022504 0.030005
1 0.403573 0.040098 0.016367 0.014730
1 0.560897 0.283688 0.029869 0.052373
5 0.431601 0.429896 0.008592 0.021822
5 0.437739 0.434534 0.006956 0.019094
5 0.448991 0.415439 0.009820 0.028914
1 0.359384 0.238680 0.036825 0.036552
5 0.444899 0.289416 0.011457 0.027823
5 0.471904 0.281233 0.011457 0.042008
5 0.478655 0.292144 0.009411 0.034370
5 0.521004 0.265139 0.009002 0.029460
5 0.527960 0.271413 0.013912 0.019094
1 0.480087 0.128478 0.021277 0.043099
1 0.335652 0.274141 0.022913 0.023459
5 0.308442 0.209220 0.012684 0.009274
5 0.313148 0.218767 0.006547 0.009820
5 0.327059 0.209220 0.005728 0.018003
5 0.312330 0.269776 0.008183 0.014730
5 0.305987 0.263230 0.006956 0.007092
1 0.318058 0.246045 0.025368 0.024004
1 0.320513 0.226132 0.027005 0.019094
5 0.290439 0.122204 0.008592 0.017458
5 0.242567 0.411620 0.017594 0.042008
5 0.262821 0.402073 0.014730 0.037098
5 0.207174 0.439444 0.014730 0.028914
5 0.207788 0.312602 0.009411 0.043644
5 0.194490 0.313693 0.008183 0.037098
1 0.250136 0.381342 0.054828 0.025095
1 0.260161 0.432897 0.030687 0.031097
1 0.240930 0.452810 0.024141 0.029460
1 0.157256 0.439989 0.023732 0.014730
1 0.166871 0.366339 0.016776 0.027823
1 0.138434 0.373432 0.016367 0.033279
1 0.166258 0.228041 0.031097 0.045827
2 0.163598 0.213584 0.010229 0.008183
2 0.174645 0.239498 0.006137 0.012002
2 0.215767 0.184943 0.005728 0.014184
2 0.153164 0.396618 0.008183 0.017458
2 0.151528 0.378614 0.005728 0.014184
2 0.138843 0.424714 0.012275 0.007092
2 0.179965 0.415439 0.007774 0.012548
2 0.170554 0.409438 0.004501 0.010366
2 0.126568 0.520185 0.009002 0.015821
2 0.154801 0.473541 0.007365 0.018549
5 0.144163 0.473541 0.008183 0.020731
5 0.069285 0.315057 0.004910 0.016912
5 0.074604 0.319967 0.009002 0.020185
5 0.052305 0.370704 0.009411 0.016912
5 0.058852 0.384070 0.003682 0.017458
5 0.066626 0.378614 0.006137 0.013093
5 0.066830 0.404255 0.006547 0.015276
5 0.063762 0.448991 0.005319 0.022913
5 0.088721 0.466721 0.006137 0.025641
5 0.095472 0.466448 0.009002 0.022913
1 0.079310 0.532188 0.044599 0.063830
1 0.167485 0.723131 0.057283 0.087834
1 0.122681 0.726132 0.039689 0.072013
1 0.094449 0.729133 0.020049 0.084561
5 0.072354 0.625477 0.009411 0.028914
5 0.080537 0.627932 0.006956 0.019640
5 0.096699 0.651937 0.007365 0.026187
5 0.085447 0.655483 0.007774 0.024550
5 0.022845 0.719585 0.007774 0.019640
5 0.015480 0.719585 0.005319 0.019640
2 0.024277 0.746318 0.009820 0.032733
1 0.039007 0.765957 0.031097 0.044735
1 0.073377 0.684943 0.023732 0.036552
5 0.120840 0.864157 0.014730 0.041462
5 0.131478 0.855428 0.010638 0.038189
5 0.200423 0.837698 0.008592 0.031097
5 0.216380 0.840153 0.006956 0.034915
5 0.224973 0.831969 0.007774 0.030551
5 0.119408 0.944081 0.015139 0.038734
5 0.133933 0.903983 0.009002 0.028369
5 0.144981 0.901528 0.009820 0.034370
5 0.160529 0.899073 0.009820 0.030551
5 0.828162 0.736998 0.016844 0.046099
5 0.843011 0.750296 0.009309 0.031324
5 0.787603 0.733747 0.011968 0.020686
5 0.777408 0.849882 0.019060 0.018913
5 0.798907 0.974882 0.019504 0.033688
5 0.783171 0.966312 0.014628 0.040189
5 0.772976 0.974882 0.019060 0.049054
2 0.753915 0.972222 0.010195 0.030733
2 0.909722 0.914303 0.011525 0.031915
2 0.902187 0.917849 0.012411 0.022459
2 0.861628 0.989066 0.010195 0.019504
2 0.872931 0.992021 0.017730 0.008865
2 0.735963 0.948877 0.019504 0.010047
2 0.744385 0.961584 0.009752 0.016548
2 0.736185 0.984338 0.014628 0.031324
2 0.718011 0.991135 0.024379 0.013002
2 0.711362 0.963061 0.011082 0.024232
2 0.708038 0.923463 0.010638 0.025414
1 0.825059 0.918735 0.027482 0.044326
1 0.921690 0.970449 0.039894 0.043735
1 0.890440 0.898641 0.029699 0.052600
1 0.765440 0.894799 0.026152 0.039007
0 0.497340 0.501064 0.994680 0.993617