0 0.500000 0.500000 1.000000 1.000000
5 0.541184 0.430502 0.029499 0.056980
5 0.512253 0.427224 0.026095 0.050425
5 0.551774 0.379069 0.014371 0.038827
4 0.506202 0.629176 0.012480 0.022691
1 0.529650 0.658674 0.017018 0.020170
1 0.603396 0.335955 0.015506 0.030255
1 0.623062 0.339485 0.009455 0.014119
1 0.591672 0.209893 0.012480 0.013110
1 0.550261 0.209641 0.013615 0.013615
1 0.597345 0.278975 0.008698 0.013110
5 0.570872 0.242165 0.021557 0.046391
5 0.564254 0.154426 0.017397 0.030255
4 0.871341 0.142072 0.020422 0.046895
5 0.864723 0.065930 0.011724 0.033785
5 0.887603 0.052820 0.017397 0.016640
5 0.943953 0.025591 0.012858 0.023700
1 0.936767 0.012732 0.022691 0.023195
1 0.935255 0.048786 0.014371 0.017649
1 0.992588 0.072486 0.014824 0.019666
1 0.905756 0.129970 0.013615 0.021683
4 0.821231 0.961728 0.012480 0.029246
5 0.647266 0.970300 0.010967 0.020170
1 0.354360 0.040214 0.040088 0.050929
1 0.224832 0.947861 0.014749 0.012606
5 0.198359 0.833648 0.017018 0.014119
5 0.169617 0.836674 0.009455 0.013110