5 0.835243 0.271959 0.010638 0.021277
5 0.842812 0.340698 0.014321 0.021277
1 0.809875 0.265139 0.030278 0.021822
1 0.839744 0.248227 0.031915 0.043644
1 0.847722 0.316421 0.020049 0.031642
1 0.854064 0.352155 0.028642 0.039825
1 0.815807 0.327059 0.016776 0.028914
1 0.796372 0.312602 0.024550 0.038189
1 0.773868 0.292144 0.025368 0.034370
1 0.927510 0.454992 0.029051 0.024004
1 0.800668 0.605019 0.026596 0.028369
1 0.777960 0.567921 0.030278 0.031642
1 0.739294 0.587561 0.023322 0.019640
1 0.802510 0.672395 0.044190 0.035461
1 0.770799 0.630115 0.057692 0.053464
5 0.632911 0.461538 0.011866 0.034915
5 0.647640 0.467812 0.015139 0.043099
5 0.646413 0.504637 0.019231 0.043644
1 0.593426 0.385706 0.058101 0.051282
1 0.406028 0.740316 0.027823 0.033824
1 0.356519 0.646754 0.038462 0.030005
1 0.359179 0.691762 0.027414 0.041462
1 0.379637 0.724768 0.029051 0.034370
1 0.407665 0.695854 0.035188 0.027823
1 0.268549 0.597109 0.022913 0.027823
1 0.251568 0.567103 0.038052 0.032188
1 0.218221 0.588652 0.022913 0.026187
1 0.207583 0.624113 0.039280 0.042553
1 0.281642 0.631206 0.040917 0.027278
1 0.245022 0.660938 0.032324 0.040917
5 0.158279 0.804146 0.019231 0.050191
1 0.192239 0.122477 0.015957 0.022368
1 0.176691 0.138025 0.024141 0.024004
1 0.198582 0.181669 0.022095 0.040371
5 0.200832 0.212220 0.015139 0.026187
5 0.191421 0.204037 0.015139 0.012002
5 0.170554 0.151937 0.007774 0.016912
1 0.117771 0.240589 0.015957 0.025095
1 0.125750 0.214675 0.022913 0.030005
1 0.105701 0.223404 0.027005 0.023459
1 0.281642 0.294053 0.022095 0.031642
1 0.264662 0.244954 0.021686 0.042553
1 0.182215 0.650027 0.030278 0.045281
1 0.064989 0.027550 0.040507 0.034370
1 0.078696 0.009002 0.018003 0.018003
0 0.495745 0.497872 0.991489 0.995744