3 0.827059 0.185215 0.010638 0.035461
3 0.817853 0.181397 0.011866 0.028914
4 0.841789 0.185761 0.016367 0.055101
1 0.899686 0.151664 0.042144 0.037098
5 0.992567 0.314785 0.009411 0.024004
5 0.944490 0.378614 0.016367 0.026187
5 0.938148 0.311511 0.008592 0.025095
5 0.946945 0.322422 0.006547 0.026187
5 0.953492 0.319694 0.009002 0.040371
5 0.982133 0.325968 0.008183 0.035461
5 0.968835 0.326514 0.008592 0.037643
4 0.969040 0.337425 0.016367 0.047463
3 0.732338 0.388707 0.013502 0.049645
4 0.774686 0.485816 0.013912 0.019094
5 0.769776 0.496181 0.008183 0.019094
3 0.758524 0.486634 0.014321 0.018549
3 0.763434 0.496999 0.014321 0.014184
4 0.925873 0.379433 0.006956 0.021277
5 0.704924 0.379705 0.018412 0.028369
3 0.668917 0.705401 0.004501 0.015276
3 0.666462 0.725041 0.006137 0.014184
3 0.687330 0.696945 0.006137 0.014730
4 0.682010 0.699127 0.007774 0.014730
4 0.678328 0.712766 0.003682 0.020185
4 0.672395 0.715767 0.005728 0.026187
3 0.678737 0.726132 0.006956 0.013093
3 0.683442 0.715767 0.009002 0.016367
1 0.658688 0.069013 0.026596 0.037643
1 0.634343 0.049100 0.048282 0.050191
1 0.615726 0.079378 0.058511 0.039825
1 0.592403 0.108565 0.042144 0.032733
3 0.494408 0.180306 0.007365 0.011457
3 0.488066 0.178942 0.008592 0.012002
3 0.482133 0.201037 0.004092 0.020185
4 0.487452 0.194763 0.007365 0.029460
5 0.493590 0.217403 0.006547 0.019094
5 0.581765 0.476268 0.014321 0.031642
3 0.570717 0.514184 0.010229 0.039825
3 0.504637 0.595745 0.008183 0.031642
3 0.527960 0.595199 0.009820 0.036007
5 0.514253 0.602837 0.013502 0.039280
3 0.520390 0.600655 0.008592 0.044735
3 0.529392 0.879978 0.006137 0.021822
3 0.542894 0.877523 0.006956 0.024550
3 0.536552 0.879705 0.004092 0.032188
1 0.522436 0.976268 0.054419 0.044190
1 0.556601 0.824059 0.041735 0.068194
1 0.382297 0.804692 0.042553 0.042553
5 0.439375 0.752319 0.006137 0.020731
3 0.434670 0.635843 0.009002 0.037643
3 0.427510 0.623022 0.009411 0.033824
5 0.418917 0.636388 0.013502 0.034370
3 0.410734 0.626296 0.010229 0.042553
1 0.350996 0.633115 0.043781 0.040917
1 0.342812 0.497545 0.029869 0.028369
1 0.311511 0.515548 0.037643 0.039280
1 0.294531 0.560284 0.033961 0.048009
1 0.326855 0.567103 0.020867 0.035461
1 0.519572 0.402619 0.019231 0.027278
1 0.384547 0.034643 0.078151 0.064921
4 0.455537 0.433442 0.013093 0.010366
0 0.609574 0.503191 0.780851 0.993617