1 0.516912 0.142117 0.019640 0.033279
5 0.490112 0.177578 0.013502 0.035461
5 0.508320 0.231588 0.014730 0.038734
5 0.506069 0.253410 0.020049 0.021277
5 0.453901 0.421167 0.022913 0.044735
5 0.443467 0.474086 0.017594 0.043644
5 0.403983 0.493453 0.015548 0.044190
5 0.418712 0.509002 0.009002 0.030551
1 0.512411 0.447081 0.035188 0.038734
1 0.411348 0.447900 0.047463 0.062193
1 0.509343 0.389798 0.032324 0.047463
5 0.310488 0.630387 0.015139 0.057283
5 0.265889 0.521822 0.024959 0.066012
5 0.192444 0.618658 0.028642 0.076378
5 0.215562 0.613202 0.032324 0.077469
5 0.222518 0.556192 0.017594 0.039825
5 0.232747 0.581833 0.019231 0.058374
5 0.253205 0.579105 0.026596 0.078014
5 0.114703 0.199127 0.014730 0.024004
5 0.125546 0.208674 0.008592 0.026732
5 0.133320 0.207583 0.008592 0.022368
1 0.112657 0.392526 0.031097 0.038734
1 0.064580 0.373159 0.024141 0.048009
1 0.052100 0.508456 0.040917 0.065466
1 0.010502 0.520458 0.021004 0.072013
5 0.039825 0.555919 0.015548 0.038189
5 0.035120 0.576923 0.028232 0.042008
5 0.047600 0.587834 0.026187 0.036552
5 0.005660 0.566558 0.010229 0.025641
0 0.498138 0.497872 0.996276 0.995744