1 0.032409 0.739443 0.064341 0.161408
1 0.083524 0.534823 0.022162 0.092778
1 0.022281 0.585661 0.044562 0.176659
1 0.012630 0.566597 0.025260 0.082610
0 0.287985 0.206923 0.119388 0.261812
2 0.463222 0.448678 0.023234 0.089219
4 0.485992 0.412330 0.031599 0.062784
4 0.506902 0.442069 0.017658 0.029740
4 0.480416 0.357807 0.027881 0.079306
4 0.500000 0.500000 1.000000 1.000000
4 0.516196 0.563920 0.023234 0.069393
2 0.766438 0.849124 0.032528 0.134242
2 0.765489 0.063817 0.001859 0.006609
5 0.019826 0.774267 0.039652 0.092524