0 0.039445 0.502833 0.076176 0.105445
1 0.235991 0.634251 0.012211 0.028687
1 0.224070 0.576489 0.017445 0.020159
1 0.181330 0.589670 0.007559 0.015507
1 0.197612 0.592771 0.007559 0.018608
1 0.209242 0.602075 0.007559 0.024811
1 0.207788 0.582692 0.016282 0.017057
1 0.215348 0.621846 0.012793 0.034890
2 0.298792 0.866850 0.038960 0.061251
2 0.548351 0.719538 0.025586 0.067454
2 0.556783 0.568736 0.029656 0.077533
2 0.584695 0.634639 0.033145 0.034114
2 0.584114 0.581529 0.028493 0.069004
2 0.602721 0.598586 0.038960 0.069004
2 0.622783 0.568736 0.023260 0.049621
5 0.502811 0.504356 0.994378 0.991287