2 0.519107 0.578101 0.038724 0.072284
2 0.490064 0.559514 0.027107 0.064023
2 0.530724 0.677234 0.027881 0.064023
2 0.502843 0.678267 0.026332 0.053697
2 0.509813 0.472773 0.027881 0.035109
0 0.556282 0.447990 0.041822 0.053697
0 0.506715 0.493942 0.085192 0.102230
0 0.555894 0.596689 0.034851 0.092937
0 0.656963 0.386236 0.057311 0.047501
0 0.727051 0.191672 0.144823 0.133384
2 0.674002 0.171965 0.020136 0.032012
2 0.674776 0.204493 0.024783 0.035109
2 0.899118 0.413797 0.034988 0.093301
2 0.766820 0.593110 0.026241 0.061229
0 0.764633 0.480857 0.054669 0.125374
2 0.806181 0.466279 0.043735 0.072892
5 0.498451 0.500000 0.996902 1.000000