5 0.893753 0.385161 0.013912 0.040371
5 0.902141 0.418985 0.036416 0.061102
5 0.878001 0.423895 0.018412 0.049100
5 0.923827 0.418712 0.013502 0.043099
5 0.908279 0.447354 0.014321 0.048009
5 0.926487 0.432351 0.031097 0.062739
5 0.934261 0.446536 0.016367 0.078014
5 0.959834 0.439171 0.042962 0.094926
5 0.963107 0.403983 0.033961 0.051828
5 0.988407 0.388434 0.023186 0.112384
5 0.553532 0.029187 0.013502 0.016912
5 0.493385 0.039825 0.015139 0.017458
4 0.412166 0.058101 0.013912 0.025641
5 0.429965 0.030005 0.010229 0.017458
5 0.583402 0.507911 0.020867 0.081833
5 0.558647 0.523459 0.025368 0.093290
5 0.428532 0.560556 0.014730 0.075832
5 0.456969 0.578014 0.024959 0.050736
5 0.427305 0.450082 0.031915 0.091653
5 0.457379 0.463721 0.024959 0.078560
5 0.470676 0.503001 0.018822 0.101473
5 0.505251 0.485270 0.016776 0.080196
5 0.483565 0.501364 0.018412 0.068740
3 0.413189 0.681124 0.013502 0.033279
4 0.414212 0.669667 0.012275 0.038734
4 0.428737 0.678123 0.023322 0.028369
5 0.452673 0.683033 0.017185 0.044735
3 0.258320 0.052919 0.013093 0.030551
5 0.050464 0.045008 0.015548 0.031097
0 0.499202 0.497872 0.997340 0.995744