2 0.160995 0.089193 0.021620 0.044393
2 0.128565 0.409358 0.026808 0.042086
2 0.156671 0.421753 0.025944 0.038051
2 0.203658 0.268878 0.038051 0.047852
2 0.229169 0.431074 0.028538 0.076678
2 0.245600 0.425597 0.031132 0.054194
2 0.276517 0.417525 0.035024 0.063418
0 0.238898 0.080930 0.038483 0.028250
2 0.353267 0.120422 0.014701 0.035745
0 0.485075 0.534464 0.038483 0.046699
1 0.516424 0.565885 0.013837 0.017296
2 0.572707 0.643716 0.044537 0.073795
2 0.592165 0.568479 0.028970 0.031709
2 0.540494 0.562138 0.021620 0.027097
4 0.561897 0.568479 0.014269 0.024791
0 0.595696 0.456633 0.036321 0.035168
0 0.617532 0.505926 0.017728 0.054194
0 0.541431 0.203730 0.044537 0.067454
5 0.498876 0.498876 0.989882 0.980326