1 0.747068 0.646754 0.037234 0.067103
1 0.720267 0.683852 0.022913 0.035461
1 0.597109 0.665303 0.045827 0.047463
1 0.614498 0.610202 0.022504 0.042008
1 0.578287 0.567376 0.037643 0.057829
2 0.522027 0.567103 0.031506 0.068194
2 0.463925 0.577741 0.028232 0.084015
5 0.495226 0.600655 0.014730 0.049100
5 0.490521 0.633661 0.024141 0.085652
5 0.463312 0.702400 0.016367 0.056192
5 0.488884 0.721495 0.015957 0.028914
5 0.510161 0.636661 0.020049 0.050191
5 0.477428 0.625205 0.021686 0.060011
5 0.539825 0.630115 0.015548 0.055646
2 0.553737 0.617294 0.030278 0.074741
5 0.392526 0.136661 0.011457 0.039825
5 0.399073 0.125205 0.016367 0.032188
5 0.412575 0.129023 0.018003 0.042008
0 0.498138 0.497872 0.996276 0.995744