2 0.122334 0.620741 0.048815 0.113606
2 0.152066 0.605949 0.047928 0.093488
2 0.065531 0.900614 0.038165 0.114790
2 0.024260 0.911857 0.033727 0.118340
2 0.215526 0.602398 0.038165 0.147925
2 0.264785 0.594115 0.042602 0.131357
2 0.295849 0.702395 0.030177 0.068637
2 0.420698 0.167303 0.058578 0.143191
2 0.436673 0.330020 0.047928 0.146741
2 0.480607 0.352504 0.057691 0.170409
2 0.518772 0.347771 0.052365 0.179876
2 0.553386 0.350138 0.050590 0.194077
2 0.482382 0.467294 0.063016 0.186977
2 0.433123 0.466110 0.058578 0.108873
5 0.501967 0.506605 0.996065 0.986790