0 0.500000 0.500000 1.000000 1.000000
4 0.403147 0.455714 0.018909 0.032776
4 0.428107 0.429241 0.019666 0.024204
4 0.436427 0.451933 0.016640 0.034289
4 0.484646 0.422686 0.013237 0.039331
4 0.492777 0.450420 0.018153 0.032272
3 0.459307 0.466556 0.018531 0.053450
3 0.465358 0.429241 0.020800 0.049416
3 0.440965 0.469833 0.019666 0.040844
5 0.412979 0.458740 0.008320 0.018657
1 0.478595 0.400247 0.020044 0.028742
1 0.446260 0.428485 0.014371 0.029751
1 0.419598 0.447142 0.014749 0.017649
1 0.387452 0.320324 0.022313 0.047399
3 0.161107 0.729773 0.018909 0.046391
3 0.150707 0.758515 0.014749 0.039331