5 0.962902 0.109111 0.009002 0.027278
5 0.931601 0.313966 0.015957 0.067103
5 0.723745 0.483906 0.017594 0.061102
5 0.491135 0.192853 0.010638 0.054010
5 0.472722 0.199400 0.012275 0.039825
5 0.527550 0.456356 0.013912 0.052919
5 0.539621 0.455265 0.014321 0.048554
5 0.545758 0.452810 0.010229 0.055646
5 0.386798 0.152482 0.007365 0.037643
5 0.394981 0.149482 0.009820 0.033824
4 0.307010 0.123841 0.036825 0.112384
3 0.403164 0.187398 0.072831 0.020185
4 0.274482 0.188762 0.011047 0.022913
5 0.285529 0.184943 0.007774 0.015276
2 0.248091 0.261320 0.009820 0.030551
5 0.186920 0.295145 0.011866 0.040371
5 0.174032 0.309329 0.011457 0.040371
5 0.077059 0.715221 0.018003 0.021822
5 0.133524 0.653846 0.004092 0.015821
3 0.128614 0.666667 0.008183 0.026187
3 0.140071 0.661484 0.006547 0.027823
3 0.151937 0.716858 0.009002 0.032733
3 0.158893 0.704855 0.004910 0.030551
5 0.253819 0.412439 0.011457 0.028369
2 0.128205 0.120295 0.011457 0.024550
0 0.498138 0.374468 0.996276 0.748936