5 0.729678 0.283142 0.014730 0.025095
5 0.742567 0.264321 0.010229 0.022368
5 0.728246 0.387070 0.010229 0.022368
1 0.753614 0.404801 0.025777 0.020731
1 0.853041 0.467812 0.034779 0.045281
3 0.921986 0.815057 0.031097 0.044735
5 0.618181 0.739498 0.011866 0.034370
1 0.616953 0.721768 0.030687 0.024004
3 0.625955 0.634752 0.016776 0.032188
3 0.605496 0.633115 0.012684 0.023459
5 0.545554 0.430442 0.027823 0.061102
5 0.560693 0.439171 0.022095 0.062193
5 0.577059 0.445990 0.020458 0.068194
5 0.597722 0.411620 0.027414 0.075832
5 0.593221 0.074741 0.013502 0.038189
5 0.588312 0.040917 0.007774 0.018549
5 0.598745 0.010911 0.008183 0.021822
5 0.563148 0.116203 0.009820 0.028369
5 0.514662 0.162029 0.008592 0.029460
5 0.520595 0.170486 0.005728 0.023459
5 0.427714 0.057283 0.019640 0.082924
5 0.457992 0.062466 0.022913 0.075832
5 0.442853 0.117840 0.018822 0.078560
5 0.457379 0.126568 0.013502 0.054555
5 0.487452 0.156574 0.023732 0.024004
5 0.499318 0.163666 0.009002 0.019640
1 0.520390 0.610475 0.028232 0.029460
1 0.517321 0.567921 0.036007 0.034915
5 0.297600 0.234043 0.006547 0.028369
5 0.307010 0.234588 0.018003 0.031642
1 0.326446 0.013639 0.017594 0.027278
1 0.220676 0.008456 0.022095 0.016912
1 0.190603 0.115930 0.036416 0.069285
5 0.140276 0.256956 0.013502 0.046918
5 0.153573 0.272504 0.021277 0.046372
5 0.166053 0.271413 0.014321 0.038734
5 0.172190 0.252591 0.015957 0.013093
5 0.157256 0.355428 0.014730 0.042008
5 0.181397 0.285597 0.012275 0.048554
5 0.187943 0.306056 0.008183 0.052373
5 0.197968 0.314785 0.010229 0.055646
5 0.208606 0.266776 0.015957 0.040371
5 0.210857 0.308783 0.013093 0.048009
5 0.081765 0.553464 0.018412 0.060556
5 0.097722 0.562466 0.017594 0.055646
5 0.165030 0.718767 0.022095 0.063830
5 0.144981 0.987725 0.022095 0.024550
0 0.500266 0.502128 0.999468 0.987234