2 0.573068 0.227752 0.025079 0.069183
2 0.512532 0.438761 0.018161 0.063802
2 0.523342 0.570978 0.029403 0.123761
2 0.552096 0.579049 0.047996 0.141441
2 0.586688 0.583661 0.077399 0.133754
2 0.615658 0.562906 0.048861 0.141441
2 0.579553 0.653997 0.031132 0.082251
2 0.776293 0.663222 0.025944 0.082251
0 0.700840 0.546764 0.100748 0.176802
0 0.819749 0.441579 0.186362 0.191407
0 0.863349 0.197004 0.217062 0.212162
1 0.989485 0.139564 0.013888 0.031743
0 0.968704 0.085777 0.062592 0.065249
5 0.502811 0.509415 0.994378 0.981169