1 0.423190 0.402468 0.035745 0.053379
1 0.474305 0.458230 0.033600 0.073396
2 0.491135 0.503686 0.024307 0.078162
2 0.462897 0.524656 0.035030 0.085788
0 0.634472 0.112716 0.102230 0.111524
0 0.535459 0.053141 0.114384 0.104852
0 0.415356 0.030860 0.148699 0.061720
0 0.334572 0.427589 0.072920 0.100086
1 0.261295 0.168438 0.030741 0.061958
0 0.247355 0.103978 0.084358 0.108665
2 0.196597 0.805373 0.042894 0.075303
0 0.965748 0.203826 0.066724 0.076256
0 0.976234 0.074826 0.046707 0.057192
0 0.963334 0.143774 0.073332 0.065453
2 0.906650 0.857335 0.034315 0.059734
5 0.500000 0.500929 1.000000 0.998141