1 0.465562 0.115112 0.058511 0.053464
5 0.382092 0.465903 0.029051 0.104746
5 0.365726 0.447081 0.016776 0.055101
5 0.352632 0.469722 0.032324 0.112384
5 0.356929 0.539007 0.026187 0.034915
5 0.332583 0.434261 0.014321 0.036007
5 0.316626 0.409438 0.018412 0.019094
5 0.320922 0.472177 0.028642 0.107474
5 0.338925 0.594926 0.019640 0.080196
5 0.361225 0.617294 0.016776 0.082379
5 0.338721 0.648391 0.020049 0.015821
5 0.259956 0.584834 0.013912 0.030551
5 0.278369 0.597381 0.022913 0.099291
5 0.295349 0.491271 0.026596 0.103110
5 0.259752 0.448991 0.022504 0.039280
5 0.249727 0.512821 0.036007 0.085106
5 0.201650 0.513366 0.050327 0.139662
5 0.239294 0.443535 0.014321 0.013093
5 0.170349 0.421440 0.045008 0.121658
5 0.229269 0.564375 0.024550 0.027823
1 0.071331 0.487179 0.036007 0.033824
1 0.059670 0.533824 0.024141 0.028914
1 0.032460 0.572559 0.032733 0.025641
1 0.021004 0.508729 0.038462 0.052919
5 0.109588 0.021277 0.014321 0.030551
0 0.500000 0.497872 1.000000 0.995744