0 0.081734 0.612577 0.088419 0.050438
2 0.034790 0.981344 0.027346 0.031600
2 0.054844 0.979825 0.017319 0.035854
2 0.078772 0.987421 0.028713 0.020661
2 0.101560 0.924829 0.023244 0.015800
2 0.101332 0.949136 0.010938 0.014585
2 0.108853 0.965240 0.015040 0.018838
2 0.142124 0.974659 0.010483 0.019446
2 0.122753 0.971013 0.013673 0.031600
2 0.493141 0.527804 0.036461 0.042538
2 0.529830 0.545427 0.028713 0.044969
2 0.528007 0.490128 0.031448 0.058338
2 0.548516 0.482835 0.019598 0.057123
2 0.565152 0.474935 0.024611 0.044969
0 0.533004 0.393011 0.131294 0.117241
0 0.622139 0.253286 0.071067 0.062636
0 0.843170 0.857692 0.180679 0.236088
5 0.500562 0.502108 0.993255 0.995784