5 0.908688 0.113475 0.007774 0.019640
5 0.901937 0.109384 0.013093 0.021277
5 0.746863 0.263230 0.026187 0.059465
5 0.762002 0.401255 0.032733 0.080196
5 0.491339 0.421986 0.011047 0.034370
5 0.499523 0.440262 0.010229 0.038189
5 0.516912 0.431260 0.012275 0.063830
2 0.539416 0.405619 0.022913 0.025641
2 0.509138 0.375614 0.020458 0.033279
5 0.580947 0.435625 0.023322 0.059465
5 0.549236 0.448718 0.011457 0.035461
5 0.562739 0.453901 0.016367 0.075286
5 0.507911 0.555101 0.012275 0.059465
5 0.518958 0.560829 0.006547 0.045827
5 0.473336 0.605292 0.014321 0.058374
5 0.528573 0.546099 0.008592 0.022913
5 0.541667 0.540371 0.020049 0.026732
1 0.697559 0.904528 0.029869 0.038189
1 0.442853 0.053737 0.027005 0.055101
1 0.455537 0.127660 0.026187 0.055646
2 0.455742 0.137480 0.007774 0.020731
2 0.466585 0.177305 0.010638 0.030551
2 0.394572 0.102291 0.011457 0.023459
5 0.439785 0.258592 0.018412 0.049100
1 0.402346 0.092471 0.031097 0.052919
1 0.425055 0.016912 0.030687 0.031642
1 0.368590 0.017730 0.029869 0.021277
1 0.493794 0.190125 0.020867 0.030005
1 0.363884 0.822422 0.029460 0.033279
1 0.303942 0.802237 0.048691 0.054010
2 0.338107 0.789143 0.013093 0.026732
1 0.319490 0.009547 0.031506 0.019094
5 0.188557 0.385161 0.029869 0.074195
5 0.211266 0.385706 0.023732 0.072013
5 0.218835 0.407529 0.022504 0.075286
5 0.228451 0.429351 0.016367 0.062193
5 0.245636 0.390344 0.038462 0.069285
5 0.242771 0.430715 0.019640 0.084561
1 0.314171 0.727769 0.031506 0.036007
1 0.205947 0.990726 0.030278 0.018548
0 0.498138 0.497872 0.996276 0.995744