2 0.679213 0.431747 0.024284 0.086704
1 0.668892 0.687612 0.027913 0.114347
1 0.686489 0.686534 0.041262 0.159655
1 0.716222 0.686534 0.030340 0.142395
1 0.741100 0.694085 0.041262 0.140237
1 0.684061 0.887181 0.058252 0.133765
4 0.632484 0.804117 0.040049 0.140237
4 0.656756 0.784700 0.040049 0.075512
0 0.759136 0.457030 0.224919 0.339446
1 0.813343 0.411003 0.032362 0.046027
1 0.806061 0.464222 0.037217 0.066163
0 0.915453 0.469795 0.169094 0.699029
1 0.895226 0.584142 0.046117 0.116505
1 0.929207 0.459008 0.065534 0.133765
0 0.565129 0.590615 0.167476 0.319310
5 0.500000 0.501888 1.000000 0.996224