2 0.212865 0.533404 0.021160 0.066385
2 0.200729 0.541149 0.023027 0.088513
1 0.186104 0.534511 0.009958 0.079661
2 0.168969 0.530200 0.015559 0.092938
1 0.159012 0.529647 0.018048 0.076342
1 0.145942 0.527988 0.020538 0.084087
2 0.427587 0.503924 0.015659 0.086300
2 0.438549 0.494876 0.017225 0.107179
1 0.492965 0.429455 0.019574 0.062637
2 0.479654 0.517843 0.035233 0.103003
1 0.449510 0.484219 0.023489 0.122490
1 0.453034 0.585830 0.032101 0.080732
1 0.672655 0.503706 0.028187 0.072381
1 0.696535 0.457772 0.030536 0.052893
1 0.482254 0.123779 0.015559 0.026554
2 0.665537 0.020953 0.013692 0.041905
1 0.653090 0.039139 0.007468 0.036511
2 0.818293 0.382668 0.026761 0.097364
2 0.835408 0.384880 0.028628 0.086300
1 0.859991 0.385987 0.020538 0.095151
5 0.523755 0.500000 0.952490 1.000000