1 0.832583 0.209765 0.034779 0.046372
3 0.846495 0.153301 0.009411 0.016367
2 0.915235 0.477632 0.019231 0.022368
1 0.930578 0.397163 0.022095 0.042553
5 0.486020 0.390889 0.033142 0.068194
5 0.518140 0.374795 0.011457 0.053464
5 0.533279 0.397436 0.020458 0.061648
5 0.527960 0.426077 0.024550 0.021822
5 0.512821 0.411893 0.023732 0.036007
5 0.546781 0.425805 0.014730 0.062739
5 0.476609 0.471904 0.015139 0.050191
5 0.487248 0.499727 0.025777 0.068740
2 0.450423 0.496181 0.026596 0.042008
2 0.505456 0.495363 0.009820 0.054555
2 0.522845 0.326241 0.020867 0.031642
2 0.499727 0.179214 0.013912 0.030005
1 0.456969 0.451718 0.036416 0.031642
1 0.511388 0.480360 0.042962 0.036552
1 0.525095 0.456628 0.027823 0.027278
1 0.388843 0.306601 0.033552 0.042553
1 0.431601 0.282597 0.047054 0.096017
1 0.458606 0.289143 0.045417 0.044735
1 0.507706 0.283415 0.025777 0.031097
1 0.481724 0.322422 0.040917 0.045827
1 0.507501 0.349700 0.040917 0.034915
1 0.488271 0.204855 0.042553 0.084561
1 0.111839 0.021277 0.042553 0.042553
1 0.081765 0.069831 0.062602 0.039280
1 0.129842 0.050464 0.033552 0.021277
0 0.499202 0.496809 0.994149 0.993617