0 0.500000 0.500000 1.000000 1.000000
5 0.664851 0.415879 0.083201 0.217331
1 0.622873 0.352596 0.026473 0.031263
1 0.696052 0.233593 0.018531 0.031263
1 0.674495 0.214432 0.013993 0.019161
1 0.630815 0.176613 0.017397 0.017144
1 0.650102 0.254015 0.021178 0.028742
1 0.622116 0.235610 0.015127 0.016136
1 0.597345 0.250737 0.022313 0.015127
1 0.526624 0.294355 0.021557 0.047904
1 0.558014 0.310239 0.017775 0.023195
1 0.526813 0.352343 0.016640 0.016640
5 0.675251 0.310743 0.029877 0.075637
5 0.518682 0.393440 0.032146 0.097824