2 0.030196 0.133714 0.010810 0.047660
2 0.042086 0.128718 0.014701 0.029979
2 0.538260 0.731252 0.022917 0.056884
1 0.480535 0.642467 0.012972 0.043816
2 0.541287 0.492314 0.028106 0.062265
2 0.542584 0.606850 0.028970 0.049966
2 0.610686 0.579946 0.024214 0.079176
2 0.781554 0.737914 0.016863 0.058421
2 0.763177 0.716006 0.018161 0.019218
2 0.798634 0.732533 0.021620 0.038435
2 0.915380 0.493082 0.026808 0.063802
2 0.986661 0.630680 0.026678 0.057653
0 0.053040 0.053129 0.080425 0.102237
0 0.230034 0.073499 0.070048 0.101469
0 0.281273 0.856679 0.047131 0.099163
0 0.469653 0.059022 0.054049 0.079176
0 0.443493 0.395329 0.057076 0.153740
0 0.525000 0.421849 0.075669 0.068415
0 0.488030 0.548045 0.042375 0.098394
0 0.496029 0.658225 0.028970 0.101469
0 0.636702 0.762769 0.104207 0.129142
0 0.533359 0.247482 0.038483 0.066108
0 0.577464 0.053641 0.111990 0.094550
0 0.765555 0.037006 0.068751 0.074012
0 0.835676 0.627862 0.105504 0.197556
5 0.500562 0.495082 0.993255 0.990163