2 0.324156 0.681846 0.035936 0.076002
2 0.445271 0.809669 0.061958 0.103642
2 0.364725 0.582266 0.064436 0.089219
2 0.422966 0.540135 0.032218 0.087567
2 0.472532 0.559961 0.057001 0.071045
2 0.531392 0.589701 0.038414 0.067741
2 0.443412 0.661572 0.055762 0.069393
2 0.444031 0.611180 0.059480 0.061132
4 0.751342 0.844142 0.064436 0.061132
0 0.676993 0.839873 0.272615 0.320253
2 0.466956 0.486593 0.055762 0.118959
0 0.462619 0.608857 0.374226 0.475836
0 0.736473 0.502289 0.153656 0.246179
0 0.886927 0.871747 0.226146 0.252788
5 0.500000 0.500929 1.000000 0.998141