2 0.241100 0.553937 0.033981 0.081985
2 0.296926 0.640237 0.067961 0.125135
1 0.266753 0.471896 0.019689 0.058769
1 0.285700 0.428465 0.024272 0.080906
1 0.316040 0.417678 0.042476 0.064725
1 0.601896 0.434967 0.036986 0.039040
1 0.524734 0.461722 0.000000 0.002055
1 0.624711 0.585927 0.077439 0.009375
1 0.570966 0.510351 0.025428 0.030821
1 0.542649 0.631582 0.001156 0.018493
1 0.549006 0.607952 0.027739 0.082190
1 0.548428 0.536035 0.026583 0.078081
1 0.681923 0.473365 0.122515 0.281502
0 0.664008 0.472338 0.001156 0.000000
0 0.175566 0.210895 0.014563 0.008630
0 0.500000 0.500000 1.000000 1.000000
5 0.046926 0.586300 0.004854 0.000000