0 0.500000 0.500000 1.000000 1.000000
4 0.419598 0.565641 0.041979 0.025717
4 0.439831 0.551017 0.024960 0.017649
4 0.548181 0.435292 0.014749 0.027229
4 0.558014 0.392179 0.021557 0.010589
1 0.391045 0.589844 0.010589 0.010589
1 0.453634 0.593878 0.010211 0.021683
1 0.406361 0.601694 0.013237 0.016136
1 0.462711 0.545218 0.007942 0.009076
1 0.478973 0.556816 0.009455 0.017144
1 0.492398 0.567405 0.008320 0.018153
1 0.481242 0.588836 0.013993 0.013615
1 0.556690 0.480170 0.006807 0.014119
1 0.596021 0.415122 0.018153 0.030255
1 0.594131 0.371001 0.017397 0.015632
1 0.582785 0.381086 0.013615 0.011598
1 0.570116 0.404785 0.008698 0.014623
1 0.554610 0.403273 0.009455 0.014623
1 0.526813 0.371757 0.026473 0.057484
1 0.503177 0.337216 0.014749 0.015632
1 0.475002 0.322845 0.014371 0.014119
5 0.490129 0.376547 0.024960 0.063031
5 0.566901 0.438570 0.030255 0.068074
5 0.570872 0.478910 0.016262 0.024708
5 0.586378 0.463782 0.029120 0.084209
5 0.561039 0.527318 0.026095 0.075133
5 0.526057 0.473615 0.036306 0.025212
5 0.539483 0.486474 0.011724 0.020674
5 0.525868 0.539924 0.026095 0.065048
5 0.502988 0.616065 0.026473 0.055972
5 0.492588 0.617578 0.017018 0.031768
5 0.477082 0.603207 0.022313 0.043365
5 0.478595 0.627159 0.041222 0.048912
5 0.441911 0.611023 0.018531 0.044878
5 0.391612 0.602199 0.007942 0.015127
5 0.386695 0.581020 0.023069 0.023195
5 0.404470 0.719940 0.023069 0.058997
1 0.894410 0.072990 0.040844 0.047904
1 0.863966 0.089630 0.027608 0.023700
1 0.892709 0.108035 0.030633 0.031263
1 0.832199 0.144593 0.020800 0.014623
1 0.807995 0.067947 0.040466 0.068074
1 0.766205 0.052820 0.018909 0.014623
1 0.729332 0.177874 0.027608 0.047904
4 0.733492 0.187454 0.008698 0.012606
4 0.747107 0.134760 0.017775 0.013110
1 0.756562 0.141820 0.017775 0.019161
1 0.771500 0.160225 0.012102 0.021683
1 0.760343 0.209137 0.021557 0.022691
1 0.701346 0.206364 0.021557 0.018153
1 0.729899 0.109044 0.021935 0.021178
1 0.879472 0.292338 0.035928 0.029751
4 0.923720 0.260822 0.012480 0.011093
4 0.959837 0.272924 0.030255 0.018153
4 0.934309 0.310743 0.020800 0.021178
4 0.876447 0.402264 0.018531 0.018657
1 0.937335 0.281497 0.041979 0.049416
1 0.964375 0.343771 0.040844 0.054963
1 0.870206 0.377808 0.023448 0.017144
1 0.863777 0.403777 0.007564 0.009581
4 0.907080 0.713385 0.013993 0.009581
4 0.905000 0.720949 0.011346 0.012606
5 0.888738 0.965232 0.029499 0.069536
1 0.758452 0.975594 0.038197 0.043870
1 0.690757 0.918110 0.029877 0.037819
1 0.736707 0.858861 0.049921 0.048408
1 0.700779 0.851045 0.018153 0.037819
1 0.624575 0.879787 0.033659 0.022691
1 0.562174 0.111061 0.028364 0.019161
1 0.635731 0.331165 0.040844 0.047904
1 0.650480 0.368479 0.013615 0.019666
4 0.604342 0.482440 0.012858 0.017649
5 0.273618 0.086353 0.020044 0.010085
5 0.309735 0.134760 0.014371 0.015127
5 0.256410 0.172327 0.018909 0.038827
5 0.233530 0.207624 0.016262 0.035802
1 0.289502 0.142828 0.028364 0.033280
1 0.285531 0.081310 0.016640 0.025212
1 0.298578 0.067695 0.014749 0.018153
1 0.260003 0.102236 0.018531 0.011598
1 0.228992 0.835918 0.020044 0.032776
1 0.202708 0.862139 0.016640 0.015632
1 0.173020 0.894915 0.024582 0.037819
1 0.114590 0.970300 0.015884 0.015127
1 0.091899 0.964249 0.011346 0.017144
1 0.129907 0.837682 0.012480 0.013110
1 0.100787 0.884073 0.008698 0.012102
4 0.098139 0.855835 0.041222 0.030255
4 0.136147 0.904495 0.009076 0.024708
5 0.148438 0.912815 0.022313 0.058493
5 0.169049 0.917606 0.015884 0.043870
5 0.127827 0.911807 0.016640 0.038323
5 0.112699 0.906260 0.024960 0.036306
5 0.155435 0.978116 0.030255 0.040844
5 0.136336 0.981645 0.013993 0.024708