0 0.500000 0.498771 1.000000 0.997542
5 0.441154 0.605476 0.045761 0.132617
5 0.390288 0.556312 0.046895 0.116986
5 0.720256 0.573708 0.051055 0.136651
5 0.832388 0.407054 0.021935 0.034289
4 0.822177 0.471094 0.036306 0.098833
4 0.864156 0.373522 0.034037 0.136651
1 0.877959 0.507400 0.057106 0.077654
1 0.822177 0.555556 0.040088 0.058997
1 0.703426 0.456975 0.012858 0.014119
1 0.800809 0.434788 0.020044 0.031263
1 0.783602 0.373018 0.020422 0.020674
1 0.883443 0.239896 0.043870 0.064040
1 0.705506 0.224264 0.019287 0.019666
1 0.618524 0.198800 0.014749 0.029246
1 0.384615 0.336208 0.021935 0.021683
5 0.265109 0.860878 0.018909 0.052442
1 0.321080 0.472607 0.012102 0.016136
1 0.319756 0.382598 0.013237 0.015632
1 0.333938 0.289312 0.044626 0.042861
1 0.292716 0.320072 0.025717 0.029751
1 0.337720 0.330661 0.012102 0.011598
5 0.166969 0.919371 0.020044 0.063535
5 0.110052 0.663465 0.020422 0.047904
3 0.093412 0.678844 0.023448 0.031263
1 0.069397 0.608754 0.024582 0.044374
1 0.086605 0.627915 0.015127 0.020170
1 0.102488 0.568414 0.031011 0.034289
1 0.088496 0.509669 0.043113 0.051938
1 0.194577 0.468825 0.014749 0.041853