1 0.745840 0.286416 0.029869 0.022913
3 0.783688 0.479269 0.007365 0.022368
3 0.776732 0.477087 0.006547 0.020185
3 0.834220 0.418167 0.008592 0.025641
3 0.842608 0.426896 0.009002 0.024550
3 0.856929 0.416258 0.006547 0.024004
1 0.901528 0.451718 0.015548 0.016367
1 0.824809 0.610202 0.047054 0.048554
1 0.772231 0.573104 0.031097 0.032188
1 0.806601 0.561102 0.043372 0.036552
1 0.780005 0.908893 0.018003 0.018549
1 0.778778 0.871249 0.018822 0.025095
1 0.852428 0.906983 0.027823 0.022368
1 0.851814 0.932351 0.026596 0.017458
3 0.914212 0.990726 0.009820 0.018548
3 0.908688 0.989362 0.006137 0.018003
1 0.724154 0.808238 0.020049 0.030005
1 0.749113 0.814512 0.018412 0.018549
1 0.764048 0.877250 0.013093 0.018549
1 0.493181 0.232133 0.054010 0.033279
3 0.489089 0.442990 0.024550 0.076378
3 0.518344 0.396072 0.026596 0.060011
3 0.509138 0.365248 0.027823 0.056192
3 0.347109 0.774414 0.009002 0.030005
4 0.353655 0.773595 0.009002 0.022913
4 0.359997 0.774414 0.006956 0.016912
1 0.341994 0.146208 0.017594 0.014184
1 0.332379 0.165030 0.022913 0.024550
1 0.314580 0.186579 0.011866 0.019640
1 0.241135 0.267321 0.034370 0.031642
1 0.241339 0.309329 0.024959 0.020731
1 0.205333 0.325423 0.024959 0.027823
3 0.280619 0.283415 0.015139 0.049645
3 0.291871 0.303601 0.009820 0.055101
3 0.301282 0.282597 0.011457 0.038189
5 0.254023 0.009002 0.004501 0.011457
5 0.015480 0.171577 0.012684 0.028914
4 0.036348 0.181124 0.018412 0.028369
3 0.029392 0.478451 0.017594 0.032733
3 0.105906 0.840971 0.010229 0.032188
0 0.499202 0.496809 0.994149 0.993617