2 0.140240 0.892487 0.020755 0.040933
2 0.221098 0.519090 0.024214 0.049005
2 0.248771 0.487670 0.028538 0.046122
2 0.228016 0.564059 0.019890 0.036321
2 0.239259 0.541863 0.014701 0.048428
2 0.240556 0.585103 0.013837 0.042663
2 0.256338 0.581932 0.011675 0.047852
2 0.254392 0.530621 0.019025 0.059382
2 0.269526 0.518802 0.021620 0.059959
2 0.284876 0.521396 0.023782 0.051311
2 0.294821 0.499488 0.015999 0.047852
2 0.293092 0.544457 0.022917 0.049005
2 0.332728 0.620271 0.021187 0.064571
2 0.329485 0.675041 0.036321 0.047275
2 0.357374 0.660051 0.027241 0.072642
2 0.407749 0.634396 0.018161 0.055923
2 0.422450 0.646503 0.015566 0.043240
2 0.503092 0.552913 0.022917 0.051311
2 0.504605 0.604224 0.025079 0.058229
2 0.535089 0.614313 0.022052 0.051887
2 0.520820 0.535329 0.019458 0.025367
2 0.521901 0.557525 0.020755 0.030556
2 0.538116 0.554643 0.018593 0.057076
2 0.556925 0.524087 0.023349 0.053617
2 0.570545 0.507944 0.022052 0.066301
2 0.587841 0.507079 0.017728 0.047275
2 0.510226 0.858088 0.019890 0.053617
2 0.483201 0.862700 0.022052 0.063994
2 0.495741 0.878843 0.018593 0.054770
2 0.852899 0.896523 0.015999 0.034015
2 0.866736 0.911801 0.015134 0.049581
2 0.878194 0.948987 0.017296 0.065148
2 0.903922 0.947834 0.017728 0.037474
2 0.908462 0.928520 0.017296 0.050734
2 0.887491 0.974066 0.011675 0.040357
0 0.519955 0.501506 0.059238 0.051887
0 0.478229 0.827916 0.026808 0.015566
5 0.503654 0.502108 0.992692 0.995784