0 0.276642 0.574349 0.265799 0.411400
2 0.442291 0.585006 0.051737 0.091103
2 0.498598 0.610339 0.019566 0.069132
2 0.542620 0.599252 0.033262 0.073045
2 0.570012 0.618818 0.041088 0.086089
4 0.476097 0.672297 0.046958 0.078263
4 0.479521 0.559469 0.000978 0.003913
2 0.475119 0.598600 0.043044 0.105654
3 0.480010 0.564034 0.029348 0.096524
2 0.518653 0.467632 0.036196 0.083480
2 0.576371 0.444806 0.030327 0.103046
4 0.550447 0.460458 0.041088 0.134351
2 0.528925 0.317785 0.037175 0.052488
2 0.501043 0.271636 0.026414 0.100437
0 0.709907 0.272289 0.129133 0.166960
2 0.668819 0.173808 0.019566 0.058697
2 0.627731 0.116416 0.043044 0.061306
0 0.328377 0.115763 0.180004 0.229570
3 0.630666 0.232505 0.023479 0.058697
0 0.692879 0.086578 0.269293 0.173156
2 0.932079 0.555055 0.125465 0.137856
2 0.091698 0.342627 0.052045 0.131351
2 0.172553 0.217472 0.068773 0.094176
5 0.500000 0.500000 1.000000 1.000000