1 0.808250 0.622711 0.012741 0.079631
1 0.699952 0.620853 0.015926 0.018580
1 0.675864 0.592186 0.009954 0.015395
1 0.769828 0.555556 0.019509 0.026013
1 0.776597 0.493709 0.011546 0.013803
1 0.712693 0.488931 0.017519 0.021235
1 0.624900 0.469024 0.012343 0.015395
4 0.783365 0.587673 0.030658 0.124224
4 0.747332 0.586081 0.045389 0.110421
4 0.754897 0.482561 0.018315 0.047778
4 0.691790 0.522642 0.073658 0.032383
4 0.694577 0.552901 0.033047 0.062112
4 0.664118 0.574401 0.035037 0.037161
4 0.686415 0.630939 0.038223 0.067421
0 0.500776 0.500000 0.998447 1.000000