2 0.413863 0.432784 0.022710 0.102866
2 0.438916 0.431050 0.024272 0.106334
2 0.461021 0.423345 0.018204 0.097087
4 0.617487 0.431821 0.017337 0.052396
4 0.590615 0.421804 0.010402 0.038527
2 0.580213 0.453396 0.024272 0.058561
2 0.451784 0.036926 0.023144 0.054214
4 0.458883 0.088374 0.021160 0.039831
0 0.420297 0.061821 0.046054 0.075236
0 0.264293 0.178789 0.159738 0.282134
1 0.222336 0.401021 0.019604 0.042839
2 0.025413 0.088928 0.015559 0.049788
2 0.858133 0.493176 0.028493 0.116317
2 0.827529 0.496928 0.024272 0.086300
2 0.842831 0.488486 0.018995 0.144459
5 0.500000 0.501888 1.000000 0.996224