2 0.209011 0.166146 0.030979 0.148699
2 0.243862 0.231202 0.038724 0.084676
2 0.274067 0.274572 0.049566 0.101198
2 0.332927 0.283866 0.061958 0.123916
2 0.356161 0.660776 0.034077 0.105328
2 0.388689 0.790888 0.043371 0.183808
2 0.478528 0.689690 0.043371 0.109459
2 0.483175 0.783659 0.027881 0.107394
2 0.471557 0.819802 0.038724 0.109459
2 0.453745 0.781594 0.049566 0.128046
2 0.412697 0.744419 0.038724 0.235440
2 0.186551 0.866894 0.038724 0.086741
2 0.450647 0.148183 0.080545 0.119785
0 0.074659 0.564436 0.149318 0.351921
2 0.469950 0.966853 0.042751 0.066294
2 0.423482 0.968092 0.053903 0.063816
0 0.853748 0.059893 0.142026 0.111206
5 0.500000 0.496283 1.000000 0.988848