0 0.500000 0.500246 1.000000 0.999508
1 0.434158 0.402516 0.026473 0.043365
1 0.475191 0.354108 0.013237 0.013110
1 0.342826 0.503870 0.048030 0.093790
5 0.290825 0.589592 0.020422 0.026221
5 0.451554 0.222500 0.009076 0.016136
5 0.369110 0.161990 0.010589 0.021178
5 0.362302 0.340242 0.012858 0.038827
1 0.477460 0.236619 0.023069 0.029246
1 0.492398 0.186698 0.012858 0.022187
1 0.460064 0.177874 0.048030 0.076141
1 0.401634 0.196027 0.027229 0.041853
1 0.483133 0.078537 0.048786 0.067065
1 0.520006 0.083075 0.022691 0.034793
1 0.502799 0.202078 0.023069 0.028742
1 0.939415 0.054333 0.009076 0.010589
1 0.954542 0.067947 0.012858 0.019666
1 0.840897 0.263596 0.031389 0.024708
1 0.806482 0.253511 0.030633 0.032776
1 0.803646 0.297380 0.021935 0.016640
1 0.781900 0.296372 0.013993 0.008572
1 0.895356 0.290825 0.009455 0.012606
1 0.890439 0.338225 0.016262 0.020674
1 0.758642 0.319315 0.034793 0.033280
1 0.734249 0.307970 0.010211 0.018657
1 0.725739 0.319567 0.015884 0.014623
1 0.702670 0.326627 0.019666 0.018657
1 0.858294 0.626655 0.010967 0.029751
1 0.856403 0.708343 0.013993 0.016640
1 0.868126 0.954920 0.022313 0.018657
1 0.887792 0.916597 0.020800 0.024708
1 0.865101 0.910546 0.014749 0.015632
4 0.846570 0.920631 0.015506 0.032776
4 0.883065 0.970300 0.024960 0.036306
4 0.875312 0.710360 0.008698 0.017649
4 0.865290 0.662456 0.009833 0.010589
4 0.879283 0.658926 0.019666 0.024708
5 0.848083 0.653632 0.015506 0.032272
1 0.849217 0.598921 0.018531 0.025717
4 0.781711 0.378312 0.015127 0.012102
5 0.617956 0.179134 0.012858 0.022187
5 0.720823 0.285531 0.007564 0.014119
5 0.713448 0.303179 0.007942 0.019161
5 0.720256 0.304692 0.007942 0.016136
5 0.608691 0.432015 0.031389 0.083201
5 0.672793 0.951895 0.015884 0.024708
4 0.725172 0.915085 0.017775 0.018657
1 0.690946 0.894410 0.045382 0.055972
4 0.733303 0.893654 0.009833 0.015127
5 0.243552 0.030381 0.004538 0.016136
5 0.251872 0.038449 0.003782 0.008068
5 0.238257 0.016514 0.006051 0.010589
4 0.248847 0.031642 0.004538 0.009581
1 0.183420 0.921892 0.060510 0.042357
1 0.110241 0.817260 0.038197 0.037819
1 0.145034 0.841716 0.031389 0.016136
1 0.057295 0.894410 0.017775 0.016640
1 0.072044 0.811462 0.017018 0.032272
5 0.064670 0.319567 0.019666 0.037819