0 0.502212 0.500246 0.995575 0.999508
4 0.415438 0.304692 0.023826 0.023195
4 0.445314 0.328392 0.020800 0.052442
4 0.468384 0.387389 0.016262 0.037314
4 0.455525 0.381842 0.012480 0.024204
4 0.500529 0.286539 0.016262 0.032272
4 0.521519 0.266369 0.021935 0.019161
5 0.483700 0.349066 0.037062 0.090765
5 0.450420 0.348310 0.034037 0.075133
5 0.440020 0.390162 0.029120 0.064040
1 0.425270 0.297633 0.011724 0.012102
1 0.517548 0.299650 0.012480 0.024204
1 0.343204 0.310239 0.020800 0.023195
1 0.354739 0.259814 0.016640 0.030255
1 0.365139 0.287043 0.011724 0.026221
1 0.529839 0.191740 0.018153 0.020170
5 0.200250 0.282001 0.014749 0.048408
5 0.232585 0.265865 0.010589 0.037314
5 0.247334 0.264352 0.013615 0.043365
4 0.260570 0.255780 0.017397 0.029246
1 0.255465 0.245191 0.007942 0.017144