1 0.606315 0.296508 0.049509 0.081288
1 0.617567 0.410256 0.058920 0.070922
1 0.526732 0.254774 0.053191 0.052373
1 0.551691 0.337971 0.049100 0.064921
1 0.516298 0.181397 0.080606 0.047463
1 0.507911 0.114021 0.087561 0.074195
2 0.589130 0.340698 0.050327 0.057283
2 0.511184 0.368794 0.017185 0.051282
2 0.535734 0.405892 0.035188 0.113475
5 0.465153 0.482542 0.028232 0.090016
5 0.492771 0.473268 0.018822 0.080196
1 0.384547 0.467812 0.029051 0.040917
1 0.386388 0.508183 0.040917 0.061648
0 0.497340 0.497872 0.994680 0.995744