5 0.838766 0.121065 0.012107 0.017384
5 0.818511 0.202707 0.009778 0.016763
5 0.822236 0.117651 0.009778 0.016763
5 0.831083 0.147141 0.008847 0.017384
5 0.860883 0.795927 0.037717 0.116719
5 0.886959 0.781337 0.024679 0.088781
5 0.938412 0.791892 0.040976 0.082573
5 0.899066 0.724530 0.047961 0.083194
5 0.931195 0.738499 0.042373 0.076364
5 0.987304 0.689141 0.013038 0.021109
1 0.979683 0.752778 0.040634 0.047805
1 0.947026 0.656857 0.051686 0.078227
1 0.982414 0.659030 0.033060 0.042839
2 0.949820 0.688521 0.009778 0.022351
2 0.778699 0.811448 0.059601 0.065810
5 0.611070 0.659651 0.015832 0.021730
5 0.583597 0.419383 0.032595 0.104923
5 0.601757 0.396411 0.011175 0.036630
5 0.613864 0.396101 0.012107 0.039734
5 0.619917 0.424660 0.020488 0.036009
5 0.646924 0.370957 0.023282 0.063947
5 0.644596 0.423108 0.032595 0.060222
5 0.635748 0.454771 0.027938 0.065189
5 0.659496 0.245856 0.007450 0.021109
5 0.669740 0.241820 0.008381 0.021730
5 0.692090 0.317253 0.007450 0.019867
5 0.702800 0.319426 0.008381 0.010554
5 0.700705 0.297697 0.009778 0.018005
5 0.274648 0.042839 0.021885 0.065810
5 0.343795 0.166077 0.032595 0.077606
5 0.270224 0.140001 0.026076 0.071398
5 0.287453 0.130378 0.019557 0.042218
5 0.330058 0.072950 0.026541 0.070156
1 0.321211 0.261067 0.027473 0.039113
5 0.309803 0.411001 0.032595 0.044701
5 0.414106 0.388651 0.042839 0.094369
5 0.413174 0.438008 0.030732 0.050289
5 0.444605 0.390824 0.027473 0.091265
5 0.452986 0.428696 0.029335 0.060222
5 0.469982 0.375924 0.013969 0.019246
5 0.493962 0.392686 0.031198 0.090023
5 0.530748 0.423108 0.018160 0.073881
5 0.495825 0.454150 0.021885 0.072639
5 0.514217 0.440492 0.018625 0.055255
5 0.548442 0.481157 0.017229 0.027317
5 0.530049 0.599118 0.015832 0.040976
5 0.490470 0.520892 0.026076 0.081952
5 0.164990 0.012107 0.009313 0.020488
5 0.151021 0.009002 0.013038 0.018004
5 0.158239 0.024213 0.009778 0.019867
5 0.117961 0.057428 0.013038 0.032905
1 0.215279 0.258583 0.059601 0.065189
1 0.139613 0.199913 0.040510 0.072018
1 0.094679 0.247098 0.027938 0.039734
1 0.236466 0.192773 0.031198 0.025455
5 0.102828 0.423418 0.034923 0.083194
4 0.202707 0.298628 0.016763 0.028559
5 0.345657 0.359781 0.013038 0.034147
5 0.151487 0.407276 0.008381 0.026076
0 0.500000 0.498789 0.995157 0.997578