5 0.976200 0.146754 0.011047 0.036007
3 0.876159 0.088652 0.013093 0.050736
5 0.859997 0.093017 0.015139 0.055101
3 0.899891 0.348882 0.005728 0.014730
5 0.888025 0.343972 0.004092 0.015821
5 0.892117 0.351337 0.003273 0.020731
5 0.896413 0.349154 0.006137 0.024004
1 0.866953 0.529460 0.020049 0.021277
1 0.854678 0.543644 0.017594 0.018003
1 0.863475 0.492362 0.016367 0.021277
5 0.699195 0.134752 0.019231 0.049100
5 0.707174 0.153028 0.011457 0.046372
5 0.595472 0.358974 0.013093 0.039280
5 0.616339 0.408893 0.015548 0.050736
5 0.589744 0.411893 0.022095 0.042553
5 0.604269 0.421986 0.012684 0.043099
3 0.608156 0.358702 0.015548 0.045281
1 0.541053 0.130115 0.040917 0.066012
4 0.474564 0.547190 0.008592 0.009820
1 0.374727 0.525641 0.020867 0.058374
1 0.251773 0.836061 0.054010 0.060556
1 0.114089 0.944354 0.066694 0.056738
1 0.065398 0.964539 0.024141 0.026187
1 0.039007 0.814239 0.026187 0.020185
5 0.119817 0.739771 0.011866 0.029460
5 0.103655 0.736498 0.012275 0.027278
5 0.093835 0.731860 0.009002 0.023459
0 0.498138 0.496809 0.996276 0.993617