2 0.766503 0.195035 0.006547 0.015821
1 0.819899 0.186579 0.050327 0.072013
1 0.753205 0.171577 0.022504 0.026732
3 0.961470 0.151118 0.011866 0.019640
3 0.949400 0.176487 0.013093 0.030005
5 0.955333 0.146481 0.012684 0.031097
5 0.776118 0.550191 0.011866 0.023459
5 0.795963 0.552373 0.015548 0.030005
5 0.900095 0.844790 0.031506 0.054010
5 0.935897 0.822149 0.018822 0.055646
1 0.840357 0.758320 0.049509 0.056738
1 0.904596 0.774959 0.066694 0.039825
1 0.921986 0.827332 0.020458 0.073650
1 0.872681 0.828423 0.042144 0.043099
1 0.914825 0.879978 0.045417 0.028369
1 0.743999 0.737589 0.056465 0.094926
1 0.652346 0.739225 0.049100 0.044735
2 0.683852 0.729678 0.012275 0.047463
2 0.691217 0.722586 0.009002 0.043099
2 0.677919 0.671031 0.024141 0.024004
1 0.707174 0.671577 0.021277 0.075286
1 0.662575 0.678396 0.062193 0.064921
1 0.573582 0.139935 0.044599 0.058374
1 0.601609 0.191762 0.029460 0.068194
1 0.532665 0.208947 0.020867 0.039280
1 0.565807 0.202400 0.036416 0.037098
1 0.446945 0.463175 0.035188 0.058920
2 0.418303 0.497272 0.022913 0.061648
2 0.465767 0.393617 0.015548 0.049645
2 0.445922 0.382706 0.022504 0.055101
2 0.436511 0.363066 0.019231 0.035461
5 0.405415 0.398254 0.026596 0.046918
1 0.449604 0.337698 0.033961 0.037098
1 0.391912 0.267049 0.030687 0.032188
1 0.359179 0.405074 0.029869 0.034370
1 0.337289 0.357338 0.025368 0.031642
1 0.323582 0.396618 0.039689 0.052373
1 0.391912 0.338789 0.027414 0.030551
1 0.407665 0.435625 0.035188 0.035461
1 0.081356 0.180851 0.018412 0.040917
1 0.152346 0.381342 0.014730 0.043644
0 0.498936 0.498936 0.997872 0.997872