2 0.181678 0.018557 0.013404 0.037114
2 0.150546 0.046723 0.015134 0.060727
2 0.131304 0.036345 0.013837 0.053809
0 0.140127 0.866491 0.266201 0.254825
2 0.397595 0.727301 0.028306 0.087797
3 0.386152 0.747109 0.041556 0.170240
2 0.428009 0.769058 0.036136 0.102786
2 0.405726 0.591502 0.048181 0.118847
2 0.754537 0.551886 0.021079 0.050323
2 0.771400 0.658420 0.017466 0.068524
2 0.799406 0.707672 0.022886 0.104928
2 0.821388 0.710884 0.040352 0.053535
2 0.835542 0.674481 0.020477 0.068524
2 0.873585 0.217295 0.015057 0.081373
2 0.894062 0.244062 0.031920 0.130624
2 0.923874 0.214618 0.030113 0.076019
2 0.919056 0.729843 0.026376 0.046891
0 0.960566 0.729458 0.034159 0.055347
5 0.503654 0.506417 0.992692 0.987165