2 0.453181 0.435863 0.036698 0.078162
2 0.479156 0.438405 0.020970 0.073079
2 0.521096 0.496232 0.042894 0.066724
2 0.478917 0.507671 0.036698 0.059098
2 0.451513 0.507035 0.049566 0.060369
2 0.524194 0.847194 0.038605 0.073079
2 0.467717 0.826542 0.029549 0.100404
2 0.487496 0.823364 0.015728 0.045754
2 0.513233 0.769350 0.034792 0.062276
2 0.472007 0.729951 0.049566 0.048295
0 0.610220 0.780788 0.080069 0.096591
0 0.540399 0.075859 0.095796 0.151717
2 0.479156 0.364916 0.040034 0.074985
0 0.617131 0.365551 0.085311 0.086423
0 0.368744 0.804678 0.079592 0.120738
2 0.163632 0.891214 0.025736 0.065453
2 0.339301 0.487565 0.026414 0.117394
2 0.028696 0.460825 0.048914 0.058697
0 0.338812 0.139242 0.129133 0.213918
0 0.249788 0.093100 0.133046 0.186200
0 0.107937 0.069621 0.131090 0.139242
0 0.142177 0.351203 0.123264 0.228266
0 0.048203 0.267906 0.073606 0.232962
4 0.691188 0.625983 0.029311 0.051473
0 0.826113 0.609302 0.347774 0.344104
5 0.511462 0.514560 0.977076 0.970880