0 0.500000 0.409292 1.000000 0.818584
5 0.506959 0.448907 0.031389 0.023195
5 0.513955 0.483700 0.014371 0.047399
5 0.557068 0.464791 0.015127 0.036810
5 0.544966 0.493533 0.031768 0.053955
5 0.581650 0.537655 0.023448 0.058493
5 0.563308 0.547488 0.017775 0.045887
5 0.528137 0.486221 0.020800 0.042357
1 0.495802 0.488743 0.008320 0.018153
1 0.538348 0.372513 0.021557 0.020674
5 0.616254 0.633966 0.012480 0.026221
5 0.607178 0.636235 0.014749 0.028742
5 0.607745 0.656405 0.018153 0.019666
5 0.591105 0.617326 0.009076 0.020170
5 0.584487 0.622368 0.010967 0.026221
5 0.575978 0.622368 0.004538 0.014119
1 0.528704 0.395457 0.009076 0.008068
1 0.619847 0.337720 0.013615 0.025717
1 0.602262 0.328896 0.012480 0.012102
5 0.614553 0.322593 0.019666 0.019666
5 0.931473 0.050299 0.012858 0.032776
5 0.940549 0.040718 0.009833 0.011598
5 0.938658 0.020548 0.008320 0.009581
5 0.947356 0.026347 0.005295 0.010085
5 0.873610 0.025591 0.010589 0.011598
5 0.863399 0.005925 0.010589 0.009581
3 0.679412 0.178378 0.011724 0.016640
1 0.662582 0.191488 0.016640 0.015632
1 0.687732 0.172579 0.007942 0.017144
5 0.767151 0.112826 0.010211 0.025717
5 0.774336 0.116103 0.010967 0.016136
5 0.607745 0.225525 0.008320 0.035297
5 0.656909 0.177369 0.012858 0.008572
1 0.608123 0.285278 0.020422 0.031768
5 0.442856 0.730782 0.011346 0.018153
5 0.433969 0.730530 0.006429 0.017649
5 0.427729 0.712377 0.006807 0.014623
5 0.419219 0.711620 0.007942 0.011093
1 0.612094 0.188211 0.017775 0.036306
1 0.649346 0.169553 0.012102 0.016136