2 0.012323 0.742110 0.024646 0.046122
2 0.464536 0.599420 0.015566 0.040933
2 0.451997 0.597978 0.021620 0.036898
2 0.428648 0.578665 0.014701 0.043240
2 0.416108 0.572035 0.021620 0.026520
2 0.426918 0.462783 0.022485 0.065148
2 0.449835 0.471142 0.024214 0.046122
2 0.464536 0.472872 0.022485 0.051887
2 0.539845 0.514382 0.020323 0.074948
2 0.508064 0.482385 0.015566 0.052464
2 0.569897 0.468548 0.026808 0.063994
2 0.738026 0.519186 0.015134 0.043816
1 0.729378 0.536482 0.010810 0.027673
1 0.727000 0.480367 0.019025 0.025367
1 0.784076 0.479214 0.019025 0.025367
2 0.508497 0.209399 0.021620 0.043816
2 0.490985 0.206805 0.021187 0.029403
2 0.532927 0.128974 0.018593 0.045546
2 0.528171 0.145981 0.015134 0.053040
2 0.517144 0.153476 0.011242 0.042663
2 0.506767 0.141081 0.018161 0.037474
2 0.528531 0.251390 0.011242 0.032862
2 0.610470 0.130607 0.013404 0.029979
0 0.764907 0.477869 0.105504 0.111846
0 0.542288 0.467846 0.107105 0.111815
0 0.434726 0.538034 0.059706 0.063807
0 0.582623 0.129970 0.047400 0.057123
0 0.524513 0.094420 0.049679 0.050438
5 0.500000 0.495503 1.000000 0.987071