1 0.918157 0.047805 0.021885 0.027317
1 0.965884 0.032905 0.038182 0.047184
1 0.972170 0.090333 0.046098 0.070156
5 0.825029 0.215434 0.016297 0.032284
5 0.807801 0.224437 0.012572 0.014280
5 0.709552 0.290557 0.010710 0.029801
5 0.818743 0.685106 0.013038 0.037872
5 0.836903 0.677345 0.009313 0.031042
5 0.846216 0.662445 0.007450 0.024834
1 0.736326 0.632955 0.054014 0.042839
1 0.584063 0.517477 0.038182 0.031663
1 0.627833 0.534240 0.023282 0.032905
5 0.627833 0.121376 0.014900 0.040355
5 0.643431 0.064879 0.012572 0.035388
1 0.675055 0.178942 0.020049 0.049100
5 0.490726 0.440535 0.026187 0.080196
1 0.413393 0.341244 0.021277 0.030005
1 0.377387 0.291326 0.026187 0.026187
1 0.368794 0.265412 0.018003 0.027823
1 0.397231 0.257774 0.028232 0.042008
1 0.379842 0.211675 0.023732 0.029460
1 0.325014 0.194490 0.024550 0.033279
1 0.363066 0.177305 0.031915 0.021822
1 0.312330 0.233497 0.045008 0.043644
5 0.312943 0.742499 0.008592 0.025095
5 0.324604 0.751500 0.013093 0.021277
5 0.280210 0.254501 0.016776 0.030005
5 0.210038 0.309875 0.008183 0.024004
5 0.196127 0.342608 0.009002 0.026187
5 0.203492 0.337971 0.007365 0.020185
5 0.177510 0.367430 0.009411 0.021277
5 0.192239 0.379705 0.009411 0.024004
5 0.198172 0.369340 0.009002 0.021822
5 0.268958 0.454173 0.022095 0.058374
5 0.187739 0.558920 0.010229 0.031097
1 0.173622 0.765412 0.028642 0.038189
1 0.202264 0.749864 0.032733 0.031097
5 0.036143 0.557283 0.017185 0.038734
5 0.022436 0.597109 0.015957 0.040917
5 0.018344 0.570376 0.015139 0.035461
5 0.007706 0.576923 0.011866 0.035461
5 0.006819 0.606110 0.013638 0.046918
5 0.085857 0.185488 0.012684 0.045827
5 0.096086 0.183852 0.013502 0.040371
5 0.109588 0.199945 0.015139 0.032188
5 0.115726 0.214675 0.012684 0.034370
5 0.129433 0.214948 0.009820 0.033824
5 0.122477 0.200491 0.009002 0.021277
0 0.499734 0.438298 0.999468 0.876596