2 0.496902 0.483891 0.040892 0.071871
2 0.469021 0.389715 0.029740 0.101611
1 0.459727 0.478934 0.055762 0.096654
1 0.410471 0.495043 0.031599 0.128872
1 0.431846 0.400867 0.055762 0.114002
0 0.847274 0.325279 0.109665 0.161090
0 0.787794 0.772615 0.124535 0.114002
2 0.035073 0.809657 0.027217 0.056647
2 0.078886 0.857453 0.021907 0.035404
2 0.053328 0.815852 0.021243 0.061958
2 0.062954 0.798593 0.021907 0.062843
1 0.219950 0.705656 0.022570 0.059303
2 0.205346 0.664498 0.017260 0.063728
2 0.254802 0.695035 0.023234 0.062843
1 0.347739 0.619800 0.017924 0.022128
5 0.500000 0.500000 1.000000 1.000000