5 0.882303 0.117340 0.020954 0.059601
5 0.876715 0.172285 0.025610 0.036630
5 0.967048 0.097473 0.015366 0.054635
5 0.945629 0.103992 0.027473 0.065189
5 0.944931 0.036940 0.025144 0.062706
5 0.922580 0.027628 0.024213 0.055255
5 0.879509 0.052151 0.008847 0.012417
1 0.847147 0.061464 0.041907 0.045943
1 0.883700 0.043770 0.016297 0.029180
1 0.699541 0.061464 0.078227 0.109269
1 0.680682 0.229403 0.038648 0.066431
1 0.725616 0.241199 0.025144 0.031663
5 0.895806 0.699075 0.018160 0.048426
5 0.911871 0.701869 0.014900 0.051530
5 0.927469 0.694729 0.014435 0.052151
5 0.634119 0.556901 0.018160 0.045943
5 0.604318 0.536723 0.014435 0.037872
5 0.616425 0.544794 0.011641 0.049047
5 0.437853 0.383684 0.027938 0.075743
5 0.409449 0.382442 0.026076 0.081952
5 0.400835 0.443906 0.028404 0.075743
5 0.423186 0.452288 0.020954 0.058981
5 0.349382 0.444527 0.022351 0.060843
1 0.430170 0.453840 0.033060 0.052151
1 0.495359 0.623331 0.052617 0.072018
5 0.344493 0.696592 0.021885 0.055876
5 0.184547 0.456323 0.019557 0.043459
5 0.186410 0.391445 0.020488 0.027938
5 0.194791 0.377165 0.020488 0.034147
5 0.261144 0.442665 0.018160 0.033526
1 0.235301 0.409760 0.048426 0.060843
1 0.099569 0.323462 0.061930 0.042218
1 0.057428 0.388030 0.062395 0.079469
5 0.069535 0.386478 0.021419 0.036630
5 0.076752 0.428075 0.013503 0.022971
5 0.031586 0.331843 0.014435 0.013038
1 0.046719 0.524617 0.071708 0.064568
5 0.063249 0.658409 0.019091 0.060222
5 0.045788 0.663376 0.018625 0.049047
5 0.035544 0.649097 0.008381 0.041597
5 0.163128 0.785683 0.013969 0.044080
5 0.175002 0.780406 0.014435 0.040976
5 0.195257 0.783510 0.020488 0.045943
1 0.961989 0.372509 0.076022 0.065810
5 0.933057 0.387720 0.015366 0.015521
0 0.499092 0.498789 0.989709 0.997578