0 0.500000 0.500000 1.000000 1.000000
5 0.566145 0.540176 0.008320 0.037314
5 0.556123 0.540932 0.010211 0.033785
5 0.546290 0.550261 0.007942 0.028238
5 0.566334 0.559085 0.017775 0.028742
5 0.545723 0.527066 0.005295 0.013110
5 0.541752 0.537907 0.005673 0.008572
1 0.863210 0.236114 0.037440 0.034289
1 0.801566 0.184177 0.032146 0.036306
1 0.852243 0.276454 0.020044 0.020170
3 0.312571 0.467564 0.007942 0.015127
5 0.220483 0.672289 0.006051 0.019161
5 0.380644 0.762297 0.014749 0.042861
5 0.371946 0.749943 0.011724 0.026221
5 0.223319 0.438822 0.008698 0.016136
5 0.215755 0.437057 0.007942 0.017649
5 0.209326 0.438066 0.004916 0.016640
5 0.215944 0.447142 0.006051 0.006555
1 0.314462 0.554043 0.026095 0.060006
1 0.339989 0.524544 0.009833 0.014119