0 0.498525 0.614307 0.997050 0.771386
5 0.651993 0.428233 0.026473 0.069586
5 0.458740 0.503114 0.012858 0.027734
5 0.420354 0.538411 0.027608 0.099337
5 0.435860 0.540932 0.045761 0.107405
4 0.398986 0.528830 0.031768 0.089252
4 0.416950 0.463278 0.022313 0.038827
1 0.437183 0.468825 0.009076 0.013615
5 0.863588 0.931977 0.011724 0.021178
1 0.343582 0.880291 0.017775 0.024708
1 0.333938 0.866173 0.012102 0.013615
1 0.356630 0.861130 0.009076 0.012606
1 0.305196 0.827345 0.022691 0.036810
1 0.312949 0.789275 0.030633 0.042357
1 0.345095 0.789023 0.012480 0.029751
1 0.370622 0.783224 0.008320 0.013110