0 0.092213 0.393524 0.063439 0.122059
0 0.060896 0.630326 0.052196 0.093150
2 0.129742 0.049552 0.011850 0.023092
2 0.391462 0.620655 0.021620 0.043816
2 0.409190 0.598747 0.017296 0.057653
2 0.516928 0.469989 0.013404 0.039204
2 0.533143 0.518418 0.022485 0.050734
2 0.552601 0.520724 0.020755 0.048428
2 0.569248 0.504293 0.022052 0.027097
1 0.573356 0.484691 0.016431 0.022485
1 0.544602 0.472872 0.016863 0.031132
0 0.720993 0.208809 0.145819 0.333300
2 0.813984 0.084101 0.020323 0.076102
2 0.831496 0.090731 0.014701 0.057076
2 0.855277 0.110909 0.031997 0.038627
0 0.960285 0.086695 0.079430 0.090515
5 0.501967 0.503232 0.996065 0.993536