1 0.970774 0.054324 0.045167 0.042839
1 0.935152 0.054635 0.024213 0.019867
1 0.993652 0.096231 0.012696 0.052151
1 0.989228 0.178804 0.021543 0.027317
2 0.906050 0.053393 0.007916 0.036009
2 0.899066 0.029801 0.008847 0.029801
2 0.876715 0.031353 0.012572 0.054014
2 0.723986 0.069845 0.013503 0.037872
2 0.709552 0.078227 0.015366 0.053393
2 0.689529 0.051220 0.014435 0.052772
3 0.729108 0.144347 0.012572 0.041597
3 0.713742 0.137518 0.012572 0.041597
3 0.714208 0.166698 0.008847 0.013038
3 0.698842 0.143416 0.010710 0.045943
3 0.692789 0.104613 0.013503 0.035388
3 0.683942 0.122928 0.012572 0.012417
3 0.680449 0.099025 0.013038 0.035388
3 0.729108 0.757745 0.010710 0.024213
3 0.806637 0.234060 0.009313 0.027317
5 0.666248 0.055876 0.012572 0.027317
1 0.494195 0.273173 0.042839 0.026076
1 0.449494 0.283107 0.040976 0.032284
1 0.558686 0.430869 0.032129 0.047184
1 0.582666 0.470603 0.028869 0.040976
1 0.617123 0.544484 0.023282 0.034767
1 0.594307 0.528652 0.016763 0.022971
1 0.623875 0.517787 0.024679 0.013659
1 0.618287 0.424350 0.019091 0.031663
1 0.635981 0.459428 0.010710 0.019867
1 0.630394 0.484262 0.023747 0.017384
3 0.602455 0.436456 0.017229 0.033526
3 0.620615 0.447942 0.011641 0.034147
2 0.605715 0.473086 0.011641 0.040976
3 0.625504 0.497920 0.016763 0.031042
1 0.566369 0.615571 0.019557 0.026696
1 0.583830 0.667722 0.025610 0.029180
1 0.612234 0.637611 0.012572 0.026076
1 0.519572 0.789098 0.032129 0.042218
1 0.518408 0.866393 0.040045 0.039113
1 0.499317 0.834109 0.034457 0.024213
1 0.459040 0.818899 0.027473 0.038493
1 0.482321 0.785994 0.037717 0.050910
2 0.498851 0.790960 0.010244 0.021109
3 0.393618 0.916372 0.013969 0.048426
3 0.374992 0.907990 0.014900 0.039113
1 0.407820 0.843422 0.015366 0.027938
1 0.386400 0.879431 0.022816 0.021730
1 0.315391 0.533929 0.040976 0.050910
1 0.374992 0.374061 0.000000 0.000621
1 0.557056 0.163904 0.021419 0.022351
1 0.546579 0.135345 0.025610 0.023592
1 0.599429 0.013348 0.039113 0.015521
1 0.585460 0.041907 0.016763 0.021730
1 0.219703 0.789719 0.020954 0.029801
1 0.170811 0.802757 0.047029 0.050910
1 0.203173 0.528031 0.057739 0.087540
1 0.272087 0.495126 0.044701 0.058981
1 0.225290 0.454461 0.053548 0.033526
1 0.246710 0.425591 0.041442 0.026696
1 0.275346 0.446079 0.018625 0.029180
1 0.109580 0.190600 0.018625 0.036009
1 0.134026 0.140622 0.021885 0.024213
3 0.152884 0.070156 0.009313 0.040976
3 0.143105 0.159868 0.012107 0.027938
3 0.144270 0.190600 0.011641 0.032284
3 0.175002 0.237785 0.011641 0.034767
3 0.100500 0.824486 0.008847 0.032284
3 0.182685 0.839697 0.011175 0.032905
3 0.088626 0.825418 0.009313 0.029180
1 0.035932 0.385857 0.071863 0.041597
1 0.083737 0.181288 0.019091 0.026076
1 0.072096 0.205501 0.029335 0.018625
1 0.090721 0.223816 0.011641 0.019246
0 0.493341 0.473366 0.986682 0.946731