5 0.843017 0.800327 0.032733 0.031642
5 0.758115 0.415712 0.013502 0.021822
5 0.748909 0.440262 0.009820 0.017458
5 0.745226 0.418440 0.005728 0.013093
3 0.679965 0.475996 0.013502 0.026732
3 0.648868 0.478178 0.013502 0.023459
3 0.657665 0.486088 0.008183 0.032733
3 0.659915 0.488543 0.011047 0.027823
3 0.669940 0.489907 0.009002 0.022913
5 0.668099 0.461811 0.009411 0.019094
5 0.682420 0.340698 0.011866 0.026732
1 0.655824 0.341517 0.012684 0.025095
3 0.677510 0.352428 0.013502 0.021822
5 0.519367 0.112657 0.009820 0.030005
5 0.526323 0.126841 0.013093 0.028914
5 0.531847 0.170758 0.011047 0.032733
5 0.525914 0.227496 0.013912 0.037098
5 0.526323 0.264321 0.013912 0.031097
3 0.558442 0.217949 0.015139 0.035461
3 0.531642 0.378614 0.013093 0.039280
5 0.614498 0.501909 0.012684 0.032733
3 0.517730 0.620567 0.013093 0.035461
3 0.559261 0.773322 0.006137 0.022368
5 0.552305 0.780142 0.009411 0.025095
5 0.544122 0.777414 0.006956 0.018549
5 0.362861 0.848609 0.024141 0.040917
3 0.359997 0.782870 0.022504 0.044735
5 0.399482 0.805237 0.019640 0.051282
3 0.383115 0.418712 0.015548 0.046372
3 0.426282 0.367703 0.011047 0.048009
5 0.313966 0.407256 0.020458 0.042008
3 0.338925 0.398254 0.013912 0.051282
5 0.206356 0.585652 0.030278 0.055101
5 0.207583 0.523459 0.023732 0.044190
5 0.174850 0.534370 0.022095 0.044190
3 0.165439 0.590289 0.016367 0.055646
3 0.172395 0.568194 0.018003 0.046372
1 0.162575 0.293235 0.022095 0.049645
3 0.179965 0.336879 0.015139 0.027823
3 0.333402 0.356247 0.020049 0.050191
3 0.131069 0.263775 0.016367 0.046372
3 0.143958 0.291598 0.007774 0.016912
5 0.018958 0.437534 0.018822 0.041462
3 0.036757 0.446263 0.023322 0.024004
3 0.017117 0.350518 0.021686 0.032188
3 0.050873 0.337425 0.013093 0.040917
1 0.099154 0.318331 0.054010 0.050736
1 0.070922 0.271140 0.025368 0.039280
1 0.108156 0.229133 0.021277 0.031642
1 0.020731 0.320513 0.041462 0.034370
3 0.220267 0.981997 0.024550 0.036006
0 0.490160 0.524468 0.980319 0.938298