0 0.170336 0.713441 0.164285 0.289137
2 0.173482 0.312715 0.052664 0.095002
2 0.285006 0.380869 0.068154 0.169352
2 0.371747 0.505817 0.055762 0.125981
0 0.312887 0.294730 0.362454 0.589460
2 0.428284 0.262116 0.075898 0.084676
2 0.429058 0.146462 0.037175 0.080545
2 0.388011 0.153690 0.051115 0.095002
0 0.640489 0.051029 0.333024 0.102058
1 0.796933 0.239054 0.041822 0.095002
1 0.858891 0.226663 0.048017 0.086741
2 0.864312 0.299979 0.040273 0.097067
1 0.825589 0.307208 0.024783 0.082610
0 0.791512 0.271066 0.297398 0.291202
0 0.097274 0.844486 0.185874 0.247831
5 0.500000 0.500000 1.000000 1.000000