2 0.184128 0.571074 0.027241 0.071489
2 0.324008 0.361698 0.022485 0.082443
2 0.349087 0.374382 0.030268 0.061688
1 0.372869 0.429248 0.013837 0.049581
2 0.371355 0.541671 0.031565 0.056500
3 0.287471 0.808891 0.030700 0.049005
2 0.293957 0.863949 0.022052 0.049581
2 0.304334 0.820133 0.022917 0.050734
2 0.312550 0.832529 0.022052 0.081290
2 0.335683 0.851842 0.020755 0.084173
2 0.363572 0.841177 0.035024 0.059382
2 0.569825 0.646022 0.031565 0.066877
2 0.594255 0.645446 0.023349 0.068030
2 0.617388 0.637663 0.029835 0.065148
0 0.589787 0.955617 0.127989 0.085326
0 0.597786 0.374478 0.054049 0.051887
0 0.342457 0.408493 0.198902 0.205244
0 0.185353 0.497086 0.081290 0.133754
5 0.500281 0.500000 0.999438 0.991568