5 0.959220 0.175668 0.010638 0.029460
5 0.976814 0.153573 0.013093 0.018003
5 0.971290 0.168849 0.009411 0.021277
5 0.750750 0.086470 0.010229 0.032188
5 0.820717 0.212220 0.010229 0.024004
2 0.557010 0.355428 0.027005 0.058374
2 0.598950 0.370158 0.020867 0.064921
2 0.587289 0.375614 0.025368 0.092199
2 0.570717 0.372613 0.011047 0.088380
5 0.425668 0.141844 0.012275 0.033824
5 0.432624 0.117021 0.009002 0.033279
5 0.435079 0.138025 0.012275 0.026187
1 0.198786 0.330333 0.022504 0.023459
1 0.214539 0.353792 0.022095 0.026732
3 0.286961 0.418440 0.018003 0.042553
5 0.335243 0.465903 0.022095 0.042553
0 0.592819 0.278723 0.814362 0.548936