0 0.500000 0.342429 1.000000 0.684857
5 0.473204 0.534586 0.038621 0.094495
5 0.517399 0.525031 0.042602 0.069013
5 0.488931 0.400541 0.031056 0.086532
5 0.461061 0.407177 0.027871 0.079631
5 0.413481 0.395498 0.022695 0.062643
4 0.420051 0.354090 0.026278 0.020173
1 0.745972 0.064922 0.051812 0.048912
5 0.721957 0.125432 0.025717 0.024708
5 0.334884 0.469329 0.018531 0.035802
5 0.065804 0.096185 0.010589 0.028742
5 0.055215 0.131483 0.011346 0.011598
5 0.068830 0.153670 0.027229 0.028742
5 0.046328 0.015506 0.022313 0.021683
1 0.051433 0.057862 0.031768 0.028742
1 0.023258 0.115851 0.040466 0.035802