2 0.796859 0.135966 0.005588 0.017384
2 0.791504 0.136276 0.004191 0.016763
1 0.678354 0.126032 0.011641 0.008692
1 0.689995 0.116719 0.012572 0.009934
1 0.945629 0.194325 0.015366 0.013659
1 0.805706 0.279692 0.026076 0.021730
4 0.805240 0.414727 0.007450 0.013659
1 0.794530 0.497920 0.028869 0.027317
2 0.728643 0.610604 0.012572 0.039113
5 0.911405 0.806171 0.013969 0.037872
2 0.638309 0.452288 0.008847 0.030422
5 0.405259 0.475259 0.014900 0.042839
5 0.388496 0.474018 0.011175 0.037872
2 0.374294 0.478363 0.011641 0.047805
2 0.191066 0.484572 0.000000 0.001863
0 0.498789 0.493947 0.997578 0.987893