1 0.451562 0.476145 0.037429 0.109448
2 0.453386 0.417185 0.018671 0.097917
2 0.488393 0.457846 0.036408 0.106215
2 0.507064 0.467804 0.040142 0.126131
1 0.646160 0.412206 0.042009 0.114513
2 0.725510 0.413036 0.127894 0.129450
4 0.697504 0.433781 0.019604 0.087960
4 0.348363 0.275288 0.030807 0.026554
4 0.501929 0.875239 0.026139 0.081321
4 0.549073 0.931665 0.027072 0.061406
4 0.572411 0.914239 0.032674 0.076342
0 0.607885 0.914239 0.040142 0.069704
2 0.253169 0.457138 0.030340 0.115067
5 0.500000 0.500000 1.000000 1.000000