2 0.427933 0.617907 0.031864 0.079070
2 0.404920 0.603155 0.023013 0.082610
2 0.391201 0.604335 0.034519 0.066088
2 0.333669 0.577192 0.025668 0.073169
2 0.353584 0.574831 0.028324 0.073169
2 0.386333 0.659802 0.023013 0.059007
2 0.337209 0.659802 0.022128 0.075530
2 0.356239 0.681045 0.012392 0.059007
2 0.369959 0.684585 0.025668 0.066088
2 0.355354 0.632659 0.088511 0.025963
2 0.615577 0.345169 0.024783 0.070809
2 0.576632 0.356381 0.028324 0.090872
2 0.607169 0.361691 0.034519 0.113294
2 0.537245 0.274950 0.041600 0.100313
2 0.469976 0.209452 0.018587 0.049566
0 0.367489 0.742191 0.203063 0.145109
3 0.387661 0.054582 0.045141 0.090872
2 0.377482 0.134242 0.044256 0.082610
2 0.023929 0.210016 0.032047 0.085459
2 0.031620 0.275819 0.020510 0.049566
2 0.081934 0.266846 0.018587 0.081186
2 0.045721 0.250609 0.024356 0.064094
2 0.051489 0.310858 0.021792 0.051275
2 0.068795 0.319403 0.014101 0.039311
5 0.500000 0.500000 1.000000 1.000000