2 0.343517 0.285838 0.047512 0.124623
2 0.622332 0.235249 0.035109 0.097297
2 0.397735 0.267375 0.032012 0.146863
2 0.438524 0.251771 0.043371 0.141356
2 0.404447 0.155392 0.045436 0.077103
4 0.561923 0.513371 0.025816 0.084446
4 0.540755 0.517042 0.020653 0.088118
4 0.519586 0.562937 0.027881 0.062417
0 0.284146 0.581295 0.114622 0.165221
0 0.751436 0.554985 0.157009 0.265572
2 0.796847 0.199757 0.041305 0.108312
2 0.758123 0.193331 0.021685 0.091789
2 0.767933 0.131833 0.028914 0.089954
2 0.700296 0.156616 0.019620 0.099133
2 0.603229 0.135504 0.040273 0.097297
4 0.665703 0.098788 0.030979 0.089954
4 0.669317 0.190578 0.034077 0.097297
2 0.842214 0.329685 0.021066 0.046262
2 0.869475 0.339047 0.016109 0.038552
0 0.855845 0.314264 0.060719 0.085915
2 0.992978 0.312061 0.014044 0.050668
2 0.981000 0.271857 0.021066 0.047363
4 0.845002 0.061476 0.017968 0.045160
0 0.952499 0.296641 0.028501 0.061683
0 0.024493 0.380051 0.048985 0.115655
5 0.500000 0.500000 1.000000 1.000000