1 0.545145 0.789143 0.034370 0.027823
4 0.697968 0.372613 0.012684 0.025095
1 0.375955 0.231588 0.013502 0.019094
1 0.373091 0.250955 0.014321 0.017458
1 0.479474 0.384615 0.032324 0.041462
1 0.490930 0.330606 0.016776 0.026187
1 0.363680 0.486088 0.048691 0.065466
4 0.476200 0.450627 0.018412 0.029460
4 0.427510 0.642662 0.011866 0.020731
4 0.437739 0.650846 0.011047 0.029460
4 0.470472 0.646481 0.012684 0.028369
5 0.564580 0.426350 0.011047 0.015821
1 0.481110 0.915712 0.038871 0.040917
4 0.468221 0.945172 0.009002 0.035461
3 0.472313 0.953901 0.010638 0.011457
1 0.178532 0.720131 0.029460 0.024004
1 0.159302 0.126023 0.025368 0.036007
4 0.094449 0.317785 0.015139 0.031097
4 0.100791 0.307965 0.010638 0.026732
1 0.035938 0.385706 0.031506 0.030551
1 0.052714 0.417894 0.018412 0.028369
1 0.024686 0.451718 0.013912 0.039280
1 0.019572 0.481997 0.024141 0.018003
1 0.013843 0.402891 0.025777 0.049645
1 0.206969 0.199127 0.025777 0.029460
0 0.501862 0.501064 0.996276 0.997872