1 0.973745 0.659029 0.037234 0.065466
1 0.935284 0.696945 0.031506 0.048554
1 0.577059 0.508729 0.026187 0.040917
1 0.587493 0.590562 0.034779 0.031097
1 0.582379 0.642390 0.044190 0.024550
5 0.563557 0.677032 0.027005 0.055646
5 0.588925 0.676214 0.028642 0.054010
5 0.611634 0.563284 0.023322 0.067103
5 0.511798 0.491544 0.014321 0.066558
5 0.536552 0.522913 0.018822 0.054010
5 0.554760 0.525914 0.013502 0.044735
5 0.551077 0.451446 0.015139 0.044190
1 0.613066 0.516094 0.041735 0.036007
1 0.523868 0.490180 0.018003 0.039825
1 0.550259 0.497545 0.016776 0.025095
0 0.497340 0.459574 0.994680 0.919148