4 0.900914 0.619749 0.015957 0.029460
5 0.732338 0.597654 0.010229 0.032188
1 0.774686 0.253137 0.041735 0.020731
1 0.727223 0.255319 0.024550 0.032733
4 0.595881 0.303055 0.017185 0.025641
3 0.557829 0.553737 0.015548 0.036007
3 0.580537 0.556465 0.008592 0.036007
5 0.569081 0.567649 0.015957 0.039825
1 0.744613 0.898527 0.023322 0.037098
1 0.714744 0.875341 0.029869 0.047463
1 0.538393 0.845608 0.031506 0.044735
5 0.333811 0.419531 0.017594 0.049100
4 0.513639 0.166394 0.012275 0.026187
4 0.505456 0.173759 0.007365 0.023459
5 0.379023 0.031915 0.004910 0.016912
5 0.386184 0.033279 0.006956 0.014184
5 0.388230 0.025368 0.007774 0.015821
5 0.393549 0.035461 0.004501 0.009820
1 0.321331 0.110202 0.041735 0.074195
1 0.312534 0.194217 0.024959 0.046918
1 0.290644 0.162848 0.021277 0.021277
4 0.357747 0.220676 0.009002 0.018003
4 0.155415 0.436989 0.007774 0.013093
5 0.169122 0.113748 0.010638 0.024550
1 0.067853 0.291053 0.023322 0.025641
3 0.167280 0.602291 0.008592 0.021822
5 0.098950 0.095199 0.005319 0.013639
0 0.498138 0.498936 0.996276 0.997872