2 0.454721 0.462138 0.021967 0.082235
2 0.445850 0.504382 0.027881 0.065337
2 0.453032 0.627734 0.032105 0.077729
2 0.488094 0.534797 0.024502 0.065337
0 0.453877 0.399053 0.069280 0.057452
0 0.033103 0.048681 0.038237 0.049566
2 0.968092 0.060022 0.053439 0.099133
2 0.878059 0.121205 0.042983 0.103779
2 0.933821 0.117333 0.024396 0.061958
2 0.915815 0.107265 0.032528 0.122367
1 0.787446 0.309402 0.049954 0.105328
0 0.795578 0.224210 0.082481 0.086741
0 0.803710 0.442612 0.094099 0.108426
0 0.902398 0.038450 0.056855 0.043735
5 0.500000 0.500000 1.000000 1.000000