1 0.912168 0.043531 0.014333 0.007432
1 0.902015 0.076711 0.009158 0.010087
1 0.931876 0.049371 0.007565 0.007432
1 0.748328 0.519987 0.011546 0.011148
1 0.760272 0.548654 0.006769 0.006901
4 0.826565 0.564049 0.017519 0.047247
4 0.787347 0.534586 0.015528 0.041408
4 0.744346 0.539099 0.016324 0.033445
4 0.761069 0.554228 0.014732 0.037161
4 0.814421 0.570685 0.009158 0.038223
5 0.796703 0.570420 0.027074 0.039815
5 0.770226 0.559006 0.009158 0.031852
5 0.739369 0.506450 0.010352 0.031852
5 0.923316 0.815947 0.009556 0.015926
3 0.589863 0.615013 0.015528 0.040877
4 0.641225 0.591124 0.009158 0.026013
4 0.603599 0.447258 0.011945 0.031321
4 0.620919 0.432394 0.009158 0.032383
3 0.629479 0.436641 0.011148 0.034507
3 0.621715 0.390190 0.017917 0.037161
1 0.623109 0.465839 0.006370 0.005840
1 0.633063 0.467166 0.007167 0.011679
1 0.579909 0.375060 0.019509 0.015395
1 0.620521 0.458937 0.005972 0.005840
1 0.618729 0.232787 0.018315 0.011148
1 0.589266 0.267293 0.005574 0.007963
1 0.353958 0.401869 0.016722 0.008494
1 0.356944 0.412221 0.005972 0.013272
1 0.346990 0.417529 0.013139 0.010087
1 0.351967 0.432394 0.012741 0.021766
1 0.380435 0.423900 0.020306 0.019642
5 0.369685 0.573605 0.018713 0.032383
5 0.416866 0.649785 0.011945 0.047778
5 0.393972 0.642884 0.015528 0.025482
5 0.396560 0.676329 0.010352 0.041408
5 0.403727 0.673409 0.010352 0.038754
4 0.407708 0.666507 0.011945 0.037692
4 0.427815 0.680045 0.009954 0.029729
4 0.418458 0.684822 0.010352 0.028667
5 0.379838 0.600149 0.012741 0.039815
1 0.543478 0.464246 0.015130 0.016457
0 0.500000 0.500000 1.000000 1.000000