5 0.768958 0.106656 0.018003 0.027823
1 0.766912 0.064375 0.044190 0.045827
1 0.790439 0.102564 0.023322 0.038189
1 0.792894 0.146754 0.023322 0.020731
1 0.814375 0.172668 0.023732 0.039825
1 0.801487 0.221768 0.017594 0.051828
1 0.759343 0.212766 0.038871 0.049100
1 0.754637 0.174304 0.023732 0.023459
1 0.748500 0.133388 0.043372 0.046372
1 0.699195 0.122750 0.054419 0.038189
1 0.727223 0.093290 0.045008 0.040371
1 0.728860 0.067103 0.029460 0.036007
1 0.673622 0.150846 0.040917 0.054010
1 0.630660 0.102291 0.042553 0.061648
1 0.580333 0.111293 0.036825 0.038189
1 0.569490 0.013912 0.066694 0.027823
1 0.602837 0.079105 0.020458 0.056738
5 0.799236 0.130660 0.013912 0.033279
1 0.638843 0.164212 0.021277 0.040371
5 0.656847 0.244408 0.019640 0.078560
1 0.732951 0.449536 0.021277 0.028369
1 0.551282 0.106383 0.036007 0.070922
1 0.508933 0.078287 0.027414 0.038734
1 0.492976 0.150573 0.041326 0.031642
1 0.490521 0.105292 0.060966 0.051282
1 0.449809 0.284779 0.033552 0.037098
1 0.468631 0.374795 0.023732 0.037098
1 0.491748 0.351337 0.030687 0.029460
5 0.491544 0.423622 0.018003 0.040917
1 0.527141 0.463993 0.054010 0.037643
1 0.548418 0.392799 0.022095 0.026187
3 0.523254 0.220131 0.006956 0.028914
3 0.516708 0.219313 0.006137 0.017458
3 0.388230 0.462357 0.012684 0.038734
5 0.469244 0.476814 0.007774 0.042553
3 0.481110 0.481724 0.013502 0.033824
5 0.429555 0.463993 0.011047 0.026732
5 0.449604 0.500818 0.009411 0.025095
1 0.417894 0.510093 0.036007 0.030551
1 0.412575 0.472995 0.026187 0.042553
1 0.458811 0.444354 0.013912 0.028914
5 0.298622 0.504637 0.019231 0.031642
5 0.259138 0.457174 0.013093 0.036007
5 0.256683 0.239225 0.009002 0.022368
5 0.267321 0.201855 0.011457 0.020731
5 0.279187 0.209493 0.007365 0.014184
5 0.282460 0.197218 0.009002 0.011457
1 0.397640 0.123568 0.017594 0.027823
0 0.573670 0.498936 0.852660 0.997872