1 0.766708 0.127660 0.016776 0.022913
1 0.823991 0.124113 0.020867 0.021277
1 0.935693 0.109656 0.019231 0.033824
1 0.956356 0.092744 0.013093 0.016367
4 0.930169 0.542280 0.011457 0.036007
5 0.743181 0.566558 0.013093 0.026732
5 0.608361 0.432897 0.017594 0.044190
3 0.590767 0.439171 0.010229 0.040371
3 0.623704 0.414348 0.010638 0.028914
4 0.627591 0.195308 0.019231 0.032733
4 0.525300 0.105292 0.015139 0.021822
4 0.540439 0.077469 0.011047 0.018549
5 0.366953 0.228860 0.017594 0.056192
5 0.348950 0.091380 0.004501 0.020185
5 0.380046 0.044463 0.007774 0.016912
5 0.178942 0.055101 0.009002 0.014184
5 0.179146 0.045827 0.005319 0.014184
5 0.251568 0.125205 0.006956 0.016912
5 0.258320 0.123841 0.009002 0.014184
4 0.245226 0.169667 0.010638 0.017458
4 0.248909 0.155756 0.005728 0.013639
4 0.162984 0.407529 0.004910 0.014184
4 0.297190 0.442717 0.007365 0.009274
1 0.207583 0.405346 0.013912 0.020731
1 0.187330 0.424986 0.011866 0.017458
1 0.194694 0.409984 0.011866 0.014730
1 0.199400 0.329787 0.012275 0.014730
5 0.182829 0.340971 0.006137 0.018549
3 0.175464 0.527005 0.011047 0.024004
4 0.039007 0.941353 0.027005 0.040917
4 0.031233 0.920895 0.028642 0.036007
1 0.079105 0.205401 0.025368 0.030005
4 0.242567 0.342608 0.006956 0.007638
0 0.497340 0.497872 0.994680 0.991489