0 0.500000 0.500246 1.000000 0.999508
5 0.410899 0.583793 0.032146 0.069082
5 0.432645 0.567405 0.024204 0.039331
5 0.448340 0.530595 0.030633 0.063535
5 0.452311 0.455462 0.018153 0.051433
5 0.423758 0.483952 0.019287 0.033785
5 0.376295 0.459496 0.023448 0.026221
5 0.387074 0.485717 0.034415 0.060510
4 0.316920 0.551269 0.017397 0.035297
3 0.299523 0.535890 0.015127 0.022691
1 0.309356 0.522275 0.018909 0.022691
1 0.336586 0.544714 0.013615 0.018153
1 0.433969 0.411593 0.012480 0.017144
1 0.965131 0.165772 0.021935 0.043870
5 0.886468 0.197791 0.015127 0.016136
1 0.822366 0.338477 0.029120 0.026221
4 0.805348 0.363941 0.015506 0.030759
1 0.390855 0.852558 0.015506 0.031768
1 0.384426 0.763810 0.028364 0.016640
1 0.143143 0.234097 0.031389 0.039331
1 0.186635 0.269899 0.028364 0.048408
1 0.150518 0.271916 0.019666 0.024204
1 0.100408 0.254519 0.023826 0.025717
1 0.110052 0.318559 0.018153 0.026725