3 0.743385 0.024277 0.007774 0.025641
3 0.751568 0.022368 0.005319 0.024004
3 0.755660 0.028642 0.005319 0.022368
5 0.887821 0.325423 0.012684 0.027823
5 0.916462 0.408347 0.011866 0.018003
4 0.888025 0.418440 0.010638 0.025095
5 0.619613 0.795417 0.017185 0.043644
3 0.649482 0.420622 0.005728 0.021822
5 0.693876 0.011184 0.013502 0.022368
5 0.663803 0.007638 0.006547 0.015276
5 0.657870 0.003546 0.008592 0.007092
5 0.690603 0.442990 0.006956 0.014184
4 0.505865 0.606383 0.019640 0.037643
4 0.465357 0.581833 0.011457 0.031097
3 0.468221 0.533552 0.008183 0.017458
4 0.574400 0.440535 0.006956 0.019094
3 0.580537 0.441353 0.005319 0.021822
4 0.586061 0.420895 0.006547 0.013639
4 0.329514 0.023459 0.015548 0.036007
4 0.385366 0.592471 0.006956 0.020731
4 0.393344 0.591926 0.009820 0.020731
4 0.193262 0.189853 0.000000 0.006547
1 0.076241 0.190398 0.043372 0.038189
1 0.126978 0.234315 0.004910 0.022368
1 0.130660 0.234588 0.004910 0.019640
1 0.134956 0.237316 0.006137 0.020731
1 0.138434 0.239771 0.004910 0.019094
5 0.142117 0.240044 0.008183 0.024004
4 0.036961 0.286961 0.007365 0.025095
3 0.088312 0.354883 0.006956 0.022368
3 0.095472 0.354064 0.007365 0.021822
5 0.100791 0.361157 0.009820 0.016367
4 0.094040 0.366612 0.006137 0.009820
5 0.160938 0.422804 0.013912 0.030551
3 0.153369 0.407256 0.012684 0.034370
3 0.146618 0.418167 0.009820 0.034370
4 0.040439 0.699400 0.015139 0.020731
4 0.064989 0.533279 0.007774 0.020185
0 0.498138 0.476704 0.996276 0.944897