2 0.358672 0.965995 0.050590 0.042663
2 0.313054 0.552048 0.016431 0.033439
2 0.324296 0.555219 0.016431 0.031709
2 0.329701 0.572227 0.015134 0.053040
2 0.369914 0.317210 0.014269 0.059959
2 0.382237 0.325281 0.019890 0.065724
2 0.393479 0.303661 0.023349 0.052464
2 0.398884 0.349495 0.025511 0.051887
2 0.419207 0.301644 0.035889 0.054194
2 0.422882 0.346901 0.022485 0.045546
2 0.434989 0.351225 0.026808 0.025367
2 0.437800 0.328740 0.016863 0.064571
2 0.447313 0.320957 0.024647 0.076678
2 0.455312 0.258404 0.021620 0.033439
2 0.407316 0.180765 0.031997 0.068030
2 0.881149 0.146462 0.010810 0.025944
2 0.909903 0.133490 0.013837 0.021908
2 0.912281 0.145885 0.010810 0.023638
2 0.921578 0.136373 0.014701 0.018449
2 0.922731 0.011110 0.017296 0.022220
2 0.910192 0.027697 0.010377 0.014413
2 0.937432 0.057388 0.012107 0.026520
2 0.948891 0.030292 0.016863 0.016143
2 0.862266 0.807267 0.030255 0.085309
2 0.837715 0.802638 0.021823 0.076051
2 0.784396 0.886624 0.032239 0.068115
2 0.754141 0.893568 0.046126 0.084648
0 0.260821 0.965360 0.075885 0.069280
5 0.503654 0.504356 0.992692 0.991287