0 0.500000 0.500000 1.000000 1.000000
5 0.553286 0.455210 0.009833 0.021683
5 0.529839 0.587827 0.045382 0.167915
5 0.491264 0.593878 0.043113 0.149762
5 0.456093 0.596148 0.046139 0.168419
5 0.780765 0.591105 0.009455 0.023195
5 0.773013 0.586819 0.007564 0.014623
5 0.768474 0.573456 0.008320 0.016136
5 0.766583 0.585306 0.009833 0.012606
5 0.762613 0.644808 0.011724 0.012606
5 0.790598 0.552782 0.009455 0.029246
5 0.776416 0.565893 0.003782 0.008068
4 0.800809 0.520762 0.009455 0.011598
4 0.753536 0.559842 0.009455 0.014119
1 0.835224 0.448907 0.020044 0.024204
1 0.845624 0.474119 0.012858 0.016136
1 0.860563 0.478406 0.010211 0.021683
1 0.806482 0.458992 0.023826 0.024204
1 0.807806 0.441091 0.006807 0.015632
1 0.768285 0.560094 0.006429 0.011598
1 0.781144 0.546731 0.005673 0.010085
1 0.784358 0.566145 0.005295 0.014623
5 0.968913 0.729773 0.040088 0.080680
5 0.881363 0.965005 0.024582 0.068074
5 0.856025 0.957441 0.031389 0.082192
5 0.629869 0.814739 0.017018 0.040844
5 0.538726 0.453445 0.010211 0.011093
1 0.517737 0.751960 0.031011 0.048408
1 0.268323 0.123919 0.030633 0.046895
1 0.211595 0.137029 0.031389 0.035802
1 0.267567 0.056602 0.025338 0.035297
1 0.312193 0.126188 0.029120 0.059501
1 0.301036 0.174344 0.018909 0.030759
1 0.131609 0.029625 0.020422 0.030759