5 0.710423 0.672541 0.013993 0.030759
3 0.689623 0.567658 0.006429 0.053955
3 0.680735 0.561859 0.013615 0.049416
3 0.669201 0.574465 0.010211 0.044374
3 0.653884 0.585558 0.015884 0.068578
3 0.659935 0.621864 0.013615 0.053450
3 0.678466 0.616822 0.012858 0.040340
3 0.685652 0.605728 0.006051 0.022187
3 0.651426 0.646572 0.005673 0.024204
3 0.631760 0.567405 0.025338 0.037314
3 0.615498 0.574969 0.013237 0.018153
3 0.624575 0.590349 0.016262 0.031768
3 0.669579 0.625898 0.004160 0.036306
1 0.687543 0.504626 0.004538 0.007564
1 0.689623 0.536394 0.020800 0.023700
1 0.669579 0.523032 0.007942 0.012102
1 0.713259 0.391171 0.000000 0.000504
3 0.690190 0.429493 0.006807 0.029751
1 0.561607 0.540680 0.012858 0.012102
1 0.560283 0.560598 0.022313 0.022691
0 0.500000 0.502212 1.000000 0.995575