2 0.137862 0.177883 0.014269 0.053040
2 0.127917 0.173559 0.004756 0.049005
2 0.122296 0.173270 0.007351 0.049581
2 0.115810 0.185089 0.010810 0.037474
2 0.106946 0.175000 0.016431 0.042663
2 0.132025 0.907477 0.017296 0.051311
2 0.137430 0.839735 0.022917 0.043816
2 0.153644 0.864238 0.015566 0.051311
2 0.158401 0.935439 0.017296 0.050734
2 0.168346 0.924485 0.033727 0.072642
2 0.192992 0.917855 0.027673 0.049005
2 0.181318 0.863661 0.021620 0.037474
2 0.198613 0.865679 0.020755 0.047275
2 0.426774 0.029331 0.017296 0.055347
2 0.440394 0.070552 0.011675 0.038627
2 0.431530 0.068823 0.012972 0.053617
2 0.581499 0.074012 0.012539 0.049005
2 0.592093 0.071994 0.011242 0.047275
2 0.568744 0.167409 0.018161 0.060535
2 0.601389 0.206901 0.022917 0.070336
2 0.647440 0.208342 0.019890 0.082443
2 0.656087 0.021295 0.025079 0.042590
2 0.603768 0.373613 0.022485 0.065148
2 0.611335 0.737978 0.015999 0.045546
2 0.624090 0.733366 0.012972 0.038627
2 0.761159 0.749124 0.038051 0.074372
2 0.746674 0.674849 0.015134 0.055347
2 0.769591 0.663895 0.022917 0.040357
2 0.784509 0.631609 0.019025 0.064571
2 0.722460 0.626420 0.016863 0.046122
2 0.750350 0.620079 0.016431 0.019602
2 0.769591 0.616331 0.015134 0.045546
2 0.685058 0.360834 0.017296 0.039204
2 0.832505 0.346420 0.014701 0.042663
2 0.840288 0.327395 0.012972 0.023061
2 0.825370 0.065748 0.025511 0.046699
2 0.906516 0.797649 0.039348 0.065724
0 0.886395 0.722510 0.161656 0.114749
0 0.895990 0.895408 0.132000 0.128705
0 0.911109 0.571321 0.079665 0.125603
0 0.756527 0.513559 0.040705 0.073656
0 0.312555 0.157941 0.086643 0.096916
0 0.271850 0.501153 0.100599 0.112423
5 0.497189 0.505481 0.973019 0.989038