2 0.385522 0.694481 0.038060 0.068449
1 0.422254 0.725755 0.017702 0.081430
4 0.437301 0.705693 0.030094 0.050746
4 0.433760 0.642555 0.037175 0.068449
4 0.467837 0.686220 0.045141 0.042485
2 0.388620 0.588858 0.028324 0.062548
2 0.473148 0.562305 0.020358 0.096772
2 0.462969 0.523950 0.028324 0.102673
2 0.401454 0.538111 0.036290 0.067269
1 0.443054 0.555814 0.030979 0.064908
1 0.455446 0.431898 0.030979 0.090872
2 0.416943 0.440159 0.042485 0.076710
4 0.347019 0.499167 0.037175 0.097952
2 0.374458 0.499757 0.021243 0.115655
1 0.399684 0.465532 0.020358 0.096772
1 0.450578 0.493266 0.081430 0.119195
1 0.558561 0.279991 0.023013 0.057827
1 0.545285 0.268189 0.023013 0.038945
1 0.532893 0.285301 0.021243 0.049566
1 0.526697 0.193250 0.028324 0.073169
1 0.565642 0.202691 0.021243 0.056647
2 0.543072 0.196790 0.015047 0.089691
1 0.516518 0.114770 0.011506 0.053107
1 0.522714 0.107099 0.015047 0.075530
2 0.531123 0.125981 0.026553 0.080250
2 0.570510 0.145453 0.030979 0.055467
2 0.584672 0.105328 0.030979 0.048386
2 0.603702 0.078185 0.023013 0.048386
2 0.557676 0.091757 0.026553 0.082610
1 0.704591 0.348341 0.030979 0.062417
4 0.757600 0.293449 0.030979 0.049566
2 0.709066 0.454539 0.030291 0.063335
2 0.727309 0.442607 0.032356 0.078021
4 0.790300 0.349440 0.023406 0.055074
1 0.727654 0.378354 0.027537 0.067006
1 0.743831 0.373765 0.030979 0.089036
1 0.763107 0.359996 0.029602 0.079857
5 0.499380 0.500000 0.998760 1.000000