0 0.500000 0.500000 1.000000 1.000000
5 0.492020 0.461261 0.012102 0.026725
5 0.484267 0.462522 0.014749 0.035297
5 0.480107 0.471346 0.016262 0.040844
5 0.469140 0.470338 0.015506 0.040844
5 0.463656 0.475632 0.012102 0.052442
3 0.488806 0.484457 0.012480 0.018657
5 0.833712 0.368984 0.017018 0.040844
5 0.823122 0.405794 0.017775 0.027734
5 0.802133 0.373522 0.014371 0.045887
1 0.854890 0.504626 0.034415 0.029751
1 0.874934 0.534629 0.016262 0.015127
1 0.882308 0.561607 0.035550 0.033785
1 0.836359 0.565388 0.017775 0.026221
5 0.652749 0.340746 0.012858 0.039836
5 0.650858 0.253763 0.012858 0.040340
5 0.637433 0.266369 0.012480 0.020170
1 0.657099 0.234097 0.006429 0.015127
1 0.363626 0.302927 0.023069 0.036810
1 0.336208 0.294103 0.022691 0.025212
1 0.322404 0.348057 0.021557 0.027229
1 0.298578 0.259562 0.063913 0.055972
1 0.276643 0.294859 0.010211 0.013615
5 0.226534 0.928447 0.008320 0.023195
5 0.242606 0.936011 0.007186 0.012102
5 0.235232 0.942062 0.009833 0.021178
5 0.282883 0.791040 0.012858 0.026725
5 0.238257 0.804402 0.006051 0.013110
5 0.231828 0.792804 0.008320 0.012102