2 0.479995 0.486766 0.054332 0.118197
2 0.373475 0.336161 0.047183 0.087694
2 0.414224 0.359991 0.065771 0.085788
2 0.422803 0.265625 0.042894 0.125822
4 0.602242 0.532679 0.027166 0.099133
4 0.639417 0.514568 0.044324 0.081975
4 0.728779 0.442125 0.048613 0.085788
4 0.808848 0.470721 0.042894 0.066724
4 0.801699 0.358244 0.051473 0.112477
4 0.873904 0.322975 0.050043 0.114384
2 0.739503 0.339180 0.024307 0.074349
4 0.708762 0.340133 0.037175 0.087694
2 0.718056 0.236234 0.044324 0.066724
0 0.724490 0.457376 0.371747 0.585264
0 0.146137 0.633718 0.124392 0.324087
0 0.555452 0.087361 0.131970 0.171004
0 0.270136 0.127014 0.211896 0.146221
5 0.500000 0.500000 1.000000 1.000000