3 0.768455 0.898057 0.010244 0.021730
1 0.554029 0.461601 0.052617 0.080089
3 0.463230 0.431489 0.012572 0.040976
3 0.514450 0.473707 0.015366 0.040976
3 0.484417 0.530515 0.011175 0.035388
3 0.494894 0.532377 0.010710 0.037872
3 0.495825 0.508164 0.007916 0.020488
3 0.448796 0.517787 0.006985 0.040976
4 0.458574 0.506922 0.011641 0.027938
5 0.474871 0.532377 0.009778 0.050289
5 0.475802 0.411622 0.010710 0.032284
1 0.569162 0.157385 0.025144 0.037872
1 0.332387 0.166077 0.032129 0.034147
1 0.320047 0.192463 0.028869 0.022351
1 0.350081 0.207984 0.014435 0.021109
1 0.435991 0.178183 0.044701 0.040976
1 0.419926 0.228472 0.012572 0.024834
3 0.450891 0.234681 0.009313 0.038493
3 0.437387 0.219470 0.013038 0.036630
1 0.426678 0.456944 0.027938 0.037251
3 0.201310 0.808344 0.016763 0.023592
3 0.249736 0.800894 0.009313 0.022351
3 0.234836 0.807413 0.010244 0.029180
3 0.056032 0.207363 0.008381 0.024834
3 0.061852 0.208915 0.016297 0.022971
3 0.077451 0.224747 0.017694 0.042218
3 0.090954 0.213882 0.012107 0.040355
3 0.049513 0.473397 0.013969 0.031663
3 0.023437 0.474018 0.009313 0.021730
3 0.033448 0.489539 0.010710 0.026696
3 0.014124 0.481157 0.012107 0.029801
1 0.068138 0.470292 0.029801 0.040355
1 0.498184 0.516949 0.207022 0.171913
0 0.404358 0.497579 0.808716 0.995157