2 0.404001 0.443950 0.038916 0.097433
2 0.400542 0.522646 0.031132 0.069183
2 0.428648 0.443950 0.027673 0.072066
2 0.426702 0.516304 0.028970 0.077255
2 0.430593 0.551472 0.032430 0.043816
2 0.447241 0.488919 0.019025 0.065148
2 0.445079 0.628438 0.035456 0.095127
2 0.476211 0.559255 0.026808 0.081290
2 0.485940 0.602783 0.038483 0.123377
2 0.508425 0.645446 0.018593 0.084173
2 0.559663 0.633050 0.038051 0.062841
2 0.483994 0.676002 0.028538 0.083020
2 0.586256 0.324705 0.023782 0.087632
2 0.614145 0.340847 0.032862 0.119918
5 0.501967 0.504356 0.996065 0.991287