4 0.504228 0.063284 0.021277 0.048009
4 0.473541 0.289962 0.013912 0.038734
4 0.497272 0.298691 0.008183 0.030005
4 0.503614 0.300873 0.007774 0.031097
5 0.483156 0.287234 0.006956 0.026732
3 0.490726 0.290780 0.008183 0.027278
4 0.487248 0.394981 0.008592 0.032733
4 0.472313 0.414348 0.006547 0.014730
5 0.479474 0.420622 0.006956 0.018549
4 0.428532 0.713584 0.017185 0.046918
4 0.418712 0.707856 0.013912 0.050736
5 0.361020 0.341517 0.010638 0.025095
5 0.392935 0.358702 0.016367 0.028914
0 0.639096 0.503191 0.721808 0.985106