2 0.393533 0.375407 0.034500 0.106465
2 0.427332 0.428639 0.028685 0.078454
2 0.416851 0.368818 0.027582 0.096107
2 0.447190 0.424716 0.028685 0.117682
4 0.480288 0.410006 0.037511 0.111798
2 0.371065 0.161720 0.022065 0.084645
2 0.385959 0.176277 0.020962 0.086300
2 0.330244 0.332206 0.019859 0.072570
2 0.300456 0.313573 0.035305 0.047073
2 0.302663 0.372413 0.033098 0.086300
1 0.349000 0.178239 0.044131 0.090223
2 0.827317 0.086715 0.038586 0.116173
2 0.865281 0.070672 0.039831 0.084087
2 0.217031 0.631855 0.032767 0.122303
2 0.174555 0.675746 0.032767 0.103560
0 0.230380 0.186354 0.115291 0.179072
2 0.450827 0.774801 0.035059 0.110272
5 0.500000 0.501888 1.000000 0.996224