4 0.963107 0.033279 0.006956 0.031642
4 0.970676 0.037916 0.006547 0.036552
4 0.976814 0.022368 0.008183 0.020731
4 0.977837 0.038462 0.009411 0.020185
2 0.883933 0.270049 0.006547 0.017458
5 0.896413 0.516367 0.024959 0.050736
3 0.995158 0.503273 0.009684 0.034370
5 0.990112 0.521549 0.013502 0.025095
3 0.994340 0.539553 0.011320 0.031642
1 0.986020 0.588925 0.024959 0.051828
4 0.602019 0.938898 0.006547 0.013093
4 0.610406 0.575832 0.012684 0.033279
3 0.595472 0.567103 0.009820 0.030005
5 0.602428 0.563830 0.006547 0.020185
1 0.609997 0.394981 0.052782 0.042553
1 0.658279 0.438080 0.020049 0.022913
1 0.608361 0.453901 0.027414 0.025095
5 0.577673 0.433442 0.012684 0.026732
3 0.669326 0.256683 0.010229 0.032188
3 0.660734 0.252591 0.008592 0.033824
2 0.588721 0.137207 0.008592 0.026732
2 0.580537 0.142662 0.006137 0.026732
2 0.582174 0.011457 0.007774 0.022913
4 0.515685 0.016367 0.007365 0.027278
3 0.539825 0.064921 0.007365 0.025095
3 0.538803 0.077741 0.007774 0.014730
3 0.544940 0.079105 0.009411 0.015276
4 0.479883 0.407529 0.013502 0.038189
1 0.508933 0.452264 0.038871 0.028369
1 0.518549 0.399618 0.045008 0.043099
1 0.547190 0.404801 0.055646 0.027278
1 0.545145 0.580742 0.039280 0.031097
5 0.547395 0.615930 0.015139 0.038189
5 0.366339 0.546372 0.015548 0.034370
5 0.423213 0.487179 0.010638 0.024004
4 0.433033 0.493726 0.009820 0.036007
3 0.419122 0.512002 0.011457 0.045281
3 0.412370 0.505456 0.009411 0.033279
5 0.349359 0.530824 0.006956 0.022913
1 0.396413 0.796236 0.025777 0.035461
1 0.339130 0.855974 0.032324 0.066558
1 0.341380 0.747136 0.054828 0.071468
4 0.410325 0.849700 0.015957 0.031097
5 0.422395 0.983906 0.016367 0.032188
5 0.370226 0.992362 0.006956 0.009820
3 0.359588 0.845336 0.015139 0.039825
4 0.295145 0.902073 0.013912 0.028914
5 0.282051 0.879978 0.011457 0.022913
3 0.291053 0.830878 0.009820 0.036007
4 0.286348 0.854337 0.013502 0.033824
4 0.278983 0.848882 0.006137 0.033824
4 0.271822 0.852973 0.009002 0.034370
4 0.270595 0.826241 0.009002 0.026732
4 0.260570 0.842335 0.017594 0.034915
1 0.274686 0.815603 0.022913 0.024004
1 0.272640 0.776050 0.019640 0.024550
4 0.279801 0.735134 0.010229 0.023459
4 0.248091 0.569013 0.013912 0.033824
4 0.266503 0.498363 0.015548 0.021277
1 0.230087 0.533279 0.022095 0.024550
1 0.255660 0.529733 0.019231 0.030551
3 0.222518 0.555646 0.006956 0.015821
3 0.227223 0.563284 0.005728 0.021277
5 0.238884 0.568194 0.008592 0.025641
5 0.232133 0.564375 0.008183 0.034370
3 0.295758 0.570649 0.011047 0.029460
3 0.287984 0.575286 0.008592 0.025641
3 0.220267 0.631751 0.004910 0.018549
3 0.215357 0.634479 0.004092 0.015276
3 0.212493 0.636116 0.005728 0.013093
5 0.205947 0.635297 0.006547 0.018003
3 0.213925 0.576650 0.006956 0.015276
3 0.198582 0.777960 0.006547 0.022913
3 0.174850 0.787234 0.010638 0.028369
3 0.182624 0.783688 0.004910 0.021277
3 0.186511 0.777960 0.007774 0.025095
1 0.277346 0.391980 0.027414 0.044190
5 0.440194 0.349700 0.014321 0.033824
2 0.353041 0.335516 0.006956 0.021822
2 0.331969 0.337425 0.009820 0.024550
2 0.346290 0.328423 0.006547 0.024004
4 0.309875 0.347518 0.016367 0.034915
1 0.323991 0.300600 0.056056 0.042553
5 0.375955 0.150846 0.006956 0.015821
5 0.381888 0.154119 0.004910 0.016912
5 0.389866 0.169667 0.005319 0.013093
4 0.391708 0.163939 0.003273 0.016912
4 0.385161 0.166939 0.007365 0.018549
5 0.314989 0.191489 0.009411 0.017458
1 0.271822 0.111020 0.022913 0.022368
3 0.275505 0.135297 0.009820 0.021822
5 0.258729 0.036279 0.007365 0.014730
5 0.098950 0.093562 0.009411 0.026732
5 0.080537 0.085379 0.004501 0.018003
5 0.084834 0.087016 0.007365 0.020185
3 0.091380 0.088652 0.005728 0.030005
5 0.042894 0.087016 0.006137 0.023459
5 0.015276 0.082106 0.009820 0.025641
3 0.024277 0.083470 0.006547 0.020731
3 0.034711 0.084834 0.006137 0.019094
3 0.027346 0.052919 0.006137 0.024004
3 0.036552 0.069558 0.004910 0.022368
3 0.039212 0.056465 0.010229 0.021277
4 0.027755 0.307147 0.008592 0.025095
3 0.034302 0.301964 0.009411 0.023459
3 0.013434 0.279324 0.010229 0.019640
3 0.019776 0.279596 0.009002 0.016912
4 0.078492 0.321604 0.011047 0.018003
4 0.004774 0.387343 0.009547 0.031642
5 0.128410 0.540917 0.005319 0.015821
3 0.137002 0.573650 0.007774 0.021277
3 0.143140 0.570104 0.006956 0.024004
5 0.126978 0.552919 0.010638 0.011457
4 0.116748 0.899618 0.010638 0.019640
3 0.109384 0.824604 0.006547 0.025641
3 0.115726 0.827878 0.003682 0.026732
3 0.120226 0.828696 0.006137 0.020731
3 0.126159 0.831969 0.004910 0.020731
3 0.133320 0.832515 0.005319 0.019640
3 0.139253 0.820240 0.009820 0.021277
3 0.146004 0.813421 0.009411 0.015276
3 0.130660 0.818331 0.012275 0.008729
4 0.124932 0.809602 0.006547 0.008729
3 0.076650 0.731315 0.009820 0.013639
3 0.070513 0.734315 0.010638 0.017458
3 0.059465 0.724768 0.009002 0.028914
5 0.148663 0.555919 0.005728 0.016367
5 0.153983 0.557010 0.007365 0.015276
5 0.148459 0.629569 0.009411 0.016367
4 0.276732 0.682488 0.010638 0.018549
2 0.539621 0.060284 0.006137 0.025641
0 0.500266 0.498936 0.999468 0.993617