1 0.281737 0.546642 0.034988 0.077265
4 0.307432 0.518214 0.031708 0.064145
1 0.327112 0.489786 0.025148 0.042277
1 0.337500 0.519672 0.032801 0.043735
2 0.426610 0.551744 0.029521 0.055398
2 0.515720 0.175304 0.039361 0.086012
1 0.386155 0.143961 0.014214 0.052482
4 0.735055 0.595801 0.016024 0.035893
2 0.746592 0.571446 0.014742 0.033329
2 0.760052 0.570164 0.013460 0.032474
2 0.751399 0.590247 0.007691 0.036747
2 0.524196 0.315333 0.034240 0.080871
4 0.052664 0.149442 0.030483 0.053532
4 0.055638 0.094424 0.024535 0.058488
2 0.076456 0.120198 0.040892 0.078315
2 0.070136 0.052788 0.035688 0.060471
5 0.500000 0.500000 1.000000 1.000000