5 0.823172 0.057283 0.006956 0.021822
3 0.829310 0.060284 0.007774 0.016912
3 0.832788 0.056465 0.005728 0.014730
5 0.538393 0.481451 0.025777 0.040917
3 0.432215 0.684397 0.025368 0.071468
3 0.361020 0.650846 0.013912 0.070922
3 0.368794 0.544190 0.019640 0.083470
3 0.386184 0.527005 0.019231 0.073104
3 0.297600 0.439444 0.015548 0.049645
1 0.298622 0.371522 0.032324 0.025095
5 0.131478 0.399618 0.007365 0.021277
4 0.135570 0.413803 0.009820 0.025641
5 0.010366 0.558920 0.005728 0.021277
5 0.138025 0.148118 0.007365 0.007092
5 0.143140 0.152482 0.005319 0.012548
0 0.498404 0.500000 0.992553 1.000000