2 0.501549 0.500000 0.994424 1.000000
2 0.415332 0.742285 0.019566 0.076958
2 0.386528 0.740329 0.028482 0.049566
2 0.405172 0.504685 0.014674 0.056088
2 0.427183 0.504685 0.003913 0.045653
2 0.439412 0.474032 0.028370 0.026088
2 0.448216 0.496206 0.018587 0.044349
2 0.471695 0.441423 0.036196 0.044349
2 0.396367 0.470119 0.010761 0.039131
2 0.387074 0.467238 0.035218 0.045653
2 0.308811 0.370198 0.023479 0.057393
2 0.265278 0.302371 0.018587 0.036523
2 0.285821 0.328458 0.036196 0.046958
2 0.322018 0.246283 0.024457 0.049566
2 0.585025 0.428568 0.030979 0.072443
2 0.609094 0.400926 0.000000 0.000635
2 0.607187 0.425391 0.014298 0.058463
2 0.554285 0.410775 0.019064 0.055921
0 0.598847 0.371628 0.042417 0.051473
0 0.687017 0.076732 0.045277 0.067359
0 0.201840 0.084120 0.183014 0.155371
0 0.086264 0.317455 0.172528 0.183967
2 0.277619 0.291242 0.011438 0.040034
5 0.287270 0.285721 0.027881 0.028596