2 0.697646 0.475217 0.063197 0.143742
2 0.645601 0.530979 0.040892 0.091698
2 0.603779 0.492565 0.027881 0.143742
2 0.900248 0.475217 0.081784 0.104089
2 0.892813 0.819703 0.044610 0.099133
2 0.924411 0.818463 0.026022 0.116481
1 0.949504 0.817224 0.050186 0.114002
2 0.972738 0.710657 0.026022 0.118959
2 0.916976 0.739157 0.026022 0.116481
2 0.943928 0.699504 0.039033 0.171004
2 0.985440 0.653656 0.029120 0.133829
2 0.812887 0.724287 0.055762 0.166047
2 0.535006 0.595415 0.035316 0.111524
2 0.591698 0.539653 0.063197 0.114002
2 0.566605 0.555762 0.057621 0.121437
1 0.470880 0.616481 0.055762 0.138786
2 0.394672 0.671004 0.037175 0.109046
2 0.418835 0.668525 0.033457 0.133829
1 0.417906 0.573110 0.039033 0.121437
0 0.208798 0.138476 0.241636 0.276952
4 0.287794 0.599133 0.039033 0.123916
2 0.859356 0.217472 0.037175 0.114002
2 0.826828 0.234820 0.046468 0.099133
4 0.796159 0.296778 0.066914 0.094176
2 0.582404 0.144362 0.078067 0.156134
2 0.601921 0.279430 0.065056 0.143742
2 0.656753 0.217472 0.085502 0.158612
5 0.500000 0.500000 1.000000 1.000000