2 0.359675 0.327241 0.034677 0.063610
4 0.381660 0.342937 0.037175 0.069393
1 0.492720 0.611705 0.038104 0.111782
1 0.533147 0.671933 0.052045 0.112763
1 0.554988 0.664498 0.032528 0.078067
2 0.636772 0.612454 0.064126 0.107807
2 0.585657 0.671314 0.034387 0.071871
1 0.568928 0.614312 0.054833 0.076828
1 0.372367 0.098823 0.020446 0.037175
1 0.367255 0.131660 0.017658 0.033457
4 0.339839 0.197955 0.033457 0.032218
4 0.417906 0.257435 0.018587 0.042131
4 0.921314 0.285316 0.042751 0.107807
1 0.898544 0.323730 0.002788 0.001239
2 0.958953 0.276642 0.026952 0.078067
2 0.769362 0.186803 0.039963 0.059480
2 0.961276 0.081475 0.040892 0.101611
2 0.938972 0.033922 0.033457 0.067844
1 0.915737 0.035161 0.035316 0.070322
1 0.989932 0.043835 0.020136 0.087670
2 0.233141 0.139305 0.020986 0.051965
2 0.240636 0.202862 0.022785 0.055962
2 0.206160 0.144502 0.012591 0.028780
4 0.208858 0.189271 0.010793 0.038374
4 0.404325 0.256026 0.031179 0.027981
5 0.449872 0.500000 0.895291 1.000000