0 0.045166 0.835605 0.076039 0.328790
1 0.535839 0.599844 0.034077 0.110147
2 0.483949 0.605351 0.060409 0.121162
4 0.494017 0.608105 0.012392 0.187250
4 0.403452 0.518610 0.029527 0.140438
2 0.329926 0.538288 0.043371 0.140438
2 0.353160 0.538288 0.027881 0.239570
2 0.372522 0.514881 0.032528 0.220295
2 0.229693 0.771219 0.043934 0.090121
2 0.234679 0.821677 0.026869 0.097349
2 0.262054 0.793280 0.024502 0.079606
2 0.251915 0.846601 0.017742 0.078104
2 0.270080 0.841344 0.027036 0.073598
2 0.297539 0.824071 0.024502 0.153205
4 0.329222 0.788023 0.027036 0.057076
2 0.314014 0.859368 0.021967 0.094627
2 0.333024 0.842095 0.026191 0.057076
5 0.500000 0.500000 1.000000 1.000000