2 0.414323 0.468603 0.020017 0.067359
2 0.410511 0.512450 0.018111 0.045754
2 0.431481 0.481948 0.024783 0.077527
2 0.471039 0.478452 0.034315 0.079433
2 0.482477 0.536915 0.022877 0.047660
2 0.452690 0.550260 0.007149 0.001906
0 0.112875 0.254980 0.196835 0.156960
2 0.190322 0.352584 0.014298 0.036222
2 0.212722 0.386581 0.021924 0.033044
2 0.173403 0.347500 0.019541 0.057827
0 0.040193 0.676185 0.068630 0.070331
2 0.169828 0.710715 0.015251 0.041941
2 0.160773 0.717387 0.014298 0.050202
2 0.152671 0.711350 0.019064 0.050837
2 0.144807 0.715163 0.014775 0.063547
2 0.131462 0.711668 0.016681 0.046389
2 0.120262 0.720882 0.017158 0.047024
0 0.293367 0.083087 0.144886 0.149970
0 0.333401 0.307784 0.112477 0.188098
1 0.347729 0.367435 0.019124 0.058297
1 0.304864 0.357502 0.017158 0.028596
1 0.298669 0.269173 0.018111 0.032409
1 0.326550 0.267902 0.013821 0.023512
4 0.289852 0.875274 0.032885 0.066724
2 0.266260 0.883853 0.023830 0.068630
2 0.347758 0.893385 0.035268 0.068630
2 0.299384 0.914991 0.028119 0.027960
2 0.759184 0.335934 0.014990 0.053639
2 0.742095 0.342767 0.016789 0.043171
2 0.683935 0.322781 0.026382 0.028780
2 0.726806 0.278411 0.025782 0.040772
5 0.500000 0.501239 1.000000 0.988848