2 0.742998 0.057261 0.009325 0.032066
2 0.773182 0.055297 0.004908 0.024213
2 0.777109 0.057915 0.010798 0.022904
3 0.677475 0.052680 0.009816 0.032066
3 0.669377 0.047117 0.004417 0.028794
4 0.665451 0.047445 0.008344 0.024213
4 0.759194 0.062496 0.007362 0.030757
4 0.768274 0.058897 0.006871 0.043191
3 0.833306 0.110922 0.010307 0.022904
1 0.831343 0.085727 0.026994 0.027485
1 0.904227 0.136444 0.027485 0.018978
1 0.751832 0.310844 0.036810 0.060205
1 0.926805 0.286303 0.039264 0.046463
1 0.984229 0.298410 0.029448 0.049735
1 0.985701 0.317715 0.007853 0.026831
3 0.936130 0.292847 0.008835 0.030757
4 0.911835 0.294156 0.010307 0.025522
4 0.840423 0.367123 0.005890 0.026176
4 0.835024 0.364505 0.009816 0.020941
4 0.829625 0.357634 0.010798 0.020287
4 0.889258 0.491133 0.010307 0.026831
4 0.942510 0.459394 0.012761 0.026176
4 0.895884 0.474773 0.006871 0.026831
4 0.918461 0.489497 0.009816 0.027485
4 0.908399 0.507493 0.008344 0.018978
4 0.898583 0.506839 0.010307 0.020287
4 0.804349 0.591912 0.011289 0.026831
4 0.979075 0.899156 0.011289 0.017015
4 0.657107 0.834697 0.011289 0.022904
4 0.672813 0.765984 0.016197 0.017669
4 0.673549 0.787579 0.016687 0.021595
4 0.652444 0.785616 0.011779 0.026831
3 0.684347 0.565735 0.005890 0.021595
2 0.684347 0.544140 0.005890 0.012434
2 0.679684 0.553956 0.004417 0.009816
1 0.853920 0.683856 0.111413 0.096852
2 0.800177 0.508802 0.006871 0.015051
2 0.810974 0.507820 0.006871 0.013088
2 0.805085 0.509783 0.006871 0.011779
1 0.770974 0.475754 0.026994 0.023559
2 0.904473 0.473791 0.007362 0.024867
3 0.922878 0.575224 0.008835 0.018323
3 0.910853 0.579478 0.005399 0.021595
3 0.905209 0.570970 0.009816 0.021595
3 0.900301 0.589948 0.009816 0.015051
3 0.951590 0.450560 0.009325 0.026831
1 0.712568 0.528434 0.013252 0.024213
3 0.790361 0.588967 0.012761 0.023559
4 0.606554 0.373667 0.006380 0.023559
3 0.614161 0.370067 0.006871 0.020287
3 0.606063 0.355998 0.006380 0.017015
4 0.642383 0.287939 0.014233 0.026176
1 0.649745 0.264381 0.026994 0.036647
1 0.523117 0.077874 0.021105 0.022250
1 0.504957 0.104705 0.037792 0.023559
1 0.590603 0.083764 0.018651 0.030103
4 0.508393 0.007526 0.011289 0.015051
5 0.467411 0.014070 0.003926 0.016360
4 0.719930 0.241804 0.011289 0.017669
4 0.462748 0.335711 0.009325 0.023559
4 0.516736 0.308880 0.007362 0.020941
3 0.512565 0.277796 0.010798 0.024213
3 0.523608 0.316079 0.008344 0.026176
3 0.505693 0.292193 0.008835 0.034684
3 0.503730 0.332439 0.007853 0.020941
3 0.494405 0.327858 0.006871 0.019632
3 0.497350 0.345200 0.007853 0.020287
3 0.491705 0.339637 0.006380 0.020941
3 0.488024 0.338001 0.009816 0.018978
3 0.481398 0.332766 0.005399 0.016360
3 0.439925 0.396571 0.007853 0.015706
4 0.437962 0.387409 0.007853 0.014397
4 0.673549 0.528107 0.007853 0.010471
3 0.540050 0.169819 0.006871 0.020287
3 0.613671 0.146260 0.000000 0.000654
3 0.445079 0.777436 0.011289 0.034029
4 0.481398 0.837969 0.013252 0.034684
1 0.645328 0.682874 0.066259 0.045154
4 0.517227 0.895229 0.011289 0.022250
1 0.473546 0.747660 0.032884 0.035992
1 0.414404 0.743080 0.034356 0.037301
1 0.414404 0.453832 0.053007 0.037301
1 0.398207 0.700543 0.024540 0.035992
1 0.353053 0.723775 0.057915 0.030103
1 0.399189 0.508147 0.020614 0.024213
4 0.375139 0.605327 0.024540 0.041882
4 0.413422 0.778090 0.016687 0.028794
4 0.369740 0.753223 0.019632 0.024867
4 0.354034 0.775146 0.009816 0.033375
4 0.416367 0.377593 0.005890 0.015706
4 0.446797 0.394280 0.004908 0.016360
4 0.401397 0.373012 0.006380 0.011779
3 0.408023 0.372031 0.004908 0.015051
1 0.230106 0.523853 0.053498 0.038610
1 0.230842 0.475754 0.043191 0.044500
1 0.192805 0.430927 0.040737 0.041228
1 0.207774 0.832733 0.048099 0.041228
1 0.246548 0.800995 0.033375 0.039264
1 0.241395 0.892612 0.030921 0.043191
1 0.281886 0.835351 0.040246 0.033375
1 0.272315 0.962633 0.026013 0.057588
1 0.293911 0.762057 0.035829 0.062169
1 0.297101 0.916825 0.022577 0.032720
1 0.308390 0.985210 0.024540 0.026831
1 0.352071 0.864145 0.012761 0.034684
1 0.325322 0.862509 0.013252 0.032720
1 0.239186 0.576533 0.000000 0.003926
1 0.338083 0.868399 0.006380 0.036647
4 0.337347 0.882468 0.016687 0.037301
4 0.273542 0.870689 0.012761 0.037301
3 0.346427 0.758131 0.008344 0.021595
4 0.485325 0.966233 0.012270 0.032066
2 0.251456 0.652771 0.005890 0.016360
2 0.257346 0.663569 0.007853 0.015706
4 0.169982 0.481644 0.007853 0.023559
4 0.162375 0.476736 0.011289 0.021595
4 0.221026 0.357961 0.000000 0.001309
4 0.400661 0.037956 0.043191 0.022250
4 0.403115 0.185197 0.017669 0.026176
1 0.695390 0.237223 0.018160 0.034684
1 0.771219 0.127609 0.032393 0.019632
1 0.797477 0.096198 0.026013 0.020941
1 0.621278 0.025522 0.017178 0.023559
1 0.729501 0.654407 0.029448 0.049735
3 0.683610 0.563772 0.008344 0.016360
1 0.924596 0.021923 0.029939 0.038610
1 0.891467 0.387082 0.000000 0.003272
1 0.891467 0.238204 0.000000 0.006544
0 0.506659 0.504843 0.986682 0.990314