2 0.029763 0.145885 0.042807 0.091476
2 0.082083 0.071321 0.040213 0.100700
2 0.107810 0.179324 0.025079 0.063034
2 0.137646 0.167025 0.038051 0.087632
2 0.090298 0.500898 0.027241 0.043047
2 0.099595 0.530877 0.020755 0.056884
2 0.115810 0.519731 0.018593 0.051503
2 0.137862 0.527034 0.022917 0.076870
2 0.144996 0.600060 0.025079 0.056884
2 0.166184 0.584686 0.024214 0.056884
4 0.107162 0.879868 0.029835 0.052272
2 0.147591 0.893576 0.026808 0.074564
2 0.157104 0.868209 0.025079 0.039204
2 0.177642 0.817091 0.013404 0.076870
2 0.213315 0.887811 0.021620 0.058421
2 0.256771 0.917791 0.022052 0.053809
2 0.300226 0.908950 0.022485 0.040741
2 0.173967 0.712931 0.021620 0.033054
2 0.367031 0.241076 0.018593 0.064571
2 0.453799 0.505510 0.026376 0.076870
2 0.477364 0.518578 0.023349 0.106081
2 0.454880 0.601213 0.030268 0.080714
2 0.523630 0.526649 0.022485 0.054578
2 0.532494 0.570081 0.022917 0.076870
2 0.579193 0.377905 0.017728 0.046122
2 0.591084 0.419415 0.031132 0.036898
2 0.601894 0.389051 0.019890 0.053040
2 0.607083 0.457850 0.023349 0.038435
2 0.624811 0.446320 0.024214 0.056884
2 0.648593 0.392511 0.014701 0.055347
2 0.615298 0.347542 0.020755 0.057653
2 0.635621 0.360994 0.009513 0.069183
2 0.663943 0.311028 0.042807 0.038435
2 0.670212 0.355613 0.030268 0.056884
2 0.708047 0.261447 0.026376 0.063802
2 0.193785 0.885505 0.015134 0.044585
5 0.504497 0.503420 0.991006 0.993160