4 0.513902 0.398020 0.021187 0.031709
4 0.498984 0.447601 0.023349 0.031709
2 0.521685 0.432035 0.038483 0.080137
2 0.561681 0.433476 0.038051 0.051887
2 0.536602 0.453654 0.020755 0.051887
2 0.553898 0.522261 0.022485 0.025367
2 0.576383 0.534656 0.013837 0.024791
2 0.546331 0.603551 0.025511 0.070336
2 0.526873 0.609028 0.034159 0.066301
2 0.493795 0.599227 0.025079 0.074372
2 0.470662 0.594327 0.015999 0.068030
2 0.520171 0.562330 0.014701 0.046699
2 0.537683 0.549646 0.017728 0.043240
0 0.445799 0.489976 0.108964 0.112999
5 0.500000 0.500000 1.000000 1.000000
0 0.150646 0.928331 0.138280 0.134907