0 0.500000 0.500000 1.000000 1.000000
4 0.526057 0.460001 0.016640 0.073620
4 0.506959 0.456219 0.030633 0.088243
4 0.502609 0.444117 0.020422 0.069082
4 0.495613 0.450924 0.007942 0.074629
4 0.480486 0.458236 0.021557 0.076141
1 0.521141 0.402264 0.017397 0.033785
1 0.461387 0.378312 0.015884 0.014119
1 0.511686 0.188211 0.009076 0.027229
5 0.185500 0.658170 0.007186 0.035297
5 0.176991 0.654640 0.008320 0.027229
5 0.166024 0.655901 0.009833 0.037819
1 0.141063 0.476136 0.007564 0.015127
1 0.146925 0.493785 0.007186 0.016136