1 0.904188 0.795617 0.064723 0.056497
1 0.801049 0.905507 0.071708 0.068914
5 0.619218 0.681691 0.008847 0.026076
5 0.628764 0.691004 0.011175 0.038493
5 0.408052 0.444217 0.012107 0.044080
5 0.400369 0.463153 0.012572 0.028559
5 0.415968 0.454461 0.016763 0.036009
1 0.310036 0.156143 0.071242 0.077606
1 0.228783 0.185634 0.039113 0.055876
1 0.176166 0.158627 0.022351 0.027938
1 0.200146 0.894642 0.033060 0.029801
5 0.379649 0.761470 0.011175 0.034147
1 0.801282 0.978767 0.033060 0.035388
1 0.779863 0.671137 0.041442 0.029801
1 0.789408 0.637301 0.018625 0.037872
0 0.503935 0.500000 0.992130 1.000000