1 0.967812 0.964266 0.046645 0.060556
1 0.964744 0.907529 0.038052 0.030005
1 0.953901 0.851064 0.040098 0.049100
1 0.884752 0.822422 0.049100 0.049645
1 0.815807 0.920349 0.042144 0.054555
1 0.846699 0.879705 0.043372 0.048554
1 0.905824 0.905074 0.048691 0.075286
1 0.927305 0.863884 0.021277 0.040917
1 0.658893 0.951718 0.028642 0.021277
1 0.670963 0.987179 0.044599 0.024550
1 0.642935 0.920895 0.028642 0.052373
5 0.598131 0.947627 0.028232 0.067649
5 0.549850 0.877250 0.050327 0.136388
5 0.742976 0.730496 0.016776 0.051282
2 0.780005 0.747954 0.027005 0.050191
2 0.774482 0.616203 0.013502 0.027823
1 0.726814 0.620295 0.028642 0.034915
1 0.773663 0.598472 0.040507 0.039280
1 0.661757 0.687398 0.027823 0.033824
5 0.588516 0.691489 0.021277 0.063830
5 0.507706 0.627387 0.018412 0.044735
5 0.461470 0.646208 0.025777 0.078014
2 0.411143 0.697490 0.036416 0.059465
2 0.416053 0.681942 0.014321 0.020731
2 0.290848 0.645663 0.015139 0.033279
5 0.307420 0.658756 0.012275 0.023459
5 0.316012 0.659574 0.012275 0.020731
1 0.337084 0.647572 0.026596 0.056738
1 0.362248 0.879160 0.052373 0.072559
1 0.371863 0.963721 0.049509 0.049645
5 0.266094 0.963175 0.031097 0.069285
5 0.286552 0.961538 0.021277 0.062739
5 0.229064 0.839334 0.032324 0.059465
5 0.148868 0.934261 0.033142 0.059465
5 0.152960 0.778778 0.024959 0.060556
5 0.250546 0.660393 0.028642 0.046372
1 0.192649 0.568467 0.065876 0.099291
5 0.041667 0.430169 0.015957 0.015821
5 0.034302 0.463175 0.015139 0.024004
5 0.048622 0.447081 0.011047 0.021277
5 0.083606 0.732951 0.012275 0.032188
5 0.098541 0.732406 0.010229 0.025641
5 0.122681 0.722586 0.013502 0.034370
5 0.056601 0.679487 0.018822 0.016912
1 0.020185 0.648663 0.030278 0.039280
0 0.501064 0.612766 0.997872 0.774468