0 0.500000 0.500000 1.000000 1.000000
5 0.496559 0.523284 0.013615 0.025717
5 0.419598 0.567658 0.013237 0.037819
5 0.406361 0.564128 0.016262 0.036810
5 0.404470 0.577742 0.013237 0.022691
5 0.393881 0.573708 0.020044 0.040844
5 0.385183 0.583793 0.013993 0.032776
5 0.381212 0.566397 0.009833 0.024204
5 0.373081 0.550513 0.013237 0.038827
1 0.844679 0.376547 0.026095 0.024708
1 0.794191 0.416383 0.025717 0.039836
1 0.809319 0.358899 0.031011 0.017649
5 0.931094 0.979628 0.018909 0.035802
5 0.918803 0.939541 0.017018 0.040340
5 0.910672 0.921640 0.009076 0.018657
5 0.932796 0.945339 0.009455 0.033785
5 0.902731 0.926430 0.015884 0.044374
5 0.891952 0.879787 0.014749 0.030759
5 0.872665 0.946096 0.011724 0.017144
5 0.856781 0.963997 0.011724 0.027734
1 0.850352 0.414366 0.033659 0.034793
5 0.694350 0.666490 0.006807 0.021683
5 0.694161 0.937776 0.013993 0.034793
5 0.686219 0.929708 0.006429 0.033785
5 0.689623 0.967779 0.023826 0.032272
5 0.679412 0.976855 0.017018 0.031263
5 0.669390 0.977359 0.021935 0.041348
5 0.637433 0.968283 0.015506 0.044374
3 0.651237 0.977611 0.018153 0.036810
5 0.665608 0.929456 0.017397 0.037314
5 0.652939 0.939793 0.015506 0.032776
5 0.637244 0.924161 0.018153 0.042861
5 0.420732 0.947356 0.013237 0.030759
5 0.409954 0.944079 0.009833 0.016136
5 0.440020 0.839195 0.010211 0.023195
5 0.429430 0.826085 0.007942 0.014119
5 0.475380 0.794317 0.009076 0.019161
5 0.256978 0.426972 0.020044 0.026725
5 0.307087 0.447394 0.012102 0.032272
5 0.315596 0.452941 0.010967 0.031263
1 0.236555 0.371001 0.011724 0.015632
1 0.240337 0.403525 0.011724 0.010085
1 0.042357 0.337720 0.000000 0.000504