2 0.327900 0.362371 0.024214 0.046122
2 0.315360 0.410799 0.019890 0.048428
2 0.339574 0.407917 0.014701 0.044969
2 0.342385 0.369578 0.015134 0.044393
2 0.376976 0.369578 0.012539 0.053617
2 0.367031 0.368136 0.015999 0.048428
2 0.364437 0.411376 0.023782 0.038051
2 0.421945 0.427807 0.013404 0.040933
2 0.399893 0.368425 0.016863 0.030556
2 0.412217 0.358047 0.019025 0.027097
2 0.391029 0.334410 0.013837 0.027097
2 0.402272 0.259461 0.014701 0.020178
2 0.417622 0.311637 0.014269 0.039204
2 0.430161 0.303277 0.013404 0.035168
2 0.423459 0.343346 0.016431 0.024214
2 0.440106 0.420600 0.020323 0.056500
2 0.445943 0.359488 0.021620 0.034592
2 0.462807 0.353147 0.017296 0.036898
2 0.390381 0.177018 0.007351 0.014413
2 0.435350 0.197773 0.013404 0.036321
2 0.448322 0.197196 0.013404 0.042086
2 0.443781 0.229193 0.019025 0.046122
2 0.470374 0.201808 0.013404 0.040933
2 0.486589 0.241012 0.016431 0.032862
2 0.589787 0.323167 0.025079 0.041510
2 0.735288 0.283387 0.017728 0.077255
2 0.761880 0.271568 0.037186 0.077831
2 0.910624 0.509674 0.025079 0.043240
2 0.929217 0.583181 0.043240 0.061112
2 0.966403 0.585487 0.031132 0.077255
2 0.958620 0.517168 0.031132 0.038627
2 0.977861 0.533023 0.019458 0.055347
2 0.497470 0.624595 0.024647 0.027097
5 0.503654 0.502108 0.992692 0.995784