0 0.054410 0.122312 0.097289 0.149897
0 0.113432 0.258116 0.074372 0.088401
0 0.133106 0.410319 0.055779 0.069952
0 0.051599 0.680518 0.066589 0.133754
2 0.229097 0.579946 0.023782 0.065340
2 0.229962 0.513069 0.022917 0.056115
0 0.248771 0.209431 0.147879 0.194482
0 0.405370 0.420953 0.190686 0.172189
2 0.313126 0.670012 0.015134 0.036898
2 0.341016 0.649257 0.016431 0.038435
2 0.356149 0.645414 0.019890 0.035360
2 0.359609 0.602751 0.010377 0.028442
2 0.368040 0.593911 0.013404 0.024598
2 0.379499 0.570465 0.013837 0.036129
2 0.366094 0.555476 0.012972 0.044585
2 0.369121 0.904210 0.029403 0.084557
1 0.439241 0.807866 0.015999 0.061496
1 0.447673 0.832080 0.010377 0.065340
1 0.459348 0.835539 0.016431 0.046122
2 0.479670 0.782883 0.016431 0.094550
2 0.496317 0.805560 0.015134 0.073795
2 0.498912 0.900879 0.031565 0.032285
2 0.522045 0.842073 0.012972 0.054578
2 0.539557 0.845917 0.019458 0.046891
2 0.523775 0.801332 0.016431 0.040741
2 0.554907 0.579177 0.016431 0.036129
2 0.489399 0.576487 0.017728 0.041510
2 0.497831 0.619534 0.017296 0.029211
0 0.641386 0.500129 0.113287 0.139904
0 0.650466 0.811453 0.126259 0.255209
0 0.463383 0.968141 0.076102 0.060727
2 0.446520 0.915484 0.021620 0.035360
1 0.458195 0.693073 0.008648 0.036898
0 0.484355 0.669628 0.079128 0.082251
5 0.500000 0.500422 1.000000 0.999156