0 0.500000 0.500000 1.000000 1.000000
5 0.470275 0.359403 0.010211 0.024708
1 0.494478 0.362933 0.022313 0.019666
1 0.978595 0.384868 0.042810 0.065552
5 0.914454 0.452941 0.009076 0.013110
1 0.895167 0.768348 0.010589 0.023700
1 0.707586 0.920127 0.050677 0.050929
1 0.740867 0.953912 0.024960 0.026725
1 0.688299 0.963997 0.019666 0.015632
5 0.745405 0.507400 0.004538 0.012102
5 0.488049 0.529587 0.013993 0.019161
4 0.442856 0.629932 0.006807 0.009076
1 0.423001 0.273681 0.033659 0.035802
1 0.411278 0.237879 0.026095 0.016640
5 0.366652 0.605224 0.013993 0.034289
5 0.339611 0.548496 0.021178 0.040844
1 0.321080 0.113834 0.031011 0.068074
1 0.291203 0.076015 0.029499 0.035802
1 0.295931 0.040718 0.020044 0.017649
1 0.268323 0.020800 0.039710 0.033280
1 0.236934 0.055845 0.025338 0.045887
1 0.228235 0.522275 0.013993 0.024708
1 0.115347 0.895167 0.088496 0.129088
5 0.054648 0.799107 0.022313 0.038827
5 0.011346 0.798099 0.019666 0.038827
5 0.026095 0.795830 0.013615 0.040340
5 0.077528 0.589592 0.023448 0.036306
5 0.068452 0.597912 0.016640 0.038827
5 0.055026 0.595895 0.017018 0.036810
5 0.009076 0.220230 0.015127 0.014623
1 0.025717 0.087865 0.016640 0.021178
1 0.052190 0.048030 0.031011 0.031263