5 0.787984 0.282051 0.021686 0.048009
1 0.979405 0.776323 0.041189 0.061102
1 0.918303 0.912984 0.087561 0.083470
1 0.592812 0.134479 0.028232 0.032188
1 0.551077 0.112111 0.027414 0.035461
1 0.521208 0.152755 0.038871 0.068740
1 0.523868 0.230769 0.029460 0.049100
5 0.477428 0.391435 0.028232 0.069285
5 0.489498 0.392799 0.022913 0.054555
5 0.511593 0.423350 0.021277 0.063284
5 0.533483 0.432624 0.027414 0.066558
5 0.452059 0.175396 0.013502 0.026732
1 0.319285 0.161211 0.018822 0.042008
1 0.302510 0.203219 0.021277 0.042008
1 0.630851 0.497872 0.737234 0.995744