2 0.426774 0.116386 0.029403 0.058806
2 0.330494 0.914684 0.029403 0.078408
2 0.364437 0.784677 0.031565 0.082443
2 0.552385 0.883359 0.023782 0.063418
2 0.570978 0.875288 0.022052 0.077255
2 0.588057 0.866063 0.023349 0.068030
2 0.506335 0.687340 0.031132 0.081867
3 0.528387 0.678116 0.020755 0.065724
2 0.539629 0.693970 0.018161 0.075525
2 0.554114 0.688493 0.028970 0.077255
2 0.600597 0.645542 0.032862 0.082443
2 0.645998 0.688205 0.018161 0.061688
2 0.705236 0.616523 0.012107 0.032862
2 0.689670 0.625748 0.021620 0.035168
2 0.704155 0.300683 0.022052 0.024214
2 0.753016 0.324032 0.013404 0.024791
0 0.755502 0.484463 0.134259 0.133178
0 0.645566 0.385444 0.055779 0.135772
5 0.505340 0.509978 0.989320 0.980044