5 0.793712 0.294326 0.011047 0.024550
3 0.970472 0.776869 0.023322 0.051282
4 0.918917 0.880251 0.019231 0.047463
4 0.919122 0.847245 0.021277 0.030551
4 0.707174 0.654937 0.018003 0.058374
3 0.691421 0.631751 0.013502 0.054555
5 0.693672 0.660666 0.015548 0.031642
5 0.544531 0.512821 0.014321 0.044735
4 0.544531 0.593017 0.016776 0.034915
4 0.477632 0.601473 0.015548 0.032188
4 0.514457 0.450627 0.008183 0.020731
4 0.508320 0.450900 0.008183 0.021277
4 0.502796 0.450627 0.009411 0.019640
4 0.497681 0.453082 0.008183 0.016912
3 0.487657 0.459083 0.006137 0.012548
3 0.493181 0.458538 0.005728 0.016912
4 0.499727 0.435352 0.008183 0.012002
4 0.475791 0.320240 0.013502 0.024004
1 0.379637 0.143208 0.025777 0.027823
5 0.265480 0.153846 0.016776 0.032733
3 0.405824 0.272231 0.009411 0.020731
4 0.373704 0.357065 0.010638 0.026732
3 0.381069 0.352428 0.008183 0.026187
3 0.298009 0.523732 0.011457 0.033824
4 0.342403 0.757774 0.017594 0.045827
5 0.188557 0.545554 0.006137 0.026187
4 0.070104 0.499454 0.009820 0.020185
4 0.081765 0.504364 0.009411 0.022368
5 0.053123 0.484452 0.011047 0.028369
5 0.025095 0.470813 0.010638 0.030551
5 0.047190 0.585379 0.000000 0.006547
0 0.505053 0.501064 0.989894 0.989362