5 0.930578 0.216585 0.006547 0.021822
5 0.921781 0.231042 0.006137 0.015821
5 0.903164 0.243590 0.009820 0.021277
5 0.915235 0.242771 0.008592 0.018549
5 0.899686 0.171031 0.007774 0.020185
5 0.898254 0.187670 0.011457 0.017458
5 0.885570 0.189034 0.010638 0.018003
5 0.891708 0.196672 0.006547 0.019094
5 0.881683 0.227223 0.015139 0.022368
5 0.872477 0.207856 0.010638 0.020731
5 0.811920 0.214403 0.007365 0.019640
5 0.811307 0.228860 0.013502 0.015821
5 0.738066 0.198854 0.006137 0.023459
5 0.746249 0.163121 0.008592 0.008729
5 0.746863 0.175668 0.006547 0.013093
5 0.730906 0.172395 0.009002 0.022913
1 0.776937 0.142935 0.029869 0.049100
2 0.815807 0.658483 0.012684 0.028369
2 0.846290 0.654119 0.006547 0.019640
5 0.858565 0.670213 0.008183 0.012548
5 0.849564 0.673759 0.007365 0.015276
5 0.817853 0.713312 0.008592 0.015821
5 0.857338 0.654119 0.007365 0.014184
5 0.861020 0.647300 0.009820 0.016912
5 0.892117 0.814785 0.018003 0.027823
5 0.880865 0.833333 0.013502 0.035461
5 0.893140 0.836334 0.012684 0.022913
1 0.799236 0.954992 0.056465 0.090016
5 0.786143 0.611839 0.011457 0.033279
5 0.792485 0.605019 0.009411 0.018549
5 0.794122 0.606383 0.013502 0.034370
5 0.803942 0.611839 0.009411 0.030005
5 0.810284 0.609656 0.009820 0.027823
1 0.841994 0.648936 0.047872 0.054010
5 0.770595 0.617840 0.008183 0.025641
1 0.757297 0.555101 0.038052 0.069285
1 0.651937 0.702400 0.045827 0.051828
5 0.706356 0.677578 0.025368 0.085106
5 0.721904 0.681397 0.013912 0.075286
5 0.752796 0.671031 0.021686 0.065466
2 0.731929 0.636661 0.030687 0.061102
5 0.762411 0.646208 0.013912 0.036552
5 0.590153 0.283415 0.006547 0.020185
5 0.597722 0.275505 0.005319 0.018549
5 0.584015 0.254774 0.004910 0.013093
5 0.592403 0.231315 0.004501 0.009820
1 0.653164 0.233497 0.046645 0.042553
5 0.514866 0.428260 0.028642 0.081833
5 0.531438 0.405892 0.006956 0.027278
5 0.539416 0.402619 0.005728 0.028369
5 0.542894 0.428805 0.010229 0.029460
5 0.560284 0.385161 0.022913 0.045827
5 0.560897 0.423350 0.016776 0.042553
5 0.555783 0.458811 0.024550 0.048009
5 0.493385 0.469995 0.014321 0.027823
5 0.471495 0.586470 0.013912 0.033824
5 0.438762 0.787507 0.009820 0.027823
5 0.466789 0.797872 0.011866 0.032188
5 0.488475 0.767594 0.011866 0.018549
5 0.387616 0.963448 0.011457 0.046918
5 0.392730 0.401528 0.030687 0.068740
5 0.391298 0.432897 0.023732 0.031097
5 0.418712 0.398800 0.022095 0.060011
5 0.429146 0.420622 0.027414 0.057829
5 0.446536 0.397981 0.036825 0.066012
5 0.451855 0.438080 0.026187 0.050191
5 0.478451 0.427987 0.019640 0.064921
5 0.443672 0.497272 0.021277 0.069285
5 0.474564 0.464539 0.015957 0.060556
5 0.264253 0.115930 0.019231 0.063830
5 0.276528 0.104746 0.011047 0.036007
5 0.285529 0.083197 0.024959 0.059465
5 0.307624 0.077196 0.020049 0.056192
5 0.311716 0.142662 0.020049 0.051828
5 0.320104 0.213857 0.025368 0.063284
5 0.259343 0.194217 0.019231 0.053464
5 0.272231 0.183033 0.015548 0.038734
1 0.226814 0.231860 0.027823 0.020731
1 0.302305 0.292690 0.024959 0.067103
1 0.212289 0.296236 0.056056 0.038189
5 0.308442 0.373432 0.014321 0.035461
5 0.328492 0.387616 0.016776 0.035461
5 0.275505 0.423895 0.030278 0.020731
5 0.128205 0.425805 0.027823 0.061648
5 0.170963 0.413803 0.006137 0.014730
1 0.147231 0.243044 0.036416 0.048554
1 0.098131 0.275777 0.023322 0.031097
1 0.179555 0.036279 0.055237 0.054010
5 0.122477 0.039553 0.009820 0.021277
5 0.102837 0.032460 0.003273 0.013639
5 0.106519 0.034097 0.006547 0.019094
5 0.110406 0.041462 0.005319 0.019640
5 0.112861 0.048554 0.006956 0.020731
5 0.115726 0.075832 0.006137 0.020731
5 0.122681 0.086470 0.007774 0.018003
5 0.134956 0.066285 0.006137 0.019094
5 0.125750 0.066012 0.009002 0.021822
5 0.105496 0.314239 0.009411 0.021822
5 0.501064 0.495745 0.997872 0.991489