5 0.794326 0.024277 0.030278 0.048554
5 0.753410 0.180306 0.018822 0.055101
5 0.739089 0.169394 0.011457 0.042008
5 0.735611 0.113202 0.010229 0.032188
5 0.987043 0.213857 0.019640 0.050191
2 0.920554 0.690671 0.023322 0.079651
5 0.950218 0.636116 0.024550 0.075286
5 0.942239 0.976541 0.023322 0.034915
1 0.727837 0.396072 0.060966 0.068740
5 0.737657 0.447627 0.021686 0.030005
2 0.707788 0.125750 0.012684 0.049645
3 0.696127 0.134479 0.010638 0.034370
3 0.789007 0.112930 0.024550 0.029460
2 0.668303 0.836061 0.013093 0.038734
1 0.635979 0.732133 0.031097 0.040371
1 0.636593 0.685761 0.024959 0.043644
5 0.645799 0.798963 0.010638 0.024550
5 0.646208 0.321058 0.012275 0.024550
1 0.566830 0.294326 0.039280 0.046372
1 0.514662 0.311784 0.043781 0.058374
2 0.493385 0.361429 0.013502 0.071468
1 0.583811 0.210311 0.029051 0.051828
2 0.425668 0.629842 0.017185 0.081288
5 0.405005 0.628205 0.022504 0.069285
5 0.417894 0.585379 0.010638 0.070922
5 0.406847 0.574468 0.028642 0.075286
5 0.373091 0.566012 0.027414 0.095472
5 0.383729 0.566012 0.017594 0.079105
5 0.330537 0.623841 0.016776 0.068194
5 0.348950 0.622477 0.018412 0.062193
5 0.318876 0.424441 0.037643 0.081833
1 0.359588 0.398254 0.027414 0.030551
5 0.282256 0.554828 0.019231 0.046918
5 0.319081 0.573377 0.019231 0.045827
5 0.339130 0.758865 0.010229 0.041462
3 0.382706 0.758047 0.013912 0.040917
5 0.464130 0.712220 0.012275 0.032188
5 0.623670 0.498936 0.742021 0.997872
5 0.478860 0.918440 0.013093 0.044190
5 0.504433 0.904801 0.008592 0.035461
5 0.488884 0.910256 0.009411 0.046372
2 0.551282 0.981724 0.009002 0.036552
0 0.618883 0.498936 0.751596 0.997872