2 0.009681 0.042393 0.019362 0.072450
2 0.092671 0.423797 0.046374 0.107426
2 0.124290 0.508427 0.042159 0.108051
2 0.267238 0.028340 0.025764 0.050590
2 0.294173 0.026193 0.030916 0.052386
2 0.410577 0.862454 0.022953 0.057460
2 0.430017 0.853398 0.021548 0.074324
2 0.451330 0.863079 0.036069 0.083692
2 0.378880 0.363838 0.030448 0.064955
2 0.391996 0.391944 0.027637 0.097433
2 0.423849 0.398190 0.036069 0.086191
2 0.430876 0.370084 0.039816 0.089938
0 0.556883 0.396837 0.105396 0.105552
0 0.569608 0.844966 0.128349 0.088689
2 0.618325 0.770017 0.032790 0.066204
2 0.759556 0.470328 0.027637 0.058085
2 0.778527 0.430043 0.025295 0.059959
0 0.836144 0.665090 0.097433 0.153644
0 0.832240 0.446906 0.065580 0.083692
2 0.818890 0.495935 0.019206 0.026857
5 0.500281 0.496768 0.999438 0.993536