0 0.596608 0.500000 0.806784 1.000000
5 0.530217 0.536646 0.021178 0.069586
5 0.500529 0.533873 0.022313 0.062023
5 0.462333 0.497315 0.025338 0.081688
5 0.447205 0.442352 0.016262 0.040340
5 0.477460 0.397726 0.013237 0.048912
5 0.486347 0.383607 0.012102 0.022691
5 0.448529 0.419409 0.008320 0.017649
5 0.448907 0.507652 0.015127 0.062023
1 0.424136 0.507400 0.013237 0.019161
1 0.435860 0.466051 0.017775 0.024204
1 0.440020 0.419156 0.009455 0.014119
1 0.450231 0.411593 0.012480 0.015127
1 0.440398 0.390666 0.014749 0.018657
1 0.440020 0.370496 0.012480 0.020674
1 0.465925 0.361672 0.015884 0.021178
1 0.471787 0.383355 0.009455 0.007059
1 0.487482 0.452185 0.015884 0.022691
1 0.466871 0.464034 0.009455 0.009076
1 0.486726 0.478153 0.015127 0.016136
1 0.506959 0.498071 0.018531 0.028742
1 0.526435 0.509921 0.019666 0.052442
1 0.570872 0.514964 0.016262 0.041348