0 0.500000 0.502212 1.000000 0.995575
1 0.627978 0.428737 0.018531 0.038323
4 0.615498 0.454454 0.018531 0.032272
1 0.497882 0.448655 0.034415 0.027734
1 0.477838 0.443612 0.014749 0.018657
1 0.463845 0.464287 0.011724 0.016640
5 0.524922 0.438822 0.016640 0.040340
5 0.567468 0.505383 0.015506 0.042357
5 0.557068 0.494794 0.015127 0.034289
5 0.537970 0.501601 0.026095 0.044878
5 0.525490 0.484709 0.024582 0.039331
5 0.513199 0.490508 0.019666 0.030759
5 0.505257 0.509921 0.022691 0.042357
5 0.486537 0.498071 0.020044 0.026725
5 0.474813 0.497567 0.012480 0.049921
5 0.487293 0.523536 0.016262 0.026221
5 0.451176 0.474624 0.024960 0.042357
5 0.355117 0.524544 0.026473 0.034289
5 0.346040 0.532864 0.028742 0.046895
5 0.326942 0.528326 0.022313 0.042861
5 0.320513 0.507904 0.015506 0.043365
5 0.300469 0.525049 0.022313 0.043365
5 0.379321 0.540428 0.009076 0.017649
5 0.373459 0.630689 0.013993 0.028742
5 0.357197 0.611023 0.013237 0.019666
1 0.395961 0.604720 0.022691 0.029246
4 0.304440 0.840204 0.019666 0.021178
4 0.287800 0.868946 0.012102 0.023195
5 0.332615 0.072738 0.010211 0.012102
5 0.320513 0.065930 0.009455 0.014623
5 0.195144 0.623881 0.029499 0.046391
5 0.141442 0.562615 0.030255 0.044878
4 0.266810 0.586567 0.008698 0.025212
4 0.216701 0.843481 0.014371 0.024708
5 0.250927 0.833396 0.015506 0.010589
5 0.242039 0.840204 0.013615 0.025212
5 0.232395 0.835161 0.008698 0.014119