0 0.500000 0.593658 1.000000 0.812684
1 0.793057 0.324106 0.013615 0.012606
1 0.767340 0.319819 0.015127 0.017144
1 0.664284 0.582281 0.017018 0.020674
1 0.595832 0.592870 0.041979 0.030759
1 0.586189 0.475632 0.012858 0.010085
1 0.704561 0.338477 0.015127 0.016136
1 0.683193 0.359151 0.044248 0.019161
1 0.730845 0.262083 0.019287 0.011598
1 0.744081 0.228298 0.008698 0.017649
1 0.761100 0.252250 0.010967 0.016136
1 0.717987 0.238636 0.018531 0.026221
1 0.681681 0.278975 0.021557 0.025212
4 0.582218 0.629176 0.026851 0.070091
4 0.572763 0.663465 0.021557 0.020674
4 0.537970 0.645564 0.010211 0.034289
4 0.489562 0.588332 0.028364 0.024708
4 0.462711 0.556564 0.023069 0.022691
5 0.545345 0.672793 0.016640 0.019161
5 0.562174 0.676323 0.009455 0.020170
5 0.603774 0.620856 0.019287 0.048408
5 0.521141 0.608502 0.035550 0.068074
1 0.521708 0.550765 0.030633 0.025212
1 0.546857 0.359403 0.015127 0.016640
1 0.444936 0.260318 0.014749 0.019161
1 0.458929 0.335451 0.020044 0.022187
4 0.451554 0.317802 0.012858 0.014119
1 0.087739 0.451680 0.009076 0.014623
1 0.079041 0.475128 0.009076 0.013110
1 0.022124 0.656405 0.022313 0.028742
4 0.087361 0.694980 0.018153 0.044374
4 0.059564 0.699771 0.023826 0.030759
4 0.031389 0.679096 0.005295 0.015632