4 0.705097 0.271124 0.025206 0.028932
1 0.232042 0.121997 0.038182 0.057739
5 0.127041 0.312907 0.010710 0.026076
5 0.134724 0.303284 0.010244 0.022971
5 0.141010 0.293351 0.008847 0.021730
5 0.163593 0.320358 0.013038 0.029801
5 0.151953 0.630161 0.026076 0.033526
5 0.146365 0.678587 0.025144 0.048426
5 0.161265 0.687900 0.016763 0.034767
5 0.164990 0.716148 0.014900 0.030422
5 0.187108 0.730117 0.013503 0.023592
5 0.193161 0.758056 0.011641 0.033526
5 0.499084 0.552244 0.025610 0.081331
5 0.479528 0.548519 0.019091 0.072639
5 0.527488 0.516235 0.019091 0.077606
5 0.516778 0.541380 0.030266 0.088160
5 0.569628 0.562178 0.020488 0.071398
5 0.549606 0.545415 0.009313 0.044080
5 0.508397 0.655926 0.017229 0.068914
5 0.442975 0.688521 0.027938 0.084435
5 0.338673 0.108338 0.024213 0.075123
5 0.363119 0.093438 0.015366 0.071398
5 0.396411 0.103682 0.021419 0.078227
5 0.382210 0.092506 0.016297 0.031042
5 0.412476 0.090333 0.024679 0.078848
5 0.425048 0.083504 0.017229 0.051530
5 0.382675 0.215434 0.001397 0.006208
5 0.385702 0.164835 0.021419 0.022971
5 0.367076 0.153039 0.009313 0.022971
5 0.357997 0.154281 0.009778 0.019246
0 0.497881 0.469734 0.995762 0.939467