1 0.837493 0.208129 0.024141 0.020185
5 0.776732 0.200764 0.009002 0.022913
5 0.591380 0.233770 0.008183 0.037643
5 0.604064 0.242499 0.021277 0.037643
5 0.513639 0.437534 0.020458 0.064375
5 0.532460 0.426077 0.019640 0.079651
5 0.547600 0.419804 0.018822 0.085652
5 0.457788 0.393890 0.015957 0.050191
5 0.476405 0.344244 0.016367 0.046918
5 0.486429 0.405619 0.025777 0.078014
5 0.472722 0.378342 0.019640 0.039825
5 0.420758 0.230769 0.013093 0.012002
5 0.420145 0.211948 0.016776 0.008183
5 0.417485 0.221768 0.013912 0.008183
0 0.656649 0.498936 0.686702 0.997872