1 0.847518 0.542826 0.023732 0.021822
1 0.780210 0.646754 0.044599 0.028914
2 0.794735 0.971904 0.008183 0.031097
2 0.800055 0.986907 0.009820 0.026186
2 0.805987 0.981178 0.010229 0.028914
5 0.953696 0.781506 0.010229 0.023459
5 0.962289 0.784233 0.007774 0.022368
4 0.623295 0.356792 0.027005 0.109111
5 0.650709 0.355974 0.031097 0.098745
1 0.728246 0.987179 0.031506 0.025641
2 0.854064 0.948718 0.013093 0.044735
1 0.584220 0.546918 0.050327 0.072559
3 0.406438 0.861975 0.007365 0.014184
3 0.398459 0.824059 0.005319 0.016912
3 0.386184 0.828696 0.002864 0.009820
3 0.391912 0.824604 0.005319 0.013639
1 0.489294 0.690125 0.026596 0.028369
2 0.339539 0.262411 0.011047 0.021822
2 0.348950 0.269504 0.009411 0.024004
2 0.355496 0.268685 0.008592 0.023459
1 0.367567 0.249864 0.040098 0.055646
1 0.239294 0.803055 0.024141 0.032733
1 0.246454 0.778232 0.014730 0.016912
0 0.497340 0.495745 0.994680 0.991489