2 0.510646 0.554039 0.044498 0.103830
2 0.475756 0.574265 0.025283 0.111920
2 0.472216 0.659327 0.044498 0.087869
2 0.455529 0.574939 0.023261 0.097087
2 0.432268 0.690445 0.027306 0.063804
2 0.395861 0.535160 0.043487 0.109223
2 0.400412 0.607464 0.038430 0.092018
2 0.431257 0.595840 0.029328 0.114617
2 0.505084 0.642361 0.033374 0.067422
2 0.597115 0.283677 0.027306 0.091694
2 0.643130 0.193501 0.034385 0.067422
1 0.594586 0.157767 0.024272 0.041802
0 0.624073 0.099992 0.060368 0.066385
0 0.458215 0.939175 0.073438 0.121650
0 0.701861 0.238673 0.052011 0.076283
5 0.477346 0.502007 0.948808 0.995985