2 0.250329 0.588015 0.026022 0.067741
2 0.262876 0.526883 0.023234 0.057827
2 0.272634 0.593797 0.029740 0.052871
2 0.289363 0.585536 0.031599 0.115655
2 0.484065 0.475664 0.051115 0.123916
2 0.612783 0.497143 0.044610 0.117307
2 0.553913 0.458523 0.041531 0.086328
2 0.578222 0.556210 0.021375 0.095828
2 0.552200 0.566123 0.028810 0.115655
2 0.512701 0.656994 0.022305 0.079306
2 0.531289 0.529774 0.029740 0.194961
2 0.512237 0.572732 0.023234 0.062784
2 0.498761 0.576036 0.027881 0.076002
2 0.482032 0.565297 0.039033 0.067741
2 0.727850 0.371162 0.062268 0.122264
2 0.758055 0.300117 0.031599 0.092524
2 0.656753 0.288552 0.024164 0.105741
2 0.639560 0.262116 0.019517 0.109046
2 0.617720 0.242290 0.020446 0.099133
2 0.620043 0.316639 0.019517 0.072697
2 0.608426 0.336466 0.024164 0.046262
2 0.399783 0.039911 0.026952 0.079822
2 0.364002 0.036865 0.022305 0.066088
2 0.408612 0.201260 0.033457 0.137133
2 0.727850 0.154172 0.026952 0.062784
2 0.759449 0.144259 0.013941 0.069393
2 0.746902 0.147563 0.014870 0.109046
5 0.500000 0.500000 1.000000 1.000000
3 0.988228 0.846964 0.023544 0.105741
2 0.845415 0.698265 0.016729 0.085915
2 0.822181 0.714787 0.029740 0.105741