2 0.410253 0.546735 0.042983 0.119785
2 0.432931 0.604390 0.039498 0.128046
1 0.470105 0.379277 0.025558 0.099133
2 0.479980 0.429876 0.029043 0.130112
2 0.497406 0.553791 0.029043 0.097067
2 0.593247 0.525910 0.039498 0.119785
2 0.568270 0.427810 0.056924 0.159025
2 0.562461 0.543465 0.033690 0.092937
2 0.495663 0.437104 0.025558 0.090872
2 0.520059 0.457757 0.034851 0.177613
2 0.325805 0.105494 0.041636 0.138786
0 0.598296 0.081041 0.076580 0.150682
0 0.216207 0.874931 0.145601 0.250138
2 0.830364 0.427681 0.078996 0.159714
2 0.870637 0.380869 0.044919 0.121162
5 0.500000 0.500000 1.000000 1.000000