2 0.378346 0.181246 0.020755 0.038627
2 0.587625 0.512268 0.017296 0.039204
2 0.609245 0.521492 0.029403 0.041510
2 0.632162 0.497855 0.025944 0.031132
2 0.511667 0.260614 0.012107 0.024791
2 0.522045 0.253119 0.009513 0.017872
2 0.540854 0.297224 0.019458 0.031132
2 0.555339 0.297800 0.013837 0.027673
2 0.570257 0.321438 0.014269 0.012684
2 0.566798 0.296647 0.014269 0.035745
2 0.581283 0.305871 0.017296 0.032285
2 0.596849 0.305871 0.012972 0.023061
2 0.718898 0.781616 0.030992 0.049831
2 0.751713 0.773413 0.026435 0.038284
2 0.760828 0.735736 0.021877 0.045577
0 0.389633 0.147653 0.052365 0.074554
0 0.605179 0.472931 0.054942 0.054398
0 0.664745 0.181599 0.038079 0.047145
0 0.717046 0.740409 0.063238 0.053401
5 0.503935 0.495503 0.989882 0.978078