1 0.987998 0.125205 0.024004 0.021277
1 0.752591 0.112657 0.027005 0.031097
5 0.924850 0.345608 0.013912 0.025641
5 0.922600 0.378342 0.011866 0.031097
5 0.930987 0.354064 0.007365 0.018549
5 0.936716 0.343153 0.009002 0.027278
5 0.937330 0.360884 0.011866 0.026732
5 0.947559 0.342335 0.015957 0.018003
5 0.950014 0.361157 0.019231 0.021822
5 0.953901 0.366067 0.012275 0.033824
5 0.965767 0.351064 0.010638 0.034370
5 0.969858 0.330606 0.012275 0.033824
5 0.826855 0.626841 0.018412 0.069831
5 0.854474 0.637207 0.021277 0.086197
5 0.881274 0.582651 0.029051 0.054555
5 0.871658 0.640753 0.019640 0.056192
5 0.892935 0.633388 0.038462 0.098200
5 0.920554 0.629842 0.024141 0.080196
5 0.940194 0.591926 0.037234 0.024004
5 0.873704 0.779324 0.014730 0.049645
5 0.860816 0.786961 0.024141 0.054010
5 0.843017 0.791871 0.011457 0.049645
5 0.830742 0.783415 0.019640 0.038189
5 0.822149 0.768958 0.027005 0.035461
5 0.793917 0.568740 0.023732 0.059465
5 0.783483 0.521549 0.018412 0.052373
5 0.756888 0.534097 0.015957 0.038189
5 0.770799 0.507365 0.011866 0.028369
5 0.768344 0.557829 0.011047 0.047463
5 0.752387 0.568740 0.023322 0.051828
1 0.733565 0.270322 0.038871 0.047463
1 0.695104 0.284233 0.024141 0.044735
1 0.777960 0.333061 0.022095 0.032188
5 0.523663 0.728314 0.025777 0.072013
5 0.477632 0.665303 0.021277 0.045281
5 0.496249 0.676487 0.015957 0.054555
5 0.545349 0.511457 0.012684 0.040917
1 0.529187 0.339607 0.043372 0.056192
1 0.562330 0.338516 0.025368 0.023459
1 0.571127 0.394435 0.020867 0.018549
1 0.521413 0.382706 0.017185 0.018003
1 0.437943 0.142117 0.021277 0.036552
1 0.477428 0.119749 0.045417 0.055101
5 0.564785 0.096563 0.013093 0.019640
5 0.618181 0.114839 0.006956 0.023459
5 0.486839 0.024823 0.012684 0.033279
5 0.110406 0.047190 0.013502 0.044190
5 0.120636 0.045008 0.013502 0.030005
5 0.129433 0.035188 0.009820 0.025641
5 0.115930 0.014457 0.016367 0.020185
5 0.129637 0.055919 0.004501 0.020185
5 0.142730 0.138843 0.012684 0.031097
0 0.500000 0.500000 1.000000 1.000000