5 0.496045 0.406165 0.021277 0.064921
5 0.513639 0.437261 0.020458 0.049645
5 0.531642 0.488816 0.016367 0.041462
1 0.532460 0.826514 0.045827 0.049100
1 0.495431 0.896072 0.023322 0.039825
5 0.462902 0.962084 0.021277 0.046372
5 0.480701 0.947627 0.029051 0.026187
5 0.478451 0.918712 0.021277 0.027278
5 0.442035 0.963993 0.021277 0.062193
1 0.451241 0.921440 0.032324 0.033824
1 0.436102 0.857065 0.045417 0.074195
2 0.412780 0.843426 0.025777 0.029460
1 0.369613 0.899345 0.028642 0.063830
1 0.165848 0.470540 0.044190 0.055101
1 0.192649 0.540917 0.047054 0.044190
1 0.200423 0.632842 0.055237 0.054555
1 0.145799 0.569013 0.055646 0.084015
1 0.100382 0.552919 0.036825 0.061648
1 0.094244 0.648663 0.064648 0.056738
1 0.245636 0.557556 0.045008 0.031642
0 0.501596 0.498936 0.992553 0.997872