0 0.500000 0.318830 1.000000 0.637660
5 0.509228 0.511938 0.019287 0.061518
5 0.498071 0.537150 0.017397 0.055467
5 0.486537 0.533369 0.019287 0.054963
5 0.475947 0.516981 0.013237 0.019161
5 0.461954 0.473111 0.010967 0.036306
5 0.453823 0.458488 0.005295 0.008068
5 0.457038 0.437057 0.007942 0.017649
5 0.449096 0.447142 0.003404 0.007564
5 0.493533 0.432267 0.019666 0.051433
5 0.486158 0.447646 0.017018 0.031768
1 0.493722 0.483196 0.012480 0.012102
1 0.475380 0.507400 0.007564 0.014119
1 0.494100 0.498828 0.011724 0.013110
1 0.471598 0.486221 0.007564 0.010085
1 0.474056 0.446134 0.010211 0.017649
1 0.453634 0.410836 0.028364 0.029751
1 0.446071 0.442100 0.012480 0.012606
1 0.460442 0.456471 0.006429 0.012102
1 0.425270 0.403020 0.009455 0.013110
1 0.426594 0.375539 0.012102 0.022691
1 0.872854 0.066939 0.034793 0.030759
1 0.869828 0.021304 0.013615 0.017144
1 0.859995 0.029372 0.015127 0.018153
1 0.845813 0.041979 0.007942 0.014119
1 0.852999 0.217205 0.027608 0.026725
5 0.861697 0.105262 0.019287 0.068074
5 0.850352 0.051812 0.009455 0.026725
4 0.829930 0.073746 0.034415 0.065552
5 0.818017 0.176613 0.011346 0.041348
5 0.843166 0.181403 0.008698 0.013615
5 0.828228 0.200061 0.012102 0.013615
5 0.760343 0.167536 0.021557 0.041348
5 0.852999 0.264604 0.029877 0.084209
1 0.832199 0.185942 0.012480 0.015632
1 0.828984 0.044248 0.012858 0.021683
5 0.730467 0.146610 0.024582 0.058997
5 0.619469 0.110809 0.016640 0.040844
5 0.602640 0.118877 0.016262 0.049921
5 0.605287 0.148375 0.017775 0.031263
1 0.459307 0.221743 0.014749 0.019666
1 0.475947 0.229811 0.010967 0.015632
1 0.440020 0.259814 0.015506 0.014119
1 0.352659 0.119885 0.012480 0.009581
1 0.119318 0.523284 0.008698 0.008572
1 0.131042 0.517737 0.007186 0.012606
1 0.104758 0.528326 0.010589 0.009581
1 0.091710 0.537403 0.018531 0.015632
1 0.069019 0.556312 0.009455 0.009076
1 0.059564 0.523788 0.015506 0.026725
5 0.140307 0.531856 0.009833 0.009581
5 0.130474 0.532612 0.006051 0.006051
5 0.120641 0.534881 0.006051 0.010589
5 0.134445 0.496811 0.019287 0.045382
5 0.074124 0.577490 0.027229 0.072612
5 0.051812 0.560094 0.023448 0.050929