1 0.740112 0.142390 0.020867 0.028369
1 0.741135 0.111566 0.017185 0.018003
1 0.745431 0.172668 0.022504 0.028914
1 0.733770 0.084015 0.025368 0.028369
1 0.909711 0.195035 0.021277 0.032188
2 0.725382 0.016639 0.010229 0.013639
2 0.730292 0.021822 0.008592 0.019640
2 0.722927 0.027005 0.005319 0.014730
5 0.837698 0.556192 0.012275 0.033279
1 0.968017 0.485816 0.027414 0.028914
1 0.993999 0.409711 0.009820 0.029460
1 0.792894 0.472450 0.033961 0.026187
1 0.789621 0.425259 0.043781 0.038734
1 0.772027 0.391708 0.033961 0.030551
1 0.756683 0.434261 0.027823 0.013093
1 0.721290 0.413257 0.026596 0.022368
2 0.709015 0.649755 0.023322 0.065466
1 0.904596 0.645390 0.021686 0.025095
1 0.937943 0.642390 0.018003 0.034370
1 0.954514 0.643481 0.023322 0.048554
1 0.964744 0.686307 0.017594 0.025095
2 0.656028 0.558374 0.020458 0.042008
2 0.692649 0.340153 0.008592 0.015821
1 0.706560 0.142117 0.022504 0.019094
1 0.711470 0.159302 0.018412 0.021822
1 0.687943 0.084561 0.019640 0.031642
1 0.706151 0.095199 0.021686 0.028914
2 0.678328 0.026459 0.011047 0.030005
1 0.496863 0.063011 0.024550 0.034370
1 0.447968 0.138298 0.021686 0.030005
1 0.423418 0.088652 0.018412 0.022368
2 0.591380 0.082651 0.009002 0.019094
2 0.597518 0.084015 0.006547 0.015276
2 0.605087 0.088107 0.007774 0.014730
2 0.474359 0.141571 0.011457 0.021277
2 0.467403 0.130387 0.013093 0.024004
2 0.475586 0.182488 0.009820 0.030005
2 0.460857 0.170486 0.008183 0.025641
2 0.465357 0.180306 0.009820 0.025641
2 0.473541 0.157119 0.008183 0.009820
2 0.465562 0.151664 0.006137 0.008729
1 0.485202 0.170486 0.012684 0.016912
5 0.476405 0.486088 0.015548 0.020731
5 0.484179 0.439171 0.012275 0.032733
5 0.492567 0.442990 0.015957 0.040371
5 0.506274 0.410802 0.012275 0.028369
5 0.504842 0.433442 0.009411 0.032188
5 0.510366 0.438625 0.013093 0.044735
5 0.519367 0.433442 0.013912 0.036552
5 0.518344 0.410802 0.006956 0.019640
5 0.528983 0.407801 0.011047 0.035461
5 0.536143 0.416258 0.012275 0.033824
1 0.617158 0.637752 0.030278 0.029460
1 0.534302 0.816967 0.024959 0.022368
1 0.554555 0.847245 0.014730 0.022913
1 0.544735 0.898800 0.025368 0.036552
1 0.321945 0.857065 0.015957 0.022913
1 0.378205 0.843153 0.022095 0.023459
1 0.324809 0.810693 0.022504 0.034915
1 0.348745 0.796236 0.031097 0.033279
2 0.389662 0.348336 0.013093 0.033279
2 0.394367 0.370431 0.010229 0.028369
2 0.404801 0.100927 0.009820 0.018549
2 0.401937 0.215767 0.007365 0.025641
2 0.295963 0.133661 0.010638 0.017458
2 0.307010 0.124932 0.009820 0.020731
2 0.224564 0.067649 0.008592 0.022913
2 0.199195 0.072559 0.006137 0.020731
2 0.207174 0.072286 0.006547 0.019094
2 0.212902 0.076923 0.007365 0.017458
2 0.204719 0.084288 0.004092 0.014730
1 0.161348 0.036825 0.012275 0.034370
5 0.231110 0.323241 0.012684 0.027823
5 0.239089 0.325968 0.011457 0.030005
5 0.246863 0.316148 0.011457 0.037643
5 0.253001 0.307965 0.012275 0.031097
1 0.184056 0.283142 0.031506 0.048009
1 0.119408 0.415985 0.033142 0.038734
1 0.093835 0.468085 0.030278 0.033824
1 0.065398 0.471631 0.029051 0.032188
1 0.041053 0.423077 0.022913 0.025641
1 0.024209 0.455810 0.048418 0.027823
1 0.030210 0.342608 0.032324 0.039280
2 0.139253 0.084288 0.009002 0.018003
2 0.147845 0.087016 0.009002 0.018003
1 0.138434 0.056738 0.020458 0.027278
2 0.153369 0.441626 0.011047 0.026732
2 0.171167 0.429351 0.015548 0.029460
2 0.181397 0.425259 0.013093 0.025641
2 0.152550 0.424441 0.007774 0.014184
0 0.498936 0.500000 0.997872 1.000000