1 0.786757 0.084015 0.050327 0.037098
1 0.767935 0.026187 0.068331 0.052373
1 0.738271 0.223404 0.083470 0.143481
1 0.659302 0.184124 0.077741 0.073650
2 0.673418 0.436443 0.022504 0.108020
2 0.702878 0.462084 0.041326 0.118931
1 0.716789 0.366339 0.062602 0.090016
1 0.788189 0.468631 0.028642 0.076378
1 0.791871 0.615930 0.115385 0.116748
1 0.446945 0.494544 0.144026 0.145663
2 0.381478 0.530005 0.022913 0.048554
2 0.308647 0.133661 0.044190 0.039280
2 0.398050 0.094654 0.024141 0.048554
2 0.378410 0.120567 0.024959 0.054555
2 0.402960 0.132842 0.024141 0.025641
1 0.355087 0.111566 0.139525 0.114021
1 0.378001 0.253410 0.060966 0.085652
1 0.298009 0.246590 0.073650 0.062193
1 0.234997 0.112384 0.085106 0.099291
1 0.200627 0.198582 0.112930 0.069831
1 0.188148 0.307147 0.083061 0.120022
5 0.138639 0.253955 0.028232 0.044190
0 0.498936 0.496809 0.997872 0.993617