0 0.500000 0.500000 1.000000 1.000000
1 0.823690 0.289312 0.012102 0.023700
1 0.911051 0.453445 0.018909 0.025212
1 0.898760 0.475632 0.013993 0.020170
1 0.899327 0.429998 0.018153 0.014623
1 0.833712 0.448907 0.013993 0.018153
4 0.894978 0.411088 0.014749 0.014119
4 0.343960 0.566901 0.023069 0.070595
4 0.326753 0.547992 0.021178 0.061014
4 0.296120 0.522527 0.021178 0.067569
4 0.353037 0.403525 0.020044 0.048408
4 0.271916 0.354865 0.009833 0.016640
4 0.252250 0.313264 0.007564 0.009076
4 0.269079 0.502609 0.013237 0.013615
5 0.283451 0.495802 0.018531 0.053450
1 0.407685 0.481683 0.035550 0.047399
1 0.344339 0.359403 0.047273 0.074124
1 0.346797 0.524292 0.054459 0.046895
1 0.261705 0.485969 0.077906 0.057989
1 0.282505 0.348310 0.015884 0.016640
1 0.284207 0.275698 0.038953 0.057989
1 0.261705 0.302927 0.006051 0.011598
1 0.220672 0.212415 0.026095 0.025212
1 0.201573 0.235862 0.010589 0.009581
4 0.202708 0.227290 0.010589 0.010589
4 0.288934 0.251242 0.010589 0.012102
1 0.249414 0.442856 0.020800 0.031263
1 0.195900 0.450168 0.029499 0.042861
1 0.402579 0.377052 0.040466 0.068074
1 0.379321 0.471850 0.028742 0.029751
4 0.088496 0.900209 0.015127 0.036306
4 0.113834 0.969796 0.009076 0.013110
4 0.165078 0.882561 0.010967 0.029246
4 0.137660 0.453445 0.010589 0.011093
4 0.041790 0.582785 0.011724 0.026725
4 0.026284 0.569422 0.012480 0.017144
1 0.033280 0.559842 0.030255 0.032272
1 0.075448 0.875501 0.013993 0.015127
5 0.039331 0.964249 0.014371 0.039331
5 0.029120 0.971560 0.013615 0.032776
5 0.017207 0.968535 0.016262 0.017649
5 0.005484 0.932733 0.010967 0.042861
5 0.012291 0.925674 0.010211 0.043870
5 0.023258 0.915589 0.007942 0.032776