0 0.500000 0.500000 1.000000 1.000000
5 0.435292 0.417139 0.015127 0.044374
3 0.358710 0.463530 0.020044 0.028238
5 0.833333 0.755994 0.008698 0.028238
1 0.613796 0.408567 0.016640 0.023195
1 0.626087 0.368732 0.015506 0.032272
1 0.554610 0.150392 0.016262 0.015127
1 0.546857 0.175857 0.010589 0.013615
1 0.585432 0.181151 0.005295 0.014119
5 0.453634 0.655145 0.022313 0.053450
5 0.277210 0.109296 0.010589 0.023700
5 0.197602 0.521267 0.012480 0.038827
5 0.180773 0.568918 0.019666 0.032272
5 0.185122 0.591609 0.017018 0.016136