0 0.502212 0.499017 0.995575 0.997050
5 0.641026 0.444369 0.020422 0.052442
5 0.611527 0.448151 0.023448 0.038827
5 0.596021 0.421678 0.017397 0.050425
5 0.586945 0.429241 0.015884 0.045382
3 0.594509 0.450672 0.015884 0.014623
3 0.596400 0.462017 0.013615 0.012102
5 0.720256 0.420165 0.013237 0.017144
5 0.748052 0.397978 0.013615 0.029246
5 0.733114 0.387641 0.010211 0.029751
5 0.724038 0.544966 0.008698 0.034793
5 0.715717 0.548748 0.008698 0.019161
5 0.719877 0.533369 0.008698 0.022691
5 0.965888 0.164259 0.010589 0.023700
5 0.961349 0.179638 0.012102 0.013110
5 0.961160 0.186698 0.010967 0.011093
5 0.961160 0.192749 0.016262 0.016136
5 0.948680 0.189976 0.011724 0.020674
5 0.939982 0.196531 0.008698 0.020674
5 0.923720 0.215944 0.010211 0.025212
5 0.913698 0.220483 0.016640 0.033280
5 0.901596 0.210145 0.012102 0.025717
3 0.947546 0.206616 0.009455 0.015632
3 0.955866 0.206111 0.007942 0.013615
5 0.821610 0.431006 0.004916 0.014623
5 0.828795 0.430502 0.007942 0.017649
5 0.778496 0.316794 0.013237 0.018153
5 0.724416 0.332678 0.007186 0.016640
5 0.719499 0.328392 0.006429 0.016136
5 0.728765 0.338225 0.004538 0.019666
5 0.709856 0.331669 0.003782 0.005547
5 0.702670 0.336964 0.008320 0.013110
5 0.776038 0.068956 0.007564 0.011598
5 0.772445 0.051812 0.009455 0.018657
5 0.768096 0.063913 0.009076 0.013615
5 0.758263 0.049038 0.010589 0.015127
3 0.615876 0.141568 0.023069 0.038827
3 0.601316 0.138290 0.016640 0.050425
5 0.537781 0.306961 0.010589 0.014623
5 0.519439 0.031894 0.009455 0.025212
5 0.371190 0.181151 0.017775 0.031263
5 0.349444 0.479162 0.007564 0.021178
5 0.345095 0.484709 0.009455 0.018153
5 0.311247 0.524796 0.011346 0.024708
5 0.300658 0.532108 0.009833 0.018153
5 0.294418 0.534629 0.007186 0.022187
5 0.301793 0.446386 0.009076 0.025212
5 0.291582 0.461765 0.011346 0.018657
5 0.288934 0.442604 0.009833 0.018657
5 0.280425 0.444873 0.011724 0.029246
5 0.320135 0.266873 0.013237 0.023195
5 0.336208 0.302423 0.008320 0.028742
5 0.240526 0.162242 0.018153 0.048912
5 0.206679 0.121650 0.021557 0.052442
5 0.186257 0.109044 0.019287 0.044374
5 0.144845 0.239140 0.004538 0.016136
5 0.272105 0.359907 0.007186 0.021683
5 0.262839 0.366715 0.009076 0.020170
5 0.255465 0.363437 0.009455 0.027734