0 0.168330 0.408697 0.054692 0.055908
0 0.148049 0.772704 0.180940 0.193246
0 0.342282 0.598600 0.160430 0.173192
0 0.340459 0.020016 0.034638 0.040032
0 0.501572 0.942968 0.168178 0.114063
1 0.452122 0.486684 0.028258 0.027954
1 0.450982 0.509776 0.016863 0.030385
1 0.446652 0.517069 0.023700 0.044969
1 0.478784 0.555657 0.018686 0.034638
1 0.491318 0.563861 0.011850 0.046184
1 0.504535 0.563557 0.016408 0.052869
0 0.536591 0.495192 0.223326 0.183522
2 0.641037 0.858894 0.006837 0.032208
2 0.629871 0.859806 0.020965 0.047400
0 0.933207 0.715783 0.133586 0.172584
5 0.503654 0.507729 0.992692 0.984542