1 0.365587 0.896418 0.044779 0.119410
1 0.346999 0.957812 0.026191 0.043934
1 0.400649 0.884026 0.025346 0.119410
0 0.368544 0.822068 0.059142 0.036048
1 0.427597 0.903740 0.028902 0.100259
1 0.422803 0.970514 0.057192 0.057192
1 0.587230 0.939059 0.037175 0.055285
1 0.550770 0.959521 0.032885 0.080958
1 0.512165 0.972866 0.032885 0.054268
1 0.490718 0.893305 0.055762 0.070537
1 0.468497 0.961936 0.045754 0.059098
1 0.554285 0.899025 0.028596 0.070537
1 0.594319 0.846599 0.022877 0.099133
1 0.568583 0.828488 0.042894 0.070537
2 0.709418 0.673117 0.032885 0.053379
1 0.678677 0.692181 0.034315 0.068630
1 0.693690 0.617831 0.061481 0.064817
1 0.587170 0.620691 0.037175 0.074349
4 0.622915 0.725543 0.062911 0.074349
1 0.636498 0.615925 0.018587 0.038128
1 0.707988 0.558733 0.070060 0.064817
0 0.712992 0.522511 0.000000 0.007626
1 0.364837 0.136784 0.027166 0.041941
1 0.298351 0.170146 0.034315 0.055285
1 0.337670 0.159661 0.038605 0.076256
1 0.284768 0.119626 0.027166 0.045754
1 0.361262 0.083405 0.031456 0.057192
1 0.376275 0.031932 0.027166 0.061005
1 0.301925 0.049090 0.044324 0.072443
1 0.345534 0.031932 0.051473 0.057192
1 0.131780 0.091030 0.027166 0.049566
1 0.084596 0.033839 0.027166 0.057192
1 0.058860 0.011200 0.010009 0.022400
0 0.148937 0.034792 0.067200 0.055285
0 0.314651 0.118638 0.028914 0.043141
5 0.500000 0.499071 1.000000 0.998141