0 0.500000 0.500000 1.000000 1.000000
4 0.437869 0.513971 0.023968 0.055719
4 0.661259 0.303794 0.011062 0.025402
4 0.580445 0.318133 0.011676 0.021304
4 0.600418 0.320182 0.009833 0.033596
4 0.591814 0.326327 0.012291 0.042609
4 0.672321 0.523804 0.036873 0.040970
4 0.695674 0.533227 0.018437 0.035234
4 0.727938 0.581162 0.023968 0.050803
5 0.453847 0.525852 0.017822 0.046706
4 0.501475 0.446780 0.009833 0.034415
5 0.511922 0.441454 0.011062 0.028679
5 0.746681 0.602466 0.028269 0.063913
5 0.614245 0.316085 0.015364 0.045067
1 0.702126 0.496763 0.027655 0.058997
1 0.767576 0.578294 0.027040 0.038512
1 0.604720 0.500451 0.011062 0.025402
5 0.771264 0.902778 0.009833 0.025402
5 0.741150 0.665560 0.011062 0.031137
4 0.773414 0.709399 0.012906 0.038512
1 0.752520 0.659415 0.009218 0.015569
4 0.500246 0.227999 0.012291 0.026221
4 0.432952 0.742175 0.014135 0.031957
4 0.414516 0.744633 0.015364 0.030318
1 0.397923 0.684816 0.012906 0.027040
1 0.452925 0.658186 0.018437 0.019666
1 0.439405 0.641388 0.017207 0.013930