0 0.500000 0.450590 1.000000 0.901180
5 0.159027 0.074251 0.023069 0.083705
5 0.168860 0.091395 0.025338 0.067569
5 0.399176 0.542445 0.023069 0.058997
5 0.407685 0.556060 0.013615 0.063031
1 0.372513 0.528326 0.018909 0.019666
1 0.442667 0.511938 0.017775 0.027229
5 0.411845 0.409071 0.008320 0.033280
5 0.417328 0.402264 0.008698 0.033785
5 0.423379 0.403273 0.008698 0.053955
1 0.443045 0.227290 0.018531 0.033785
1 0.540428 0.393944 0.012102 0.007059
1 0.531541 0.406298 0.002647 0.006555
1 0.565199 0.497063 0.024582 0.024708
1 0.565956 0.542445 0.039710 0.044878
1 0.624385 0.386380 0.009076 0.010085
1 0.667688 0.411593 0.020044 0.025212
1 0.647833 0.435797 0.042357 0.026221
1 0.623251 0.495802 0.011346 0.021178
5 0.536835 0.502357 0.013237 0.038323
5 0.609825 0.389658 0.008698 0.021683
5 0.563119 0.590601 0.016640 0.076646
5 0.580705 0.585558 0.017775 0.061518
5 0.580705 0.540680 0.009455 0.020170
5 0.619280 0.558581 0.015506 0.043870
5 0.634596 0.558833 0.019666 0.061518
5 0.642160 0.546227 0.012102 0.049416
5 0.647833 0.522527 0.009076 0.020170
5 0.637055 0.478153 0.008698 0.035297
5 0.648400 0.471094 0.010211 0.034289
5 0.638378 0.442352 0.006051 0.022187
5 0.651426 0.443612 0.010211 0.022691
4 0.675630 0.432519 0.005673 0.022691
1 0.594887 0.401760 0.033280 0.034793
1 0.784736 0.440587 0.020422 0.029751
1 0.762613 0.460757 0.014749 0.016640
1 0.782089 0.476389 0.016640 0.016640
1 0.800431 0.454202 0.028364 0.019666
1 0.798540 0.418904 0.009455 0.010589
1 0.809697 0.431510 0.010589 0.010589
1 0.813100 0.408063 0.020422 0.018153
1 0.850541 0.402264 0.015884 0.019666
1 0.870585 0.504879 0.040088 0.040340
1 0.883632 0.533369 0.010967 0.010589
5 0.806104 0.464539 0.006429 0.017144
5 0.800431 0.432771 0.007186 0.016136
5 0.767529 0.469833 0.004916 0.013615
5 0.842788 0.556564 0.012480 0.039836
5 0.852243 0.569422 0.013237 0.025212
5 0.862075 0.567658 0.008698 0.035802
5 0.855268 0.560346 0.006429 0.023195