1 0.410846 0.009934 0.013038 0.019867
1 0.429704 0.028869 0.011641 0.024213
1 0.428075 0.071087 0.011175 0.015521
1 0.449960 0.073881 0.016763 0.024834
1 0.354039 0.143105 0.038182 0.032905
1 0.343096 0.177252 0.016297 0.025455
3 0.553564 0.185323 0.007916 0.011796
1 0.591979 0.149624 0.029801 0.055876
5 0.467654 0.402620 0.018625 0.047805
5 0.458108 0.354194 0.016297 0.044080
3 0.357764 0.303284 0.011175 0.034147
3 0.366611 0.301111 0.007450 0.027317
2 0.483718 0.360092 0.016297 0.049668
5 0.446002 0.577699 0.012572 0.049047
5 0.457177 0.580493 0.014435 0.039734
5 0.434594 0.575216 0.017694 0.046564
1 0.375458 0.529273 0.035388 0.029180
1 0.419926 0.556590 0.019091 0.026696
1 0.423884 0.606879 0.019557 0.027938
1 0.385935 0.562799 0.046098 0.024213
1 0.361023 0.578630 0.021419 0.022351
1 0.377553 0.588564 0.011641 0.013659
1 0.387332 0.606879 0.023747 0.026696
1 0.488607 0.609673 0.014900 0.013659
1 0.477898 0.589495 0.009313 0.013038
1 0.628764 0.487366 0.023282 0.024834
2 0.346356 0.729496 0.010710 0.021109
2 0.402698 0.660582 0.007916 0.017384
0 0.638015 0.492736 0.708232 0.985472