2 0.062769 0.538575 0.026700 0.069327
2 0.041690 0.575581 0.032322 0.047780
2 0.059256 0.607434 0.032322 0.060896
2 0.076120 0.632729 0.023890 0.066517
2 0.105279 0.655214 0.027403 0.070264
2 0.143573 0.441142 0.036537 0.084317
2 0.178705 0.391957 0.036537 0.090875
2 0.182921 0.452384 0.039348 0.054338
2 0.209621 0.413505 0.042159 0.103991
2 0.250375 0.361041 0.049185 0.072138
2 0.252483 0.447232 0.043564 0.081506
2 0.284804 0.431773 0.043564 0.084317
2 0.341718 0.457537 0.073075 0.090875
2 0.277426 0.496885 0.059725 0.066517
2 0.242411 0.280003 0.067454 0.065580
2 0.387507 0.175075 0.018971 0.046843
2 0.350618 0.183507 0.036537 0.052464
2 0.725361 0.747962 0.047780 0.147086
2 0.890482 0.602750 0.033727 0.098370
2 0.946693 0.715172 0.036537 0.132097
2 0.986345 0.689409 0.027309 0.123665
2 0.873267 0.267043 0.027403 0.044032
2 0.834622 0.230506 0.016161 0.042159
2 0.846566 0.243153 0.018971 0.043095
5 0.501967 0.502108 0.996065 0.995784