0 0.500000 0.430924 1.000000 0.861848
1 0.427729 0.414366 0.040088 0.029751
1 0.413547 0.357890 0.035928 0.041853
1 0.450420 0.361420 0.010589 0.010589
1 0.478216 0.339233 0.029877 0.026725
1 0.455336 0.308222 0.014371 0.016136
1 0.396528 0.271664 0.020044 0.040844
1 0.422434 0.278723 0.021178 0.025717
4 0.438507 0.377808 0.011724 0.046391
4 0.509606 0.272672 0.015506 0.025717
4 0.468573 0.224769 0.008320 0.014623
5 0.493911 0.255024 0.013615 0.049921
1 0.407307 0.195018 0.010589 0.029751
1 0.417896 0.162746 0.021935 0.017649
1 0.613607 0.077528 0.023069 0.046895
4 0.617956 0.102488 0.009833 0.016136
5 0.603963 0.135265 0.007564 0.020170
5 0.706452 0.356377 0.017397 0.043870
1 0.271160 0.461009 0.025717 0.043365
1 0.272483 0.423190 0.026095 0.029246
1 0.205355 0.528074 0.022691 0.038323
1 0.211784 0.228803 0.015884 0.019666
1 0.229937 0.242417 0.009833 0.021683
1 0.233908 0.265361 0.010967 0.020170
1 0.251683 0.220230 0.013993 0.019666
1 0.242796 0.200565 0.017397 0.023700
1 0.223130 0.193001 0.018909 0.025717