2 0.732605 0.875405 0.036408 0.198490
2 0.686489 0.892665 0.050971 0.163970
2 0.610032 0.607875 0.072816 0.181230
2 0.657362 0.720065 0.055825 0.155340
2 0.607605 0.737325 0.077670 0.060410
2 0.601537 0.849515 0.041262 0.181230
2 0.680421 0.789105 0.101942 0.276160
2 0.475492 0.264923 0.037217 0.186983
2 0.430994 0.240471 0.029126 0.161093
2 0.413194 0.267799 0.045307 0.158216
2 0.391350 0.308073 0.040453 0.181230
2 0.350088 0.214581 0.048544 0.184106
2 0.270800 0.182938 0.038835 0.138080
2 0.304780 0.148418 0.029126 0.120820
0 0.307207 0.223211 0.033981 0.097807
2 0.128592 0.368572 0.153722 0.154294
5 0.500000 0.500000 1.000000 1.000000