5 0.784097 0.097109 0.008183 0.018549
5 0.751364 0.083742 0.019640 0.026732
1 0.791667 0.092744 0.060966 0.001091
1 0.784097 0.117021 0.024550 0.024550
1 0.820717 0.513639 0.051146 0.075832
2 0.814171 0.528369 0.011866 0.024550
5 0.778164 0.485543 0.013502 0.044735
5 0.772231 0.485270 0.009002 0.034370
5 0.756478 0.486088 0.015957 0.033824
5 0.892321 0.607747 0.009411 0.040371
1 0.864498 0.584288 0.022504 0.031642
1 0.847722 0.623295 0.035597 0.039825
1 0.813966 0.585379 0.051555 0.043644
1 0.734588 0.243044 0.023732 0.032188
5 0.654392 0.338516 0.014730 0.035461
5 0.638230 0.313148 0.014321 0.037098
2 0.627387 0.413803 0.018003 0.047463
2 0.485202 0.301964 0.012684 0.031097
5 0.354883 0.658756 0.012275 0.045281
5 0.366339 0.656847 0.012275 0.037098
5 0.361839 0.618112 0.014730 0.043644
5 0.377796 0.636116 0.013912 0.042553
1 0.239089 0.103382 0.042553 0.063830
1 0.179146 0.024004 0.043781 0.032733
1 0.192444 0.071195 0.018822 0.049645
1 0.167690 0.057283 0.029869 0.032733
1 0.201037 0.177305 0.067103 0.063284
1 0.226405 0.233224 0.049918 0.045281
2 0.241953 0.279869 0.010638 0.037098
1 0.149482 0.253955 0.054828 0.046372
1 0.146618 0.189853 0.025368 0.038189
1 0.137411 0.014184 0.020867 0.025095
5 0.169531 0.417076 0.011457 0.039825
5 0.277346 0.029187 0.015957 0.037643
0 0.438298 0.421277 0.876596 0.842553