2 0.084029 0.214396 0.012972 0.020755
0 0.094839 0.813888 0.082155 0.175456
0 0.236304 0.117443 0.041942 0.052464
2 0.335755 0.046146 0.009080 0.022485
2 0.248771 0.866255 0.017296 0.035745
2 0.434557 0.273298 0.012107 0.025944
2 0.444934 0.267532 0.012972 0.022485
2 0.435422 0.303565 0.024214 0.034592
2 0.434341 0.398116 0.014269 0.050734
2 0.426558 0.513998 0.026376 0.049581
2 0.439746 0.538212 0.019025 0.056500
2 0.452718 0.538212 0.025944 0.054194
2 0.474337 0.539653 0.019025 0.062841
2 0.466987 0.507944 0.023349 0.066301
1 0.471239 0.644581 0.009945 0.029403
2 0.505614 0.660147 0.012972 0.034015
2 0.505182 0.623538 0.014701 0.013837
0 0.677779 0.813503 0.110261 0.103198
0 0.739396 0.695604 0.082155 0.138366
1 0.820325 0.634011 0.011675 0.016719
2 0.806705 0.597690 0.015566 0.023638
2 0.816218 0.595672 0.012107 0.020755
2 0.836324 0.580106 0.015999 0.026520
2 0.838270 0.544650 0.025079 0.034015
2 0.782275 0.470854 0.014269 0.023638
1 0.774708 0.452405 0.019025 0.017872
1 0.816002 0.445487 0.021187 0.016719
1 0.832216 0.437704 0.018161 0.024214
1 0.806489 0.412337 0.010810 0.016143
1 0.792652 0.457882 0.018593 0.029979
2 0.862844 0.489591 0.007351 0.025367
2 0.389660 0.538692 0.009080 0.017872
2 0.380580 0.538980 0.013404 0.024214
2 0.493579 0.656592 0.007351 0.026520
5 0.503654 0.502108 0.992692 0.995784