2 0.512986 0.468734 0.053575 0.157446
2 0.486745 0.369601 0.064509 0.172996
2 0.426610 0.488171 0.031708 0.246860
2 0.457771 0.566894 0.056855 0.221590
2 0.709793 0.843558 0.027334 0.081639
2 0.756262 0.786217 0.026241 0.087470
2 0.724554 0.790105 0.024054 0.118570
2 0.324926 0.338825 0.049202 0.085526
2 0.206841 0.293146 0.038268 0.145783
2 0.026473 0.277590 0.027036 0.121663
2 0.007745 0.278341 0.015489 0.183245
0 0.031279 0.051332 0.062557 0.102664
0 0.732229 0.733919 0.158837 0.372498
5 0.500000 0.500000 1.000000 1.000000