5 0.857747 0.585379 0.020458 0.019640
1 0.841176 0.592744 0.020867 0.043099
1 0.865930 0.610202 0.028642 0.039825
1 0.843835 0.644026 0.019640 0.025641
1 0.789825 0.786143 0.032733 0.050191
1 0.825218 0.741135 0.024141 0.045281
1 0.858565 0.884070 0.038462 0.060556
1 0.881888 0.801964 0.060556 0.074195
1 0.870431 0.740862 0.061375 0.050191
1 0.622886 0.556465 0.031915 0.063284
1 0.635161 0.616748 0.013093 0.028914
1 0.604064 0.603110 0.016367 0.024550
1 0.510570 0.534370 0.031506 0.035461
1 0.518140 0.506001 0.017185 0.020185
1 0.494613 0.486907 0.033961 0.025641
1 0.472313 0.515003 0.031097 0.038189
5 0.618181 0.615385 0.012684 0.052373
5 0.622068 0.646754 0.015548 0.021277
5 0.539416 0.692580 0.026187 0.050736
5 0.525709 0.764866 0.015957 0.031642
5 0.543508 0.754501 0.012275 0.040371
5 0.557420 0.742771 0.018003 0.067103
5 0.570922 0.789962 0.009820 0.048009
5 0.536348 0.858156 0.015957 0.043644
5 0.602632 0.765139 0.022504 0.050736
5 0.607951 0.706765 0.009411 0.034370
1 0.526732 0.793781 0.029460 0.020731
1 0.535734 0.824604 0.049100 0.030005
1 0.596699 0.825423 0.039280 0.042553
1 0.629228 0.730224 0.011866 0.042008
1 0.575218 0.746318 0.026596 0.054555
1 0.522231 0.746045 0.022913 0.046372
1 0.560284 0.705401 0.043372 0.040371
1 0.554965 0.666939 0.028642 0.034370
1 0.399277 0.458811 0.017594 0.022913
1 0.382706 0.438080 0.018822 0.030551
1 0.382706 0.408074 0.019640 0.018549
1 0.336470 0.373432 0.009002 0.023459
1 0.358156 0.346699 0.027005 0.024550
1 0.352837 0.422804 0.016367 0.021822
1 0.340153 0.462357 0.015548 0.019094
5 0.364907 0.423622 0.013502 0.038734
5 0.360611 0.480087 0.009002 0.034915
5 0.398254 0.488816 0.030278 0.019640
1 0.095881 0.627660 0.063830 0.054010
1 0.118181 0.531097 0.037234 0.055101
1 0.066830 0.511184 0.062193 0.060011
1 0.019913 0.557556 0.039825 0.058920
1 0.072763 0.376159 0.038871 0.047463
1 0.033074 0.281779 0.028232 0.033279
1 0.009070 0.250682 0.018140 0.027823
1 0.017458 0.321877 0.034915 0.058920
1 0.037984 0.088380 0.019231 0.032733
0 0.466223 0.522340 0.932446 0.946809