3 0.872854 0.197539 0.024204 0.065048
1 0.783602 0.116355 0.034793 0.022691
1 0.801377 0.081562 0.009833 0.007564
1 0.801188 0.100219 0.010967 0.007564
1 0.779820 0.065174 0.018909 0.023195
1 0.521708 0.513703 0.020044 0.022691
3 0.537403 0.553539 0.019666 0.047904
3 0.551017 0.556816 0.008320 0.049416
1 0.464791 0.068704 0.009833 0.025212
3 0.414870 0.134508 0.022691 0.083201
1 0.415059 0.047273 0.015506 0.011598
1 0.403903 0.076268 0.017397 0.016136
3 0.365328 0.427476 0.004538 0.014623
3 0.371568 0.427476 0.006429 0.013615
3 0.378564 0.450168 0.006807 0.020674
0 0.500000 0.368240 1.000000 0.723697