5 0.616135 0.420349 0.015139 0.047463
5 0.580947 0.421986 0.016776 0.032188
5 0.595267 0.427441 0.012684 0.048554
5 0.564375 0.603110 0.023732 0.080196
1 0.618385 0.531915 0.022913 0.037098
5 0.435079 0.889525 0.009002 0.034370
5 0.446536 0.887616 0.013912 0.044735
5 0.450218 0.876705 0.006547 0.024004
5 0.461266 0.876432 0.013912 0.036552
5 0.356724 0.544735 0.015139 0.044190
5 0.383524 0.522368 0.017185 0.048554
5 0.381274 0.480087 0.019231 0.053464
5 0.398050 0.473813 0.016776 0.055101
5 0.409711 0.487998 0.012275 0.032188
5 0.410734 0.493181 0.019231 0.053464
5 0.205947 0.593017 0.022913 0.060011
5 0.178737 0.584834 0.017594 0.054555
5 0.115930 0.598200 0.027005 0.048554
0 0.471809 0.618085 0.943617 0.759574