0 0.500000 0.500000 1.000000 1.000000
1 0.614931 0.129214 0.048408 0.062527
1 0.568792 0.516728 0.033280 0.048912
1 0.519817 0.522023 0.020044 0.044374
1 0.510551 0.549757 0.023448 0.024204
1 0.487482 0.504626 0.015127 0.016640
1 0.495424 0.576230 0.018153 0.030759
1 0.443802 0.573204 0.019287 0.016640
1 0.421489 0.580264 0.017775 0.035802
1 0.446071 0.591105 0.014749 0.013110
1 0.390855 0.541184 0.017018 0.018153
4 0.545155 0.553539 0.051812 0.068074
4 0.500719 0.623377 0.041600 0.113960
4 0.458173 0.647329 0.020044 0.083201
5 0.553854 0.629680 0.035171 0.084209
5 0.533999 0.617074 0.033280 0.070091
5 0.475380 0.650858 0.041600 0.096311
5 0.426405 0.645060 0.045004 0.103875
5 0.413168 0.573456 0.034415 0.067569
5 0.416194 0.612788 0.023069 0.036306
5 0.422056 0.330409 0.012102 0.019161
1 0.440587 0.363689 0.019666 0.020170
1 0.399176 0.392683 0.010967 0.025717
5 0.360222 0.739858 0.014749 0.052442