2 0.949809 0.636661 0.016367 0.048009
1 0.859793 0.836879 0.061375 0.099291
2 0.808647 0.948991 0.021277 0.058374
2 0.867771 0.940262 0.042144 0.027823
5 0.767526 0.750409 0.019231 0.064921
1 0.715767 0.852700 0.044190 0.040371
2 0.691012 0.514184 0.015139 0.064921
2 0.698991 0.543644 0.012275 0.055101
2 0.625341 0.434261 0.022095 0.079651
2 0.676896 0.483361 0.017185 0.058920
2 0.597722 0.444081 0.012684 0.067649
2 0.614089 0.445717 0.017594 0.073104
5 0.583811 0.471086 0.020049 0.045281
5 0.573172 0.461811 0.007774 0.034370
1 0.619613 0.386798 0.051555 0.038189
2 0.564171 0.898254 0.014321 0.043099
2 0.575218 0.894708 0.009411 0.051282
1 0.378819 0.184670 0.038871 0.026732
1 0.419326 0.182215 0.026596 0.042553
1 0.412780 0.215767 0.048691 0.034370
1 0.283893 0.637752 0.033142 0.053464
5 0.277550 0.699945 0.013912 0.032733
5 0.337902 0.685215 0.033142 0.029460
2 0.279187 0.257501 0.024550 0.068740
2 0.294531 0.300327 0.024959 0.066012
1 0.081765 0.460175 0.029869 0.033279
1 0.046986 0.560556 0.015139 0.027823
1 0.079105 0.544463 0.014730 0.026187
1 0.054760 0.536007 0.017594 0.022368
1 0.189580 0.686307 0.011457 0.037098
5 0.161552 0.665303 0.011866 0.023459
5 0.173213 0.670486 0.006547 0.026187
5 0.166258 0.674577 0.010638 0.023459
0 0.495745 0.497872 0.991489 0.995744