0 0.971699 0.178123 0.010229 0.030005
0 0.860406 0.244135 0.015139 0.055101
0 0.832583 0.239771 0.014321 0.055101
0 0.844040 0.234588 0.009411 0.037098
0 0.842403 0.265957 0.015957 0.026732
0 0.837493 0.281779 0.013502 0.039825
0 0.764662 0.399345 0.016776 0.013093
0 0.775300 0.453901 0.011866 0.033824
1 0.739294 0.658756 0.058511 0.078014
1 0.715971 0.521822 0.045417 0.063830
1 0.826446 0.518549 0.042962 0.069285
1 0.777346 0.485270 0.038052 0.038734
1 0.754228 0.411620 0.078560 0.060556
5 0.700627 0.101473 0.014730 0.042553
5 0.718631 0.080469 0.022913 0.060556
5 0.660938 0.105837 0.020458 0.054555
5 0.620431 0.314239 0.016367 0.037098
5 0.546781 0.277960 0.018822 0.047463
5 0.511798 0.288052 0.017594 0.044735
5 0.499727 0.239771 0.012275 0.016912
1 0.599154 0.240589 0.066285 0.045827
1 0.596290 0.309875 0.020458 0.058920
1 0.629637 0.296236 0.053601 0.032733
1 0.463721 0.344517 0.022913 0.036552
1 0.467812 0.198309 0.034370 0.039825
1 0.394776 0.277960 0.042962 0.030005
1 0.432420 0.361702 0.036416 0.039280
5 0.515889 0.530278 0.024959 0.076378
5 0.574400 0.532188 0.024141 0.047463
5 0.556192 0.582106 0.018822 0.065466
5 0.532256 0.587834 0.023322 0.066012
5 0.513025 0.585379 0.036416 0.073104
5 0.492362 0.581015 0.045008 0.103655
5 0.471904 0.555101 0.026187 0.079105
5 0.452878 0.539825 0.015957 0.071468
5 0.525709 0.676487 0.033961 0.070922
5 0.387821 0.976268 0.041326 0.047463
5 0.363271 0.982815 0.018412 0.034370
5 0.315807 0.972722 0.020049 0.050191
5 0.337289 0.971904 0.025368 0.056192
5 0.273663 0.985270 0.015139 0.029460
5 0.289212 0.974359 0.034779 0.051282
5 0.266708 0.893071 0.045417 0.064375
5 0.311920 0.890071 0.050736 0.083470
5 0.093631 0.804146 0.029869 0.029460
5 0.111634 0.832788 0.024959 0.054010
5 0.084424 0.952537 0.027005 0.019640
5 0.130251 0.945445 0.013912 0.013093
5 0.132092 0.733497 0.035597 0.061648
5 0.076855 0.712220 0.029869 0.090016
5 0.106519 0.743590 0.024550 0.064375
5 0.136388 0.661484 0.024550 0.042008
1 0.124318 0.606929 0.044599 0.030005
1 0.059261 0.484179 0.029869 0.032188
1 0.255660 0.331151 0.060966 0.034915
1 0.299236 0.274141 0.047463 0.057283
1 0.223336 0.142935 0.033142 0.052373
1 0.205947 0.195581 0.024550 0.044190
5 0.246454 0.231042 0.026187 0.035461
5 0.260775 0.223131 0.020458 0.033824
5 0.257911 0.145663 0.019640 0.046918
5 0.273050 0.166394 0.013912 0.014184
5 0.248500 0.454446 0.016367 0.028369
5 0.713516 0.979542 0.017594 0.019094
0 0.502660 0.498936 0.994680 0.993617