1 0.818962 0.315533 0.015506 0.013615
1 0.837493 0.336460 0.013237 0.027229
1 0.820664 0.346545 0.011346 0.010085
1 0.849217 0.359403 0.013993 0.017649
1 0.786060 0.346293 0.009455 0.018657
1 0.768474 0.387389 0.018153 0.027229
1 0.799107 0.374278 0.011346 0.012102
1 0.786438 0.367723 0.006429 0.005042
1 0.818017 0.367723 0.011346 0.013110
1 0.814235 0.391675 0.007564 0.009581
1 0.832577 0.422182 0.007942 0.008068
1 0.910294 0.527318 0.021178 0.033785
1 0.952462 0.525805 0.018531 0.034793
1 0.938280 0.540932 0.015127 0.016640
1 0.910105 0.561354 0.007942 0.011093
1 0.799107 0.386885 0.004538 0.012102
4 0.789653 0.394196 0.013615 0.027734
4 0.795704 0.352848 0.009076 0.015632
4 0.825581 0.397978 0.016640 0.016136
4 0.808184 0.356630 0.013615 0.013110
4 0.555556 0.474624 0.008320 0.021178
4 0.563876 0.473615 0.005295 0.014119
4 0.572763 0.484709 0.013237 0.033280
4 0.584865 0.453445 0.015506 0.015127
4 0.605854 0.447899 0.017397 0.015127
4 0.596778 0.470842 0.012858 0.028742
4 0.588080 0.476641 0.009076 0.025212
1 0.599803 0.434032 0.005295 0.008572
1 0.633273 0.368227 0.008698 0.013110
1 0.661826 0.437561 0.010589 0.017649
1 0.669201 0.410584 0.006429 0.008068
1 0.683950 0.400751 0.008698 0.009581
1 0.699266 0.385624 0.006807 0.009581
1 0.699077 0.425964 0.003404 0.008572
1 0.682437 0.468825 0.006429 0.011598
1 0.678277 0.515972 0.009455 0.010085
1 0.551396 0.060132 0.015127 0.013110
1 0.564065 0.109548 0.016262 0.019161
1 0.469896 0.414870 0.007186 0.005547
5 0.516602 0.443865 0.009833 0.012102
5 0.506391 0.424955 0.006051 0.015632
5 0.498449 0.463530 0.007564 0.018153
5 0.449853 0.483952 0.006429 0.021683
4 0.444180 0.486221 0.005673 0.016136
4 0.449663 0.490760 0.012102 0.026221
4 0.467438 0.477145 0.015127 0.021178
4 0.469518 0.504626 0.016262 0.036810
4 0.460253 0.499080 0.006807 0.025717
4 0.464791 0.429493 0.003025 0.019666
5 0.455336 0.460757 0.006051 0.006555
1 0.445314 0.469581 0.004916 0.006051
5 0.365706 0.224769 0.009833 0.014623
4 0.348688 0.462522 0.006807 0.019161
4 0.352848 0.476641 0.011346 0.029246
4 0.363059 0.476893 0.007564 0.019666
4 0.369677 0.468321 0.006429 0.005547
4 0.206868 0.836422 0.013615 0.030759
4 0.161107 0.832136 0.016640 0.034289
4 0.208759 0.883065 0.007564 0.026221
4 0.203086 0.878779 0.007564 0.017649
4 0.075826 0.443360 0.007942 0.007059
5 0.073557 0.415122 0.008698 0.024204
5 0.063346 0.403777 0.007186 0.006555
5 0.094547 0.397222 0.006807 0.007564
5 0.387074 0.461765 0.006429 0.013615
1 0.392368 0.529587 0.012480 0.010085
1 0.239770 0.851297 0.025717 0.025212
1 0.216701 0.878527 0.013615 0.030255
1 0.182286 0.911051 0.023448 0.024708
1 0.157325 0.921640 0.028742 0.029751
1 0.150707 0.880544 0.016262 0.023195
1 0.291392 0.897436 0.027608 0.036810
1 0.245065 0.927943 0.020422 0.023195
1 0.273807 0.937776 0.040844 0.037819
1 0.183231 0.747170 0.021557 0.033785
1 0.232774 0.770870 0.024582 0.031768
1 0.211973 0.767844 0.016262 0.028742
1 0.199493 0.789023 0.025338 0.032776
1 0.167347 0.797847 0.016262 0.033280
1 0.110619 0.752969 0.013993 0.025212
1 0.092656 0.799864 0.009833 0.025212
1 0.076772 0.823564 0.015884 0.029246
1 0.040088 0.957694 0.034793 0.027229
1 0.045571 0.776416 0.029120 0.036810
1 0.012291 0.788014 0.022313 0.028742
1 0.011724 0.830371 0.022691 0.030759
1 0.093223 0.637496 0.015506 0.026221
1 0.070910 0.640269 0.020800 0.043870
1 0.119885 0.631193 0.017397 0.030759
1 0.202330 0.657162 0.029499 0.032272
4 0.182475 0.669768 0.009455 0.011093
1 0.141820 0.594635 0.016640 0.032272
1 0.179828 0.567153 0.023826 0.030759
1 0.150896 0.514711 0.027986 0.023700
1 0.117616 0.537907 0.017397 0.016640
1 0.141820 0.544714 0.013615 0.015127
1 0.124045 0.560094 0.012102 0.022691
1 0.210272 0.371001 0.015884 0.017649
1 0.216890 0.385624 0.007186 0.013615
1 0.017964 0.499836 0.007186 0.009076
1 0.042546 0.485465 0.005673 0.007564
1 0.134823 0.810201 0.013993 0.009581
1 0.161675 0.701283 0.018531 0.015632
1 0.387263 0.551774 0.011346 0.012102
1 0.415059 0.429493 0.012480 0.011598
1 0.357575 0.445377 0.005673 0.005042
1 0.378753 0.459748 0.005673 0.009581
1 0.703426 0.405037 0.008320 0.010085
5 0.663339 0.498828 0.009076 0.010085
5 0.669201 0.501349 0.008698 0.013110
5 0.697754 0.546227 0.009833 0.021178
0 0.500000 0.497788 1.000000 0.995575