2 0.073666 0.652405 0.025739 0.063115
2 0.064791 0.727354 0.016863 0.075737
2 0.095189 0.760094 0.038608 0.079682
2 0.086314 0.688696 0.018195 0.066270
2 0.185719 0.546820 0.034171 0.130174
3 0.228987 0.620585 0.054140 0.171987
2 0.296589 0.711312 0.042602 0.124651
2 0.365374 0.717229 0.059466 0.204333
2 0.300005 0.471883 0.029919 0.164403
2 0.270630 0.573910 0.051678 0.115082
2 0.476346 0.245910 0.017407 0.046420
2 0.467914 0.255580 0.025567 0.042551
2 0.657492 0.018027 0.011968 0.036054
2 0.665107 0.011877 0.016319 0.015473
5 0.503654 0.500422 0.992692 0.999156