2 0.090298 0.236208 0.022052 0.066108
2 0.122080 0.176633 0.019025 0.057653
0 0.022773 0.305391 0.045546 0.089169
2 0.112134 0.553938 0.019890 0.081482
2 0.127052 0.548942 0.032430 0.073027
2 0.135051 0.501666 0.019890 0.063034
2 0.155158 0.488983 0.028106 0.062265
2 0.162725 0.553554 0.029403 0.065340
2 0.177426 0.580074 0.025079 0.056884
2 0.216558 0.363556 0.017728 0.086095
2 0.244231 0.383927 0.021187 0.069952
2 0.337196 0.387386 0.032430 0.069183
0 0.183047 0.082211 0.075237 0.079945
2 0.290137 0.163309 0.019025 0.039204
2 0.289272 0.209816 0.015566 0.043047
2 0.308946 0.127565 0.019458 0.038435
3 0.417261 0.029555 0.017296 0.040741
2 0.724766 0.211737 0.056644 0.093013
2 0.774492 0.595320 0.018593 0.045353
2 0.793085 0.574949 0.015134 0.053809
2 0.802165 0.547276 0.011675 0.047660
2 0.812326 0.549582 0.009513 0.049197
2 0.824433 0.533055 0.025079 0.059190
2 0.717127 0.679621 0.018593 0.071489
2 0.491273 0.499745 0.031565 0.099163
2 0.417549 0.465537 0.046699 0.049197
2 0.434413 0.551248 0.026808 0.123761
2 0.480679 0.599676 0.029403 0.097625
2 0.496029 0.715366 0.025511 0.146053
2 0.450412 0.708447 0.017296 0.129142
2 0.433548 0.715366 0.023349 0.113768
2 0.406740 0.685771 0.019890 0.086863
2 0.889471 0.721963 0.008875 0.026035
5 0.502811 0.500000 0.994378 1.000000