1 0.729883 0.191489 0.038052 0.065466
5 0.192444 0.265412 0.013912 0.048554
3 0.235611 0.334424 0.016776 0.056738
3 0.316830 0.322695 0.015548 0.037643
3 0.272231 0.274686 0.016367 0.051828
3 0.219040 0.259411 0.027005 0.052919
3 0.203287 0.269231 0.014321 0.058374
5 0.242362 0.248227 0.025368 0.060011
5 0.266708 0.309602 0.029869 0.049645
3 0.286348 0.287234 0.015957 0.062739
3 0.293303 0.285597 0.011047 0.037643
5 0.027550 0.068740 0.019640 0.040371
5 0.028778 0.103928 0.025368 0.039825
5 0.054555 0.106383 0.019640 0.034915
5 0.107133 0.725859 0.015139 0.035461
3 0.051487 0.716858 0.011047 0.038189
3 0.064580 0.718221 0.019231 0.045281
3 0.066421 0.733224 0.015548 0.045827
3 0.079514 0.720131 0.024550 0.032733
3 0.093221 0.759411 0.015957 0.034915
3 0.100382 0.755592 0.017185 0.018549
3 0.096290 0.725586 0.017185 0.028369
3 0.020185 0.708402 0.018822 0.038734
3 0.008252 0.729133 0.016503 0.049645
3 0.018549 0.723131 0.013912 0.036552
3 0.007433 0.672668 0.014866 0.049100
3 0.012411 0.658483 0.022913 0.026187
0 0.499734 0.418085 0.999468 0.836170