0 0.500000 0.500000 1.000000 1.000000
1 0.397663 0.296876 0.055593 0.044878
1 0.438129 0.296876 0.021557 0.026725
5 0.437183 0.412601 0.044626 0.143207
5 0.471031 0.464287 0.059375 0.142702
5 0.522275 0.375791 0.067317 0.164385
5 0.536079 0.417392 0.058619 0.117490
5 0.582218 0.399239 0.013993 0.030759
5 0.586567 0.419913 0.009076 0.030759
5 0.551017 0.354613 0.008320 0.024204
5 0.562552 0.355873 0.007186 0.024708
5 0.572007 0.347805 0.006429 0.024708
5 0.580138 0.347553 0.006051 0.026221
5 0.579759 0.744649 0.000000 0.000504
5 0.685273 0.587323 0.015127 0.031768
5 0.663528 0.600182 0.015506 0.038323
5 0.630626 0.606989 0.020800 0.035802
1 0.386506 0.245947 0.025717 0.039836
1 0.214999 0.053072 0.018531 0.031263
1 0.087361 0.346040 0.016640 0.020170