0 0.295592 0.659610 0.150182 0.272384
2 0.294833 0.442512 0.036408 0.140237
2 0.320622 0.443860 0.030340 0.186084
4 0.347170 0.420937 0.025789 0.167206
1 0.511004 0.384529 0.034891 0.132147
2 0.522382 0.482965 0.030340 0.156419
2 0.583820 0.435770 0.043993 0.169903
2 0.549688 0.437118 0.018204 0.291262
0 0.551205 0.882338 0.130461 0.235324
2 0.695319 0.824007 0.021238 0.059331
1 0.718074 0.832097 0.024272 0.107875
1 0.810644 0.117959 0.034825 0.150087
4 0.264462 0.933960 0.063714 0.097087
5 0.500000 0.501888 1.000000 0.996224