2 0.072570 0.302989 0.024647 0.040357
2 0.086407 0.319420 0.013404 0.021331
2 0.179588 0.521204 0.031997 0.087056
2 0.236520 0.155878 0.017296 0.031709
2 0.271976 0.187587 0.019890 0.036321
2 0.223764 0.010918 0.015134 0.021836
2 0.238898 0.026448 0.018593 0.050734
2 0.376544 0.438377 0.014269 0.032862
2 0.367464 0.440106 0.018593 0.046699
2 0.356654 0.462591 0.022052 0.052464
2 0.341520 0.410703 0.024647 0.043240
2 0.337628 0.442989 0.022917 0.032862
2 0.334818 0.467491 0.019025 0.036898
0 0.433476 0.365830 0.050590 0.083020
5 0.501967 0.503232 0.996065 0.993536