0 0.500000 0.503196 1.000000 0.993608
4 0.495046 0.355873 0.015884 0.051938
4 0.434158 0.432519 0.014371 0.028742
4 0.445503 0.439074 0.012102 0.026725
4 0.461387 0.394700 0.019666 0.051938
4 0.521708 0.477397 0.005673 0.021683
4 0.531919 0.470590 0.010967 0.019161
4 0.529650 0.487734 0.006429 0.010085
4 0.537024 0.479666 0.007564 0.008068
4 0.540239 0.469329 0.004160 0.010589
4 0.546290 0.469329 0.007942 0.022691
4 0.545534 0.529587 0.008698 0.020170
5 0.426594 0.372261 0.030255 0.058493
5 0.479918 0.383859 0.031011 0.059501
5 0.448718 0.388397 0.020044 0.055467
1 0.415438 0.332426 0.026851 0.028238
1 0.452500 0.300658 0.006429 0.010085
1 0.467060 0.313012 0.010589 0.024708
1 0.501853 0.327635 0.017397 0.024708
1 0.480486 0.334695 0.010211 0.016640
1 0.436616 0.275446 0.056350 0.032272
1 0.373459 0.375791 0.028364 0.049416
1 0.450231 0.427476 0.012480 0.016640
4 0.380834 0.195018 0.009833 0.018657
1 0.351524 0.976099 0.030633 0.017649
1 0.205922 0.318055 0.009455 0.016640
1 0.211217 0.286035 0.006429 0.009076
1 0.216133 0.274689 0.005673 0.008572
1 0.340746 0.476893 0.015884 0.018657
4 0.253385 0.445125 0.008320 0.023700
4 0.267567 0.445882 0.010967 0.021178
4 0.254898 0.368479 0.012858 0.021683
4 0.246577 0.375539 0.007564 0.013615
4 0.299334 0.330661 0.007942 0.019666
4 0.290825 0.334191 0.009833 0.010589
4 0.287800 0.319063 0.013615 0.021683
4 0.214432 0.327383 0.007564 0.016136
4 0.214810 0.306709 0.010589 0.027229
4 0.253007 0.113330 0.006807 0.013615
4 0.194577 0.259814 0.009455 0.017144
4 0.178882 0.244182 0.011346 0.011093
1 0.194955 0.215692 0.019287 0.027734
1 0.115347 0.270907 0.030255 0.020170
1 0.154300 0.305196 0.019666 0.021178
4 0.116292 0.284270 0.010967 0.016640
5 0.102678 0.507148 0.010967 0.011598
5 0.083957 0.515468 0.010589 0.019161
5 0.076772 0.514711 0.011346 0.009581
4 0.074881 0.889872 0.012102 0.021683
4 0.086605 0.897184 0.006051 0.031263
4 0.096627 0.895923 0.017775 0.024708
4 0.105892 0.892646 0.009833 0.021178