3 0.961061 0.266776 0.009411 0.038189
3 0.954310 0.276323 0.010638 0.028914
4 0.995977 0.258865 0.008046 0.030005
5 0.913189 0.431260 0.013502 0.035461
5 0.880660 0.434534 0.012275 0.032188
5 0.905210 0.348063 0.013912 0.014184
3 0.880251 0.324332 0.007365 0.023459
3 0.875750 0.322422 0.007365 0.018549
4 0.814171 0.377796 0.008592 0.033279
3 0.825832 0.369885 0.007365 0.025095
3 0.807829 0.430715 0.006547 0.015821
3 0.806397 0.421986 0.006956 0.009274
3 0.750546 0.248773 0.011457 0.031642
4 0.771208 0.215494 0.005319 0.008729
4 0.885979 0.508456 0.008183 0.020731
3 0.843426 0.475177 0.013912 0.029460
3 0.912370 0.393617 0.010229 0.028914
3 0.848131 0.393344 0.010229 0.029460
3 0.716176 0.527550 0.008183 0.038189
3 0.755046 0.543372 0.013093 0.026187
5 0.679555 0.545554 0.011047 0.025095
5 0.673213 0.548827 0.011457 0.031642
3 0.871454 0.493726 0.006956 0.016367
3 0.854064 0.510366 0.005728 0.016912
3 0.860202 0.501637 0.006547 0.014730
3 0.864907 0.500818 0.007774 0.020731
3 0.733974 0.448718 0.012684 0.024550
5 0.674441 0.335243 0.012275 0.042008
5 0.695104 0.343153 0.006956 0.049100
3 0.688762 0.320513 0.008183 0.047463
3 0.674236 0.419804 0.015139 0.045281
3 0.702469 0.343153 0.011866 0.036007
3 0.794531 0.641844 0.008592 0.013639
3 0.902550 0.623022 0.009411 0.039280
3 0.809261 0.908620 0.008592 0.027823
3 0.799850 0.899618 0.005319 0.020731
3 0.821945 0.878342 0.006137 0.034915
4 0.831151 0.888161 0.012275 0.051282
3 0.790235 0.785325 0.013912 0.039825
3 0.813966 0.756137 0.018003 0.024004
3 0.598541 0.509820 0.015957 0.032188
1 0.577264 0.758865 0.050327 0.054555
4 0.418508 0.457447 0.013502 0.045281
4 0.436511 0.430987 0.011866 0.029460
4 0.445308 0.435625 0.011457 0.030005
3 0.430783 0.463175 0.010229 0.030551
3 0.441217 0.467540 0.010638 0.040371
3 0.442239 0.579105 0.011047 0.032188
4 0.443672 0.597927 0.021277 0.033824
4 0.460652 0.581560 0.025777 0.048009
3 0.433442 0.079651 0.012275 0.043644
5 0.037166 0.161211 0.033142 0.095472
5 0.008933 0.154937 0.011866 0.073104
3 0.010093 0.090562 0.020185 0.051282
3 0.011934 0.204310 0.023868 0.040917
0 0.500798 0.504255 0.994149 0.991489