5 0.600996 0.535734 0.029051 0.135297
5 0.587493 0.514457 0.015139 0.046918
5 0.576241 0.531097 0.018822 0.097654
5 0.564171 0.553191 0.029051 0.145117
5 0.546372 0.539280 0.016367 0.115112
5 0.527550 0.523186 0.024550 0.110202
5 0.516298 0.491817 0.025777 0.109656
5 0.477223 0.463721 0.013912 0.094926
5 0.486020 0.408074 0.011047 0.036007
5 0.495022 0.477360 0.020049 0.159302
5 0.472313 0.384343 0.018822 0.049645
5 0.475382 0.047736 0.028232 0.094381
5 0.503001 0.032733 0.028642 0.064375
5 0.067035 0.743863 0.019231 0.049645
5 0.109793 0.620567 0.014730 0.047463
5 0.031847 0.738407 0.011866 0.048554
5 0.015889 0.588380 0.014321 0.043099
5 0.043303 0.580742 0.008592 0.051828
5 0.036552 0.594926 0.010638 0.070376
0 0.495745 0.388298 0.991489 0.776596