0 0.500000 0.500000 1.000000 1.000000
4 0.455714 0.396213 0.021935 0.056980
4 0.569359 0.496811 0.010211 0.052442
4 0.553665 0.508408 0.018909 0.069586
4 0.528137 0.504626 0.014749 0.053955
4 0.460253 0.535638 0.018153 0.050425
4 0.426027 0.578751 0.021557 0.066057
4 0.413547 0.643043 0.028364 0.086731
4 0.404470 0.644808 0.013993 0.043870
4 0.399554 0.602199 0.021557 0.038323
4 0.316353 0.385876 0.007942 0.038323
5 0.336397 0.374026 0.010967 0.043870
1 0.346040 0.341250 0.012858 0.014623
1 0.402768 0.428485 0.050677 0.058997
1 0.450798 0.354613 0.020422 0.025212
1 0.476326 0.339737 0.013993 0.017649
1 0.475002 0.387389 0.025717 0.017144
1 0.528704 0.437057 0.014371 0.020674
1 0.552530 0.433527 0.012858 0.019666
1 0.542886 0.467816 0.054081 0.048912
1 0.451743 0.507904 0.029877 0.028238
1 0.452689 0.561859 0.030255 0.044374
1 0.403336 0.560598 0.053324 0.075133
4 0.396906 0.551774 0.012480 0.028238
4 0.391423 0.605980 0.016640 0.026725
4 0.358142 0.562867 0.018153 0.023195
1 0.776984 0.186950 0.014749 0.024708
1 0.957946 0.262839 0.036306 0.029246
1 0.930905 0.421678 0.070721 0.043365
1 0.885145 0.443865 0.020800 0.024204
1 0.943196 0.482187 0.031011 0.025212
1 0.903298 0.481431 0.027608 0.020674
1 0.814235 0.525301 0.056728 0.075133
1 0.877959 0.563624 0.034415 0.044878
1 0.840708 0.587827 0.033280 0.031768
1 0.765638 0.572700 0.028364 0.040844
1 0.805158 0.625394 0.046139 0.039331
4 0.886090 0.474624 0.015127 0.042357
4 0.875123 0.594131 0.019666 0.040340
4 0.769231 0.595643 0.011346 0.035297
4 0.977611 0.928951 0.033280 0.078663
5 0.952840 0.890376 0.040466 0.084209
5 0.988201 0.906512 0.023448 0.070091
1 0.975153 0.882813 0.020800 0.027734
1 0.857348 0.760785 0.027986 0.042861
5 0.272672 0.516224 0.012102 0.030759
1 0.019855 0.793309 0.023069 0.037314
1 0.028553 0.830371 0.027608 0.034793
1 0.006807 0.851801 0.013614 0.022187