0 0.500000 0.500000 1.000000 1.000000
1 0.392368 0.517989 0.008698 0.010085
1 0.409387 0.518998 0.007942 0.011093
5 0.367030 0.472355 0.008698 0.024708
5 0.414870 0.558077 0.018153 0.063031
5 0.400310 0.550261 0.018531 0.052442
5 0.385750 0.552530 0.020422 0.064040
5 0.388397 0.590349 0.022691 0.034793
5 0.395016 0.511182 0.014749 0.040844
5 0.381401 0.544966 0.006429 0.022691
4 0.793057 0.137534 0.017397 0.031768
5 0.827093 0.215692 0.022691 0.060006
5 0.803268 0.218466 0.016640 0.062527
5 0.782467 0.200565 0.018153 0.067065
5 0.815748 0.173083 0.014371 0.035297
5 0.512821 0.733303 0.011346 0.042357