2 0.377720 0.389669 0.026382 0.085831
2 0.397897 0.351487 0.022414 0.077007
2 0.481392 0.252099 0.043267 0.078796
2 0.442873 0.283758 0.042212 0.071760
2 0.405938 0.435721 0.037991 0.083017
2 0.440763 0.409690 0.037991 0.104123
2 0.477170 0.403358 0.034825 0.097087
2 0.496693 0.405469 0.035880 0.092866
2 0.533629 0.440645 0.033770 0.095680
2 0.510412 0.475822 0.027438 0.070353
2 0.486140 0.465973 0.040101 0.056283
2 0.649184 0.048544 0.041157 0.084424
0 0.210918 0.247663 0.050566 0.091694
0 0.238224 0.324074 0.004045 0.000000
0 0.241595 0.361830 0.047195 0.093492
0 0.349353 0.287891 0.063107 0.119094
0 0.040858 0.037217 0.002427 0.006472
0 0.961974 0.836570 0.000000 0.000000
5 0.500405 0.504045 0.999190 0.991909