1 0.785938 0.257501 0.117430 0.088380
1 0.725996 0.325150 0.045008 0.039280
1 0.828492 0.083742 0.065057 0.059465
1 0.758933 0.582924 0.050327 0.042008
1 0.967403 0.808238 0.063011 0.036552
1 0.676487 0.709493 0.040098 0.069285
1 0.521618 0.289416 0.076514 0.070376
1 0.594244 0.281506 0.056465 0.092744
5 0.642935 0.312330 0.011457 0.037643
1 0.532256 0.050736 0.045417 0.042553
1 0.501159 0.065466 0.017594 0.019640
1 0.331560 0.097109 0.047463 0.036007
1 0.248295 0.294872 0.047054 0.073650
1 0.316012 0.282597 0.033552 0.050191
1 0.289825 0.310693 0.022095 0.051828
4 0.431192 0.379978 0.020867 0.064921
1 0.378819 0.924168 0.069149 0.094926
1 0.322968 0.959356 0.059738 0.062739
4 0.025914 0.603655 0.029460 0.040917
4 0.004774 0.600109 0.009547 0.044735
4 0.497606 0.497872 0.987766 0.995744