5 0.712811 0.145278 0.012572 0.055876
5 0.723288 0.146210 0.015832 0.036630
5 0.724452 0.397032 0.021885 0.066431
5 0.712346 0.404172 0.010710 0.063327
5 0.839231 0.379338 0.007450 0.016142
5 0.763333 0.409139 0.025144 0.017384
5 0.937015 0.697212 0.008381 0.022351
5 0.994583 0.641336 0.010834 0.022351
5 0.989166 0.637611 0.007450 0.017384
5 0.895108 0.875706 0.014900 0.031663
5 0.830617 0.883777 0.011641 0.027938
5 0.598963 0.860185 0.012107 0.037872
5 0.591513 0.711492 0.013969 0.049668
5 0.600826 0.700006 0.015832 0.037872
5 0.574517 0.704663 0.023747 0.047184
5 0.658565 0.173217 0.013969 0.034767
1 0.620150 0.102750 0.043304 0.051530
5 0.583830 0.011175 0.016297 0.022350
5 0.398507 0.047184 0.019091 0.044701
5 0.385702 0.060222 0.008381 0.033526
5 0.372431 0.017694 0.018160 0.035388
5 0.468585 0.408518 0.014900 0.064568
5 0.486279 0.422487 0.013969 0.057739
5 0.494661 0.420314 0.021419 0.062085
5 0.510725 0.480536 0.012572 0.059601
5 0.483718 0.480847 0.017229 0.052772
5 0.501180 0.487676 0.011175 0.063947
5 0.519339 0.476190 0.016763 0.048426
5 0.442742 0.647855 0.015366 0.034147
5 0.460902 0.648476 0.014435 0.035388
5 0.450658 0.670516 0.009778 0.027317
5 0.360092 0.681691 0.013038 0.028559
5 0.378717 0.683243 0.013969 0.011796
5 0.353573 0.721115 0.009313 0.029180
5 0.337509 0.702800 0.023747 0.016142
5 0.343795 0.723598 0.011175 0.016763
5 0.301887 0.786925 0.010244 0.027938
1 0.263472 0.720184 0.086143 0.106786
5 0.055987 0.611293 0.006137 0.021277
5 0.063557 0.615930 0.007365 0.027278
5 0.070513 0.621658 0.004092 0.015821
5 0.075218 0.608565 0.023322 0.023459
5 0.085652 0.612657 0.018822 0.028369
5 0.098745 0.607201 0.013912 0.019640
5 0.091176 0.630387 0.008592 0.012548
5 0.082992 0.626568 0.003682 0.020185
5 0.076241 0.630387 0.017185 0.021277
5 0.165848 0.369613 0.012275 0.043099
5 0.149891 0.349427 0.012275 0.036552
5 0.190603 0.344244 0.024959 0.015276
3 0.009274 0.338243 0.018548 0.064375
3 0.016298 0.293781 0.022504 0.025641
0 0.498138 0.496809 0.996276 0.993617