0 0.500000 0.500000 1.000000 1.000000
4 0.519439 0.423443 0.017018 0.054963
1 0.500151 0.411341 0.012480 0.011598
4 0.494100 0.431763 0.017775 0.050425
1 0.407685 0.540680 0.024960 0.030255
1 0.970993 0.490255 0.035171 0.064544
5 0.961349 0.605224 0.034793 0.101858
5 0.924476 0.622116 0.044248 0.102362
5 0.880039 0.669011 0.037062 0.085218
5 0.845435 0.673045 0.031389 0.076141
5 0.748809 0.666742 0.034037 0.088748
4 0.932985 0.935255 0.017397 0.032776
1 0.624196 0.322845 0.015506 0.023195
1 0.472165 0.888612 0.051055 0.080680
1 0.392935 0.868946 0.014371 0.015127
5 0.431321 0.734312 0.021557 0.081688
5 0.537592 0.250233 0.023826 0.072612
4 0.517170 0.244686 0.025338 0.060510
1 0.346419 0.524796 0.015127 0.020674
1 0.285909 0.639261 0.020422 0.030759
1 0.239959 0.641026 0.011724 0.021178
1 0.258112 0.755238 0.012480 0.029751
1 0.211784 0.702796 0.034037 0.036810
1 0.219348 0.672541 0.012858 0.025717
5 0.176046 0.671281 0.007942 0.018153
5 0.110052 0.802385 0.020422 0.050425
5 0.098328 0.798351 0.013615 0.049416