4 0.534377 0.291329 0.009076 0.044878
1 0.530217 0.336964 0.009833 0.013110
1 0.537024 0.262083 0.003782 0.005547
1 0.589025 0.280488 0.013993 0.020170
1 0.708910 0.331921 0.013237 0.013110
1 0.728008 0.333434 0.010589 0.014119
1 0.742001 0.329148 0.006807 0.009581
4 0.740110 0.340746 0.006807 0.017649
4 0.748052 0.342259 0.011346 0.009581
1 0.760343 0.711873 0.017775 0.013615
1 0.740678 0.643043 0.010967 0.013110
1 0.699266 0.596652 0.015884 0.013110
1 0.533053 0.399743 0.019287 0.020674
1 0.516791 0.413105 0.004916 0.007059
1 0.495802 0.416635 0.013615 0.026221
1 0.511308 0.424199 0.008320 0.007059
1 0.516791 0.463782 0.013237 0.029751
1 0.477649 0.441595 0.009076 0.010589
1 0.788707 0.694476 0.010967 0.019161
5 0.785682 0.629680 0.023826 0.042861
4 0.565956 0.516224 0.028364 0.043870
4 0.504879 0.439326 0.016640 0.048408
1 0.502799 0.460253 0.013237 0.020674
3 0.107972 0.954164 0.012480 0.009076
3 0.102678 0.940297 0.008698 0.010589
1 0.091521 0.434284 0.016640 0.017144
0 0.500000 0.502212 1.000000 0.995575