2 0.861020 0.165030 0.009002 0.028914
2 0.805374 0.229133 0.015548 0.033824
1 0.739907 0.168031 0.018822 0.032733
5 0.835447 0.312057 0.018412 0.051282
5 0.873909 0.304965 0.018412 0.036007
5 0.892321 0.299509 0.019231 0.044735
5 0.901937 0.357883 0.009820 0.027278
5 0.797190 0.855428 0.013912 0.025095
5 0.814580 0.900436 0.019231 0.023459
5 0.678737 0.911075 0.027414 0.063284
1 0.778573 0.822695 0.024959 0.031642
1 0.855087 0.822149 0.022504 0.030551
1 0.728041 0.846427 0.032733 0.044190
1 0.773254 0.942990 0.027414 0.037643
1 0.701037 0.871795 0.024550 0.027278
1 0.663189 0.872613 0.024141 0.037643
5 0.696331 0.435079 0.029051 0.081288
2 0.561102 0.396345 0.018003 0.056192
2 0.518140 0.389798 0.010638 0.040917
5 0.510775 0.978178 0.009002 0.022913
5 0.502387 0.974086 0.011866 0.037643
5 0.446945 0.770867 0.009002 0.032733
5 0.460038 0.781779 0.012275 0.022913
2 0.436307 0.518549 0.035188 0.078014
2 0.481929 0.415439 0.024141 0.061648
2 0.489089 0.351337 0.018822 0.074195
2 0.473541 0.336607 0.024550 0.019640
1 0.466176 0.297872 0.036007 0.053464
1 0.472109 0.045554 0.024141 0.037643
1 0.393958 0.521277 0.037234 0.055101
1 0.375136 0.473813 0.029051 0.030005
5 0.312943 0.936443 0.022504 0.057283
5 0.192239 0.834697 0.023322 0.049100
5 0.110816 0.670486 0.008592 0.033824
5 0.100791 0.661484 0.006547 0.026732
3 0.110202 0.690671 0.014730 0.013093
3 0.095267 0.663666 0.006956 0.015821
1 0.013980 0.701582 0.027960 0.025095
0 0.498936 0.497872 0.997872 0.995744