2 0.441012 0.433988 0.013502 0.023459
2 0.443058 0.447900 0.013502 0.031642
2 0.469040 0.451446 0.021277 0.063830
2 0.562534 0.170486 0.021686 0.023459
2 0.551896 0.231315 0.017594 0.040371
1 0.510570 0.268685 0.055237 0.055101
1 0.566217 0.271140 0.027414 0.033824
1 0.497886 0.150300 0.038052 0.060556
1 0.552714 0.152482 0.036416 0.045281
1 0.548827 0.340971 0.049918 0.077469
1 0.585652 0.469722 0.045827 0.082924
1 0.555374 0.405619 0.033552 0.030005
1 0.395595 0.456628 0.032324 0.056738
1 0.131683 0.635570 0.050327 0.074195
1 0.247886 0.654664 0.051964 0.048009
1 0.123704 0.544190 0.055646 0.050736
1 0.233361 0.555919 0.041735 0.027278
1 0.189375 0.472177 0.063421 0.030005
1 0.218631 0.512002 0.026187 0.032188
0 0.498936 0.496809 0.997872 0.993617