1 0.884343 0.602837 0.030278 0.034915
1 0.880251 0.537916 0.014730 0.029460
1 0.936307 0.533006 0.044190 0.044735
1 0.912575 0.549645 0.018822 0.028914
1 0.938762 0.582651 0.027005 0.031642
5 0.620636 0.044190 0.006956 0.031642
1 0.607133 0.624113 0.053601 0.056738
1 0.593221 0.752046 0.048691 0.070376
2 0.487861 0.896345 0.018003 0.056738
2 0.547190 0.837152 0.018003 0.039825
2 0.506478 0.818331 0.012684 0.030551
2 0.517526 0.839607 0.019231 0.034915
5 0.526323 0.875068 0.013093 0.036007
1 0.438352 0.977632 0.115385 0.044735
2 0.412984 0.504637 0.018822 0.048009
5 0.302305 0.442444 0.011047 0.026187
2 0.293303 0.450900 0.007774 0.043099
2 0.284302 0.444354 0.008592 0.027823
1 0.132092 0.480633 0.032324 0.041462
1 0.182010 0.508456 0.041326 0.034915
1 0.155619 0.481724 0.022095 0.022913
1 0.201241 0.470540 0.017594 0.031097
1 0.111020 0.427714 0.033552 0.050191
1 0.136798 0.432079 0.014730 0.038189
1 0.187943 0.444354 0.017185 0.054010
1 0.157051 0.400709 0.046236 0.023459
2 0.157870 0.422259 0.010229 0.019640
2 0.158279 0.445990 0.011047 0.020185
5 0.174850 0.418985 0.018003 0.027278
0 0.495745 0.497872 0.991489 0.995744