0 0.033439 0.442604 0.065724 0.146822
0 0.094622 0.947365 0.144852 0.105270
0 0.189533 0.322046 0.106369 0.187563
0 0.301091 0.057869 0.062265 0.086095
1 0.389083 0.057869 0.008216 0.019986
1 0.406595 0.072859 0.010377 0.022292
1 0.413514 0.069784 0.010377 0.020755
1 0.388867 0.152804 0.012972 0.023830
1 0.408541 0.156263 0.014269 0.041510
1 0.423026 0.153572 0.008648 0.053040
2 0.430161 0.708191 0.017728 0.049197
2 0.414379 0.638239 0.015566 0.055347
2 0.427567 0.623634 0.015999 0.050734
2 0.496966 0.581227 0.021620 0.071489
2 0.460212 0.565469 0.017296 0.052272
2 0.477292 0.518193 0.025511 0.082251
2 0.503884 0.477837 0.018161 0.101469
2 0.520532 0.540101 0.018593 0.075333
2 0.610470 0.249788 0.024647 0.046122
2 0.635116 0.096176 0.022052 0.049966
2 0.675113 0.188036 0.028538 0.053809
2 0.648953 0.226087 0.024647 0.073027
2 0.643548 0.268365 0.019025 0.060727
1 0.625459 0.653741 0.015134 0.036129
1 0.658754 0.614537 0.014269 0.016143
1 0.652268 0.589555 0.013404 0.030748
1 0.672158 0.576487 0.018593 0.029211
2 0.711938 0.598779 0.023782 0.053809
2 0.738963 0.595704 0.019025 0.056884
2 0.752151 0.571106 0.022917 0.064571
2 0.743287 0.526521 0.015566 0.033823
2 0.730099 0.453110 0.021187 0.053040
2 0.785229 0.532671 0.023349 0.073795
2 0.807065 0.513069 0.014269 0.049966
2 0.763610 0.473481 0.014701 0.038435
2 0.795607 0.490776 0.019025 0.040741
0 0.868249 0.542279 0.071778 0.185257
0 0.756259 0.452469 0.107234 0.329005
0 0.581788 0.046466 0.080858 0.080714
0 0.669564 0.229802 0.095559 0.350528
0 0.591949 0.293220 0.086479 0.243679
0 0.478085 0.345107 0.067454 0.089169
0 0.399821 0.385592 0.128854 0.190638
0 0.667978 0.931627 0.092100 0.130679
0 0.649097 0.575334 0.108531 0.182182
0 0.394056 0.051463 0.097721 0.092244
0 0.505614 0.040337 0.045834 0.080674
5 0.503654 0.501499 0.992692 0.983324