0 0.141537 0.613160 0.045834 0.068030
0 0.228449 0.422426 0.063130 0.059382
2 0.189533 0.432803 0.015566 0.023638
2 0.344114 0.333833 0.017728 0.031709
2 0.350600 0.505254 0.029835 0.047852
2 0.460501 0.583469 0.015566 0.046699
2 0.452069 0.574245 0.023782 0.036321
2 0.413586 0.540230 0.022917 0.052464
2 0.430882 0.519475 0.023782 0.045546
2 0.498119 0.488054 0.024214 0.062265
2 0.487525 0.471911 0.013404 0.055347
2 0.476499 0.468740 0.028538 0.059382
2 0.456825 0.472488 0.015134 0.031132
2 0.469581 0.371403 0.028538 0.068030
2 0.557934 0.554643 0.022485 0.042086
2 0.574365 0.480847 0.020755 0.030556
2 0.587985 0.469893 0.012539 0.024791
2 0.565933 0.406187 0.015134 0.036898
0 0.474265 0.401671 0.086047 0.198902
5 0.501124 0.500000 0.997752 0.987071