2 0.245851 0.683831 0.063016 0.141219
0 0.336757 0.193361 0.291277 0.337949
0 0.486228 0.903328 0.173233 0.166249
2 0.627549 0.561497 0.045834 0.123761
2 0.590796 0.544201 0.021620 0.090707
2 0.560961 0.572643 0.035456 0.178339
2 0.544746 0.532286 0.030700 0.077639
0 0.615803 0.320637 0.057509 0.086863
0 0.617748 0.089642 0.045834 0.029211
2 0.778599 0.230058 0.022485 0.096856
0 0.814344 0.633627 0.076966 0.147591
2 0.861907 0.339086 0.036321 0.069952
0 0.872501 0.235695 0.051455 0.106081
5 0.500562 0.501921 0.983137 0.996158