4 0.761478 0.378817 0.016262 0.017144
4 0.773391 0.392935 0.008320 0.015127
4 0.493911 0.364193 0.012102 0.034289
4 0.476136 0.438066 0.023448 0.065048
4 0.484835 0.484709 0.027229 0.040340
4 0.492966 0.431510 0.009455 0.040844
5 0.516224 0.399491 0.005295 0.012102
1 0.489562 0.354865 0.008698 0.007564
1 0.516224 0.388397 0.014371 0.015127
1 0.489940 0.456975 0.007186 0.017144
5 0.472165 0.806419 0.031389 0.054459
4 0.117616 0.154174 0.015127 0.024708
1 0.147304 0.481431 0.010211 0.011598
0 0.500737 0.500000 0.998525 1.000000