0 0.502212 0.501229 0.995575 0.997542
5 0.898003 0.152157 0.020044 0.037819
5 0.397852 0.550513 0.037819 0.080175
5 0.408630 0.464034 0.034415 0.101858
5 0.354550 0.422434 0.045761 0.027734
5 0.322971 0.450420 0.053702 0.068578
5 0.274374 0.475884 0.047273 0.103371
5 0.235232 0.477901 0.022691 0.055972
5 0.233719 0.704813 0.034793 0.100345
5 0.200250 0.687921 0.032146 0.072612
1 0.190606 0.632706 0.014371 0.024708
1 0.232774 0.596904 0.020044 0.025717
1 0.093790 0.573961 0.062023 0.062527
1 0.024204 0.679853 0.038575 0.081688
5 0.052190 0.741371 0.033280 0.041348
5 0.012480 0.729269 0.017397 0.020170
1 0.013426 0.584550 0.026851 0.056476