1 0.018089 0.647367 0.013404 0.012684
1 0.036682 0.662934 0.008216 0.020755
1 0.027385 0.662069 0.005189 0.022485
1 0.020899 0.672158 0.013837 0.011531
1 0.019602 0.663222 0.012107 0.008648
1 0.079705 0.876633 0.012107 0.027673
1 0.093109 0.883263 0.017296 0.023638
1 0.098946 0.902577 0.009945 0.026520
0 0.181534 0.180189 0.079128 0.112999
1 0.181750 0.461438 0.010377 0.022485
1 0.218504 0.478157 0.014701 0.030556
1 0.209423 0.488246 0.019890 0.033439
1 0.199046 0.491705 0.012972 0.038051
1 0.187804 0.481616 0.015566 0.031709
0 0.164022 0.534080 0.071778 0.062841
0 0.251876 0.763951 0.155243 0.126972
0 0.309162 0.511661 0.115068 0.162021
0 0.576497 0.102861 0.058526 0.079357
2 0.576745 0.493034 0.029263 0.025130
2 0.579969 0.509898 0.019839 0.037695
2 0.601544 0.504276 0.026287 0.063486
2 0.623367 0.515519 0.026287 0.059518
2 0.644695 0.526100 0.029263 0.096551
2 0.632295 0.550238 0.022319 0.024468
4 0.607000 0.572722 0.024303 0.020501
4 0.636263 0.627280 0.032239 0.044969
4 0.614936 0.654063 0.021327 0.035049
4 0.590137 0.641829 0.024303 0.034388
2 0.704791 0.540649 0.025791 0.067454
0 0.950303 0.670927 0.098205 0.211619
5 0.503654 0.500984 0.992692 0.998032