2 0.443676 0.459406 0.041822 0.187250
4 0.467685 0.478682 0.027881 0.126669
2 0.847324 0.621600 0.023384 0.103396
2 0.832334 0.626396 0.023384 0.078880
2 0.815845 0.633325 0.020386 0.065022
2 0.911780 0.797480 0.007195 0.045835
2 0.899488 0.803343 0.012591 0.046901
2 0.873106 0.815601 0.014990 0.052231
2 0.892293 0.812936 0.010193 0.040506
2 0.881501 0.811337 0.010193 0.088473
0 0.888396 0.917127 0.139105 0.165745
2 0.867023 0.360195 0.012779 0.036142
2 0.852792 0.369488 0.012198 0.029946
2 0.888805 0.333863 0.014521 0.047501
2 0.894033 0.272937 0.029624 0.049566
2 0.966349 0.552264 0.013941 0.045436
1 0.057532 0.681684 0.029209 0.073169
1 0.161754 0.700566 0.025226 0.063728
1 0.026996 0.769015 0.026553 0.115655
1 0.134537 0.595533 0.031864 0.061368
5 0.502169 0.500000 0.995662 1.000000