5 0.816626 0.069831 0.011047 0.016367
5 0.962698 0.080742 0.009411 0.020731
5 0.573377 0.108838 0.010638 0.026732
2 0.564375 0.163121 0.009002 0.031642
2 0.571536 0.152482 0.010229 0.016912
2 0.601405 0.225859 0.008592 0.022913
2 0.610406 0.223950 0.011047 0.019094
2 0.575832 0.213857 0.008183 0.033824
2 0.628205 0.273322 0.015548 0.025095
2 0.495022 0.281506 0.006956 0.021822
2 0.502591 0.295417 0.008183 0.025641
1 0.499523 0.279596 0.051146 0.052919
5 0.484793 0.423077 0.023322 0.072559
5 0.499932 0.432624 0.009411 0.053464
5 0.509956 0.421986 0.011457 0.048554
5 0.523050 0.408893 0.011457 0.056192
5 0.601405 0.521277 0.013502 0.045281
5 0.544735 0.882706 0.009820 0.033824
5 0.558647 0.871795 0.012275 0.033824
5 0.535938 0.876432 0.010229 0.026732
5 0.535325 0.845881 0.009820 0.028914
2 0.393344 0.337425 0.015548 0.059465
2 0.435488 0.367158 0.020458 0.042553
2 0.430783 0.503819 0.016776 0.048554
2 0.446945 0.499454 0.014730 0.044190
1 0.447763 0.443808 0.024550 0.019094
1 0.385570 0.410529 0.038462 0.048554
1 0.443672 0.469176 0.025368 0.018549
1 0.295758 0.468358 0.031506 0.039825
1 0.281847 0.412439 0.047054 0.055646
5 0.280210 0.413803 0.011047 0.042008
5 0.244817 0.391708 0.012275 0.038189
5 0.182624 0.408074 0.012275 0.033824
2 0.167280 0.405346 0.013502 0.028369
0 0.496543 0.497872 0.993085 0.995744