2 0.383119 0.672719 0.049328 0.124551
2 0.306453 0.820783 0.021447 0.100404
2 0.282861 0.790281 0.025736 0.062276
2 0.298232 0.861453 0.032170 0.069901
2 0.236393 0.832221 0.018587 0.092778
2 0.247117 0.834763 0.018587 0.125822
2 0.268564 0.822054 0.025736 0.108029
0 0.219236 0.646917 0.087218 0.156324
3 0.286802 0.638114 0.030416 0.065087
2 0.271594 0.588548 0.015771 0.072096
2 0.319752 0.459177 0.016334 0.051068
2 0.331862 0.457675 0.012392 0.060080
2 0.341156 0.462681 0.012955 0.050067
2 0.351012 0.466687 0.019151 0.078104
2 0.259184 0.473552 0.015653 0.036523
3 0.269211 0.468334 0.013207 0.046958
2 0.177270 0.530975 0.014298 0.051685
2 0.211347 0.539448 0.009055 0.034739
2 0.198240 0.522503 0.010485 0.048295
2 0.187040 0.514453 0.012868 0.061005
2 0.206343 0.527586 0.012392 0.063547
2 0.185372 0.534365 0.041941 0.083881
2 0.132946 0.411676 0.017158 0.037281
0 0.132470 0.412567 0.047660 0.074473
2 0.529114 0.559413 0.019064 0.099980
2 0.534595 0.650072 0.024307 0.074561
2 0.519255 0.563711 0.030979 0.064394
0 0.568344 0.875763 0.170146 0.248474
2 0.586455 0.480306 0.024307 0.060157
2 0.596940 0.623497 0.026213 0.078798
2 0.574778 0.614601 0.021924 0.054226
2 0.553808 0.618837 0.033362 0.074561
2 0.544753 0.558371 0.019064 0.054844
2 0.562625 0.507110 0.021447 0.079874
2 0.602659 0.543429 0.030979 0.084729
2 0.586455 0.515468 0.024307 0.164374
2 0.552378 0.517816 0.043847 0.138108
0 0.486131 0.299128 0.049566 0.089812
2 0.448241 0.488240 0.012868 0.043212
2 0.457058 0.481462 0.013345 0.039822
0 0.587170 0.432743 0.048613 0.101674
2 0.745128 0.931292 0.004289 0.034739
2 0.729162 0.938494 0.008579 0.033891
2 0.742030 0.923243 0.008579 0.055921
2 0.730830 0.929174 0.017634 0.064394
2 0.710842 0.895282 0.006672 0.033891
2 0.703932 0.894859 0.010009 0.036433
2 0.705123 0.877066 0.020970 0.043212
2 0.724007 0.739425 0.013120 0.051510
4 0.737401 0.702007 0.016947 0.029157
2 0.697493 0.372142 0.023508 0.062201
2 0.760635 0.437744 0.018587 0.051510
2 0.751342 0.389636 0.009840 0.066088
2 0.718540 0.383805 0.022961 0.062201
2 0.736308 0.381861 0.014761 0.077751
0 0.765009 0.398383 0.051389 0.081639
4 0.679999 0.378075 0.020227 0.052482
2 0.801079 0.428491 0.019134 0.070948
2 0.815293 0.432865 0.012574 0.066088
2 0.826773 0.420230 0.012574 0.075807
2 0.837707 0.414885 0.013667 0.074835
2 0.846454 0.417315 0.015854 0.073863
2 0.856294 0.411969 0.021321 0.067060
2 0.047342 0.592616 0.014298 0.045754
2 0.024942 0.554488 0.011438 0.050837
2 0.036380 0.557453 0.013345 0.036433
0 0.016284 0.464675 0.032568 0.077950
2 0.096432 0.551946 0.015251 0.059310
2 0.064976 0.516783 0.017158 0.036433
2 0.257522 0.519581 0.011438 0.025419
2 0.261097 0.541187 0.009055 0.021182
2 0.035189 0.705384 0.021447 0.063547
2 0.026610 0.763847 0.025260 0.044906
0 0.032488 0.899378 0.064976 0.149970
5 0.291890 0.635217 0.583780 0.729565