5 0.925989 0.178630 0.013993 0.036306
1 0.747731 0.162977 0.007963 0.009556
1 0.777194 0.158199 0.008759 0.008494
1 0.758282 0.181823 0.010750 0.007963
1 0.759078 0.198811 0.010750 0.007963
1 0.754698 0.213941 0.009158 0.012741
1 0.774407 0.231990 0.009556 0.008494
4 0.771022 0.168551 0.008361 0.009025
4 0.731406 0.217657 0.013537 0.046717
4 0.753106 0.242608 0.017121 0.028667
4 0.599618 0.233052 0.011148 0.010617
4 0.609970 0.276052 0.005574 0.011679
1 0.643415 0.328078 0.009556 0.011679
1 0.633660 0.293837 0.011546 0.011148
1 0.622910 0.294102 0.011546 0.012741
1 0.610965 0.224293 0.010750 0.013272
1 0.602405 0.269947 0.006370 0.012210
1 0.517399 0.396295 0.009158 0.012210
1 0.441750 0.354356 0.008361 0.007963
1 0.435778 0.372405 0.009158 0.009025
1 0.449912 0.380634 0.015130 0.020173
4 0.495700 0.389924 0.016722 0.034507
5 0.481167 0.427616 0.029861 0.073791
5 0.508043 0.431863 0.025482 0.088655
5 0.507844 0.403196 0.011546 0.023889
5 0.581701 0.429208 0.019908 0.015395
5 0.553830 0.437968 0.023889 0.069013
1 0.588868 0.410628 0.008759 0.009025
1 0.399745 0.493444 0.019111 0.019642
1 0.369087 0.498487 0.046982 0.050964
1 0.425824 0.529543 0.005972 0.011148
1 0.335643 0.436906 0.009556 0.008494
1 0.349578 0.418591 0.008759 0.010087
1 0.361523 0.411690 0.007167 0.006901
1 0.362120 0.370016 0.016324 0.006370
1 0.363712 0.386473 0.008361 0.008494
1 0.373666 0.389128 0.006769 0.015926
1 0.378046 0.363646 0.015528 0.014864
1 0.339027 0.360195 0.009954 0.009025
1 0.316730 0.331528 0.007565 0.011148
1 0.315337 0.382757 0.011945 0.009556
1 0.306777 0.395233 0.006769 0.007963
1 0.315735 0.433986 0.009556 0.006901
1 0.319119 0.413813 0.008361 0.004778
4 0.333652 0.320646 0.011945 0.013803
4 0.318124 0.339757 0.011148 0.012741
4 0.370481 0.351436 0.007565 0.011679
4 0.381032 0.377183 0.007963 0.016457
4 0.325888 0.418060 0.008361 0.015395
4 0.413481 0.534852 0.013935 0.038754
4 0.362319 0.527154 0.007167 0.022297
4 0.353759 0.530605 0.012343 0.034507
5 0.341217 0.484154 0.027074 0.064766
1 0.241280 0.396825 0.014333 0.014333
1 0.258799 0.400011 0.011148 0.012210
1 0.254818 0.378510 0.014333 0.012741
1 0.245859 0.415140 0.010750 0.008494
4 0.123825 0.125285 0.014333 0.006370
4 0.110288 0.106705 0.005574 0.008494
4 0.117057 0.105112 0.006370 0.006370
4 0.041010 0.260392 0.015130 0.019642
4 0.010551 0.261454 0.017121 0.009025
5 0.007963 0.222965 0.015130 0.021235
0 0.500000 0.292961 1.000000 0.581781