0 0.500000 0.500000 1.000000 1.000000
5 0.485402 0.383103 0.018531 0.038827
5 0.507904 0.426216 0.015884 0.043365
5 0.536268 0.444117 0.015884 0.038827
5 0.510740 0.470338 0.017018 0.035802
3 0.496369 0.430754 0.016262 0.039331
1 0.556123 0.390666 0.017775 0.012606
1 0.499584 0.380834 0.010589 0.009076
1 0.682437 0.403020 0.026095 0.023195
5 0.689244 0.349066 0.017775 0.041348
5 0.739543 0.412853 0.020800 0.053955
5 0.820286 0.099211 0.007564 0.017649
5 0.892330 0.437561 0.021557 0.047904
5 0.953218 0.387893 0.017018 0.011093
5 0.930527 0.478406 0.023069 0.045887
5 0.945466 0.492020 0.017397 0.045887
5 0.969102 0.447899 0.014749 0.043365
5 0.970237 0.470085 0.029877 0.037314
5 0.992020 0.455714 0.015959 0.046895
1 0.970804 0.419156 0.034037 0.029246
1 0.967589 0.353856 0.015506 0.011598
5 0.875690 0.751456 0.010211 0.025212
5 0.884578 0.751960 0.010589 0.029246
5 0.887603 0.739102 0.007564 0.022691
3 0.892709 0.713133 0.012480 0.021178
3 0.882308 0.715907 0.009076 0.020674
5 0.595643 0.151401 0.006051 0.019161
5 0.600938 0.142324 0.006051 0.014119
5 0.256032 0.280992 0.012102 0.031263
5 0.266999 0.283009 0.012102 0.034289
5 0.280236 0.298137 0.017397 0.014119
5 0.278912 0.277967 0.013993 0.037314
5 0.291582 0.283514 0.015127 0.032272
1 0.288934 0.260066 0.006807 0.015632
5 0.172264 0.094673 0.022313 0.031768
1 0.187013 0.022061 0.020044 0.024708
1 0.162620 0.050803 0.014371 0.009581
5 0.161486 0.060888 0.018909 0.035802
5 0.161296 0.022313 0.019287 0.035297
5 0.015127 0.086353 0.015127 0.031263
5 0.033091 0.090387 0.017018 0.034289
5 0.041979 0.091647 0.018153 0.019666