5 0.473489 0.405290 0.013615 0.051938
5 0.458929 0.413862 0.016262 0.050929
5 0.445503 0.420165 0.016640 0.065552
5 0.433969 0.414366 0.021557 0.058997
5 0.421489 0.401003 0.013237 0.047399
5 0.407307 0.404029 0.026473 0.059501
1 0.816126 0.301667 0.061266 0.096816
1 0.733681 0.250990 0.031768 0.044878
5 0.747485 0.276706 0.018531 0.031768
5 0.740867 0.739858 0.021178 0.057484
5 0.717987 0.762802 0.015506 0.029751
5 0.719688 0.731538 0.019666 0.037819
5 0.706074 0.716915 0.020422 0.038827
5 0.703426 0.741875 0.018153 0.046391
5 0.691135 0.722966 0.016262 0.045887
5 0.357008 0.367975 0.018153 0.056980
5 0.234286 0.394700 0.018531 0.024708
5 0.221428 0.403020 0.007942 0.020170
5 0.217079 0.587323 0.008320 0.027734
5 0.211973 0.581776 0.007186 0.016640
5 0.208570 0.594131 0.009455 0.013110
5 0.194010 0.590349 0.011346 0.020674
5 0.079041 0.606989 0.031011 0.017649
5 0.055972 0.548748 0.017397 0.039331
5 0.009076 0.682878 0.016640 0.061518
5 0.043681 0.538663 0.009455 0.024204
5 0.035360 0.547740 0.016262 0.032272
5 0.023448 0.546227 0.015884 0.024204
1 0.007564 0.641026 0.010589 0.020170
1 0.055026 0.624133 0.025338 0.036810
0 0.500000 0.500000 1.000000 1.000000