5 0.950218 0.558647 0.025368 0.057829
5 0.796577 0.812875 0.012684 0.042553
1 0.838516 0.850791 0.031915 0.048554
1 0.954514 0.945172 0.054419 0.034370
1 0.708606 0.765139 0.074877 0.119476
1 0.704310 0.872613 0.036825 0.032188
2 0.679760 0.880524 0.027005 0.057829
5 0.607747 0.447081 0.017185 0.054010
5 0.586675 0.417076 0.016776 0.064921
3 0.485406 0.375614 0.013912 0.046372
3 0.495431 0.367976 0.011866 0.033279
5 0.605292 0.243590 0.019640 0.070376
2 0.394776 0.319967 0.017594 0.072559
3 0.408688 0.358702 0.021686 0.033279
1 0.383320 0.282051 0.023322 0.048009
1 0.409711 0.279596 0.018003 0.043099
1 0.382911 0.325150 0.014321 0.031642
1 0.361020 0.146208 0.040917 0.032733
1 0.345881 0.163121 0.051555 0.039280
2 0.352632 0.149482 0.010229 0.017458
2 0.440807 0.950082 0.009002 0.023459
3 0.248909 0.828969 0.011457 0.030005
5 0.207379 0.818058 0.016776 0.040917
2 0.146208 0.890344 0.012275 0.033824
2 0.164621 0.927987 0.007365 0.037098
2 0.125136 0.861157 0.014321 0.031097
1 0.246863 0.897163 0.039280 0.055101
1 0.167485 0.844790 0.036007 0.032188
1 0.166871 0.980633 0.032324 0.038734
1 0.130456 0.936170 0.036416 0.056738
2 0.068876 0.667485 0.011457 0.022368
1 0.118181 0.618658 0.021686 0.025095
1 0.095063 0.433442 0.021277 0.056192
1 0.273459 0.300873 0.025368 0.020185
1 0.062534 0.404801 0.016776 0.021822
3 0.094449 0.756410 0.011866 0.016912
1 0.074604 0.723131 0.028642 0.028914
5 0.198786 0.240044 0.020867 0.048009
5 0.167076 0.213039 0.026187 0.051828
1 0.060897 0.466176 0.022504 0.035461
1 0.173213 0.898254 0.019640 0.028914
0 0.498138 0.498936 0.996276 0.997872