0 0.500000 0.500000 1.000000 1.000000
1 0.395205 0.501853 0.020422 0.019161
5 0.423569 0.588332 0.029499 0.082192
5 0.403714 0.554295 0.031389 0.064544
5 0.398797 0.601946 0.025338 0.066057
5 0.377241 0.606989 0.034415 0.096311
5 0.965509 0.516981 0.011346 0.034289
5 0.939225 0.534629 0.017018 0.035297
5 0.908403 0.541437 0.018153 0.037819
5 0.891952 0.239896 0.039710 0.105388
5 0.853944 0.298893 0.041600 0.092277
5 0.821799 0.278975 0.031768 0.091773
3 0.897814 0.276202 0.044626 0.065048
1 0.795515 0.214432 0.007942 0.018153
4 0.811588 0.390162 0.008320 0.024708
3 0.549126 0.031326 0.032524 0.062652
3 0.319378 0.667751 0.014749 0.023195
5 0.333182 0.424955 0.027986 0.064040
5 0.310680 0.427476 0.027608 0.073116
5 0.280803 0.419661 0.029120 0.063535
5 0.323538 0.135012 0.013993 0.039836
5 0.334695 0.134004 0.015127 0.031768
5 0.250359 0.374026 0.027986 0.057989
5 0.192497 0.356125 0.015127 0.014119
5 0.002836 0.393440 0.004160 0.022187