0 0.775925 0.761974 0.235440 0.150764
1 0.509507 0.390227 0.037175 0.121850
1 0.512605 0.507947 0.040273 0.109459
2 0.498664 0.590557 0.037175 0.105328
2 0.397982 0.562676 0.043371 0.165221
2 0.417344 0.543056 0.044919 0.208591
2 0.457665 0.531697 0.045016 0.214787
2 0.720831 0.516071 0.044023 0.101741
2 0.740886 0.586507 0.037175 0.070436
2 0.813279 0.529115 0.035218 0.096524
2 0.788332 0.649117 0.022500 0.070436
2 0.772680 0.638682 0.028370 0.065219
2 0.725722 0.659552 0.036196 0.060001
2 0.838714 0.653031 0.031305 0.091306
2 0.827464 0.628900 0.030327 0.126524
2 0.839692 0.630856 0.078263 0.117394
2 0.781974 0.575420 0.046958 0.126524
5 0.500000 0.500000 1.000000 1.000000