0 0.500000 0.500000 1.000000 1.000000
3 0.418841 0.484961 0.029120 0.077150
3 0.462900 0.337468 0.021178 0.067569
3 0.437183 0.362428 0.015884 0.060006
3 0.429620 0.299145 0.027986 0.075637
3 0.398230 0.250737 0.032524 0.085722
1 0.420165 0.447394 0.039331 0.026221
1 0.437751 0.425712 0.010967 0.019161
1 0.449474 0.322089 0.016262 0.025717
1 0.461009 0.291077 0.028742 0.031263
1 0.443423 0.288052 0.009455 0.011093
1 0.438507 0.240905 0.013993 0.022691
1 0.420354 0.262083 0.008698 0.016640
1 0.421299 0.224264 0.021935 0.039836
1 0.401256 0.242922 0.009833 0.012606
1 0.406172 0.204851 0.014371 0.033280
1 0.392557 0.207372 0.006807 0.011093
1 0.372703 0.318811 0.057106 0.055467
1 0.371379 0.223256 0.025717 0.043870
1 0.995235 0.154426 0.009530 0.019161
1 0.989146 0.238636 0.020800 0.029246
1 0.970237 0.211154 0.006429 0.009581
1 0.778118 0.354360 0.020044 0.014623
1 0.786816 0.307970 0.001891 0.005547
3 0.797595 0.341502 0.016640 0.029246
3 0.780765 0.374783 0.014749 0.033280
3 0.756183 0.364698 0.012480 0.031263
5 0.666553 0.277715 0.013993 0.045887
3 0.669390 0.305196 0.011346 0.014119
3 0.679033 0.294355 0.013237 0.029751
5 0.696997 0.243678 0.012102 0.037314
5 0.681681 0.256284 0.021557 0.040340
4 0.557825 0.114086 0.008320 0.023195
4 0.486347 0.067695 0.015127 0.032272
5 0.453067 0.115599 0.009833 0.047399
5 0.486726 0.107279 0.015127 0.039836
5 0.473867 0.083327 0.013615 0.046391
5 0.470464 0.042735 0.015884 0.035802
3 0.463278 0.108287 0.015127 0.026725
3 0.467627 0.131231 0.011724 0.022187
3 0.224075 0.016766 0.012480 0.029246
3 0.206868 0.008950 0.007564 0.017649
1 0.174722 0.594131 0.015884 0.019161
1 0.126881 0.562615 0.013237 0.026725
1 0.149573 0.576482 0.012480 0.025212
1 0.077717 0.595895 0.027608 0.018657
5 0.031011 0.675567 0.042357 0.114464
3 0.009833 0.578751 0.019666 0.083201