1 0.854890 0.063661 0.008698 0.009076
1 0.865857 0.073494 0.007186 0.009581
1 0.842410 0.077024 0.007942 0.008572
1 0.898381 0.288304 0.015506 0.018657
1 0.925422 0.301667 0.009076 0.007059
1 0.937335 0.452437 0.006429 0.020170
3 0.580894 0.881300 0.016640 0.057989
3 0.659179 0.385624 0.020422 0.068074
1 0.637055 0.266873 0.021557 0.021178
1 0.569548 0.249981 0.007564 0.006555
1 0.529839 0.758515 0.015884 0.021178
1 0.533810 0.709351 0.018531 0.019666
1 0.515090 0.726244 0.011346 0.017144
1 0.502042 0.741623 0.008698 0.013615
1 0.502799 0.706830 0.008698 0.019666
4 0.505635 0.720697 0.005295 0.016136
3 0.495991 0.721957 0.004916 0.012606
3 0.504690 0.714142 0.010211 0.020170
1 0.338098 0.833144 0.012858 0.035297
3 0.476326 0.293599 0.004160 0.012102
3 0.481053 0.459748 0.005295 0.015632
3 0.079230 0.460505 0.004160 0.015127
3 0.083768 0.461261 0.007942 0.016640
0 0.500000 0.500000 1.000000 1.000000