2 0.109094 0.011464 0.011982 0.018343
2 0.084465 0.133354 0.012426 0.024260
2 0.121742 0.500996 0.016863 0.031360
2 0.193411 0.493304 0.029733 0.032543
2 0.178767 0.515493 0.031508 0.023668
2 0.229579 0.569633 0.020414 0.034910
2 0.234239 0.536498 0.020857 0.046744
2 0.255540 0.530285 0.018195 0.043786
2 0.144670 0.345379 0.034614 0.044377
2 0.151327 0.377627 0.030177 0.024851
2 0.156874 0.393603 0.027070 0.037869
2 0.193929 0.366385 0.035502 0.067454
2 0.224993 0.352184 0.029289 0.059170
2 0.184166 0.311061 0.033727 0.032543
0 0.878598 0.081975 0.119375 0.076921
2 0.957146 0.190552 0.011094 0.026626
2 0.964025 0.190256 0.009763 0.015384
0 0.950712 0.171617 0.064791 0.104731
0 0.972249 0.313625 0.055501 0.085796
0 0.890802 0.524467 0.055916 0.076329
0 0.783853 0.576536 0.060353 0.056211
0 0.928079 0.894081 0.089642 0.136682
0 0.728455 0.831065 0.042159 0.056803
0 0.781042 0.928104 0.052365 0.080471
0 0.523653 0.907394 0.098518 0.062720
0 0.529200 0.308694 0.063460 0.057395
2 0.545620 0.496854 0.014645 0.033727
2 0.525428 0.494191 0.016863 0.046152
2 0.513668 0.484428 0.012869 0.025443
2 0.491258 0.448631 0.021301 0.036685
2 0.471510 0.475257 0.011982 0.030768
2 0.485045 0.473186 0.015976 0.026626
2 0.488151 0.482653 0.015088 0.025443
2 0.496583 0.498629 0.012426 0.036094
2 0.511893 0.400703 0.015532 0.033135
2 0.527869 0.411354 0.013757 0.026035
0 0.500947 0.053771 0.034171 0.050886
0 0.377578 0.121224 0.043934 0.075737
0 0.562409 0.207612 0.057691 0.086388
5 0.509709 0.502938 0.980582 0.994123