1 0.816012 0.174577 0.053191 0.048009
1 0.857542 0.217949 0.030687 0.013639
5 0.823786 0.100382 0.033552 0.058920
5 0.658483 0.699673 0.021277 0.042008
5 0.710038 0.683579 0.015548 0.024004
5 0.729678 0.678123 0.018822 0.020731
5 0.720676 0.696672 0.019640 0.028369
5 0.524891 0.059193 0.007774 0.012548
5 0.514866 0.074468 0.008183 0.015821
1 0.509956 0.054283 0.031915 0.036552
1 0.424850 0.629569 0.051555 0.060011
1 0.475996 0.415439 0.028642 0.040917
1 0.391298 0.467812 0.024550 0.036552
5 0.397640 0.498636 0.007774 0.028369
5 0.412166 0.467267 0.011457 0.019094
5 0.413393 0.493453 0.010638 0.034370
5 0.433647 0.413530 0.011047 0.031642
5 0.425873 0.375068 0.011047 0.033279
5 0.413803 0.395254 0.007365 0.032188
5 0.397027 0.401255 0.013093 0.026732
1 0.396618 0.374523 0.024550 0.021277
1 0.437739 0.381069 0.015139 0.031097
1 0.417076 0.436716 0.027823 0.034370
5 0.429965 0.459629 0.015139 0.033279
5 0.464130 0.263502 0.008183 0.015276
5 0.451241 0.267594 0.005319 0.011457
5 0.457788 0.271140 0.006956 0.018549
5 0.457174 0.304419 0.015548 0.029460
5 0.295758 0.094108 0.013502 0.036552
1 0.327264 0.152482 0.024959 0.046372
5 0.196331 0.108565 0.012684 0.031642
5 0.202878 0.145936 0.017594 0.028914
5 0.261593 0.275777 0.011457 0.027823
5 0.277960 0.263230 0.013912 0.033279
5 0.285325 0.301964 0.014730 0.025641
3 0.159915 0.741680 0.012684 0.028914
5 0.125750 0.617567 0.009820 0.029460
5 0.109384 0.623841 0.009820 0.018003
5 0.089744 0.619203 0.007365 0.019640
5 0.119613 0.647300 0.009002 0.026732
5 0.106519 0.650027 0.004910 0.024550
5 0.093631 0.653846 0.006137 0.030005
5 0.120431 0.683852 0.013912 0.035461
5 0.004364 0.671031 0.008728 0.017458
1 0.041258 0.686307 0.061784 0.045827
5 0.108974 0.457992 0.011457 0.030005
5 0.158893 0.428532 0.006547 0.019094
5 0.146208 0.428805 0.009002 0.016367
5 0.152960 0.433442 0.008592 0.023459
0 0.501064 0.497872 0.997872 0.995744