2 0.843631 0.099836 0.008592 0.027278
1 0.806601 0.126568 0.033552 0.031642
1 0.833402 0.080742 0.042962 0.063284
1 0.870022 0.111839 0.023732 0.030551
1 0.815807 0.894981 0.020049 0.027823
5 0.757501 0.820240 0.009820 0.026732
5 0.749318 0.800600 0.007365 0.016912
2 0.685284 0.991544 0.006137 0.016912
1 0.728860 0.822422 0.015548 0.028914
2 0.649482 0.489089 0.008183 0.018003
2 0.639662 0.486361 0.006547 0.015821
2 0.654187 0.458811 0.004501 0.013093
2 0.778369 0.417076 0.000000 0.000546
5 0.700014 0.270049 0.009411 0.018549
5 0.705537 0.237316 0.005728 0.025095
5 0.713925 0.231860 0.007774 0.021822
5 0.713107 0.248500 0.006137 0.014730
5 0.680783 0.240862 0.007774 0.023459
5 0.673827 0.199945 0.009411 0.027823
5 0.686511 0.216039 0.011866 0.029460
5 0.644776 0.108020 0.006956 0.020731
5 0.648868 0.101200 0.007774 0.025641
5 0.597109 0.012275 0.004910 0.011457
5 0.600177 0.026732 0.006956 0.019640
5 0.600586 0.145117 0.009411 0.016367
5 0.594244 0.150300 0.008183 0.020185
5 0.584424 0.346972 0.013912 0.036007
5 0.588721 0.410256 0.008592 0.032733
5 0.597109 0.405074 0.008183 0.034370
5 0.615726 0.356792 0.006956 0.029460
5 0.622272 0.385434 0.015957 0.037643
5 0.608565 0.381069 0.010638 0.042008
3 0.632092 0.359247 0.018412 0.043099
3 0.634956 0.413803 0.007774 0.024550
3 0.618999 0.414894 0.011047 0.018003
3 0.609384 0.413530 0.009820 0.033824
5 0.600382 0.927169 0.011457 0.018003
5 0.610406 0.923622 0.011047 0.018549
5 0.585038 0.958811 0.007774 0.021277
5 0.663189 0.603382 0.015139 0.040371
5 0.464744 0.459356 0.011047 0.028369
5 0.453492 0.465630 0.008183 0.033279
5 0.461879 0.473268 0.006137 0.020185
5 0.450627 0.480360 0.003273 0.027823
5 0.445104 0.450355 0.014321 0.027823
5 0.464539 0.482270 0.007365 0.013093
1 0.425055 0.319149 0.031506 0.020731
1 0.455947 0.227769 0.022913 0.027823
1 0.465767 0.269776 0.023732 0.030005
1 0.429351 0.223404 0.021277 0.026732
1 0.420145 0.256410 0.024141 0.039280
2 0.436307 0.262957 0.016367 0.028369
5 0.329924 0.458538 0.009820 0.028914
5 0.339130 0.471086 0.007774 0.024550
5 0.340767 0.482815 0.007774 0.019640
5 0.347109 0.478996 0.005728 0.028369
5 0.353655 0.486907 0.004092 0.027823
5 0.360816 0.487179 0.010229 0.031642
5 0.372886 0.482270 0.011457 0.026187
5 0.381069 0.512275 0.011457 0.034915
5 0.382706 0.390616 0.011457 0.021822
5 0.372681 0.394435 0.006956 0.028369
5 0.365112 0.387616 0.006547 0.025641
5 0.241544 0.212766 0.019640 0.037098
5 0.224564 0.206765 0.014321 0.036007
5 0.199604 0.214675 0.017594 0.037643
3 0.215153 0.680578 0.011866 0.031097
3 0.220063 0.672122 0.011047 0.031642
3 0.281438 0.701582 0.007774 0.030551
3 0.245431 0.672395 0.012684 0.031097
3 0.253614 0.668576 0.013502 0.030005
3 0.155619 0.698309 0.012275 0.030551
5 0.375136 0.851064 0.006956 0.025095
5 0.381683 0.844790 0.008592 0.028914
5 0.236020 0.879978 0.011047 0.033824
5 0.247068 0.855974 0.004501 0.022913
5 0.250955 0.864430 0.011457 0.013639
5 0.195513 0.902346 0.009411 0.033824
5 0.201241 0.873704 0.006137 0.012548
5 0.185079 0.807965 0.013912 0.030551
5 0.123500 0.935625 0.008592 0.022913
5 0.115930 0.929624 0.007365 0.020731
4 0.142935 0.791598 0.012275 0.017458
4 0.151323 0.784506 0.006956 0.015276
3 0.157460 0.780960 0.011047 0.010366
5 0.138025 0.013093 0.006547 0.021822
5 0.104883 0.012002 0.003273 0.016367
5 0.096495 0.007911 0.005319 0.014730
1 0.105701 0.045827 0.027823 0.025095
1 0.123295 0.009002 0.008183 0.014730
5 0.067649 0.308238 0.013093 0.018549
5 0.085857 0.397163 0.011866 0.024004
5 0.076855 0.396345 0.012684 0.024550
5 0.021208 0.419258 0.014321 0.028914
5 0.018753 0.384888 0.015957 0.024550
5 0.011593 0.402346 0.014730 0.009274
5 0.078696 0.445990 0.009002 0.028914
5 0.072559 0.442990 0.006547 0.022913
5 0.067649 0.446809 0.012275 0.026187
4 0.056397 0.448445 0.012684 0.037098
5 0.116748 0.459356 0.007365 0.022913
5 0.093835 0.470267 0.008183 0.022913
5 0.079719 0.478451 0.010229 0.016367
5 0.088107 0.477087 0.004910 0.023459
5 0.067444 0.534370 0.007774 0.028914
5 0.075218 0.519367 0.009411 0.017458
5 0.082583 0.517458 0.006137 0.016912
5 0.054965 0.542008 0.009002 0.021277
5 0.046577 0.540098 0.006956 0.027278
5 0.092199 0.722859 0.009002 0.029460
5 0.103860 0.718767 0.008592 0.026732
5 0.108974 0.715767 0.009002 0.024004
4 0.055783 0.795963 0.018822 0.019640
4 0.004569 0.718767 0.009138 0.025641
4 0.010570 0.716039 0.009411 0.030005
4 0.016912 0.716312 0.009002 0.022913
5 0.087493 0.957992 0.008592 0.026187
5 0.094858 0.954173 0.008592 0.026187
3 0.200627 0.048009 0.005728 0.019640
3 0.207583 0.052646 0.009002 0.024550
5 0.438557 0.169940 0.005319 0.026732
5 0.445922 0.170758 0.005319 0.019640
1 0.608156 0.484724 0.022095 0.022368
0 0.500000 0.498936 0.995745 0.993617