4 0.434053 0.703707 0.031565 0.079176
4 0.429080 0.759438 0.020755 0.055347
4 0.449619 0.730996 0.018593 0.058421
2 0.493507 0.440939 0.038916 0.121455
2 0.519234 0.430561 0.023782 0.083789
2 0.537179 0.468612 0.029403 0.103006
2 0.575302 0.470150 0.024647 0.084557
2 0.598651 0.423259 0.032430 0.109156
0 0.698967 0.251326 0.086047 0.159890
2 0.675329 0.035084 0.027241 0.070168
2 0.748836 0.045462 0.031565 0.090923
2 0.767645 0.025475 0.028538 0.050950
0 0.397876 0.645542 0.048861 0.071489
5 0.500281 0.503420 0.999438 0.993160