1 0.507911 0.648936 0.052373 0.072559
1 0.537370 0.716312 0.049918 0.064375
1 0.581765 0.666121 0.028232 0.040371
1 0.377796 0.223404 0.036007 0.066012
1 0.402960 0.312602 0.040507 0.053464
1 0.460857 0.337425 0.039280 0.043099
5 0.400095 0.255319 0.009411 0.027278
5 0.465357 0.380797 0.018822 0.053464
5 0.445104 0.353246 0.015957 0.044190
5 0.436102 0.385434 0.008592 0.046372
5 0.424236 0.385979 0.011047 0.058374
3 0.415030 0.370977 0.022095 0.015276
5 0.396618 0.354064 0.010638 0.039280
5 0.304760 0.623841 0.004501 0.015821
5 0.309670 0.623841 0.006137 0.015821
5 0.313762 0.626568 0.006137 0.021277
5 0.337698 0.585379 0.003273 0.021822
5 0.343221 0.590562 0.006956 0.020185
5 0.349154 0.593562 0.004910 0.018549
5 0.296372 0.553737 0.009002 0.021822
5 0.102837 0.324877 0.011457 0.019094
1 0.118999 0.249045 0.014321 0.032188
1 0.100791 0.200491 0.023732 0.033279
1 0.069285 0.215767 0.011457 0.038734
0 0.498936 0.389362 0.997872 0.778723