3 0.291578 0.530605 0.037175 0.086012
2 0.349527 0.540810 0.052482 0.080181
2 0.425516 0.665455 0.025148 0.084554
2 0.395448 0.583816 0.037175 0.084554
2 0.405289 0.681491 0.028428 0.069976
2 0.292671 0.618804 0.017494 0.090386
2 0.276817 0.649419 0.031708 0.040819
2 0.312899 0.639943 0.029521 0.083096
2 0.360460 0.629009 0.021867 0.081639
2 0.342420 0.665455 0.033895 0.104964
2 0.373581 0.691696 0.026241 0.072892
2 0.292671 0.433341 0.026241 0.083096
2 0.316725 0.433341 0.021867 0.086012
2 0.333126 0.444274 0.019681 0.087470
2 0.363741 0.445003 0.019681 0.100590
2 0.348433 0.439172 0.028428 0.126831
2 0.354994 0.290473 0.024054 0.062687
2 0.379594 0.309425 0.025148 0.094759
2 0.415129 0.339310 0.030614 0.099133
2 0.441370 0.367009 0.034988 0.102048
2 0.465424 0.379401 0.041548 0.086012
2 0.693940 0.174575 0.028428 0.090386
2 0.695580 0.297033 0.051389 0.128289
2 0.499128 0.616825 0.012392 0.038128
2 0.510090 0.612694 0.022877 0.050202
2 0.550363 0.672746 0.013821 0.040670
2 0.523673 0.639702 0.015728 0.057192
2 0.555844 0.634618 0.017158 0.036857
2 0.542737 0.635889 0.008102 0.071172
2 0.538209 0.647645 0.014298 0.067995
5 0.525416 0.491683 0.920074 0.983366