2 0.643673 0.859723 0.030979 0.088118
2 0.739708 0.943630 0.043371 0.112740
2 0.687044 0.900110 0.043371 0.091789
2 0.641608 0.949676 0.024783 0.084446
2 0.690142 0.972085 0.028914 0.055830
1 0.663293 0.903242 0.024783 0.193515
0 0.871885 0.791259 0.210657 0.417481
1 0.961724 0.849626 0.020653 0.060581
1 0.901315 0.898274 0.019620 0.077103
1 0.878081 0.903782 0.020653 0.110147
1 0.860526 0.905618 0.030979 0.106476
1 0.837292 0.918468 0.032012 0.091789
1 0.812509 0.905618 0.027881 0.099133
1 0.568808 0.362224 0.021685 0.099133
1 0.493426 0.362224 0.019620 0.110147
2 0.519241 0.367731 0.021685 0.088118
2 0.540927 0.379664 0.025816 0.104640
2 0.501687 0.456767 0.034077 0.093625
2 0.690185 0.109889 0.010068 0.048189
2 0.680504 0.127100 0.013941 0.068842
1 0.665402 0.088548 0.017813 0.085364
2 0.652623 0.100940 0.026332 0.063335
1 0.984097 0.542490 0.029430 0.134930
2 0.228128 0.875145 0.027334 0.089414
1 0.257102 0.860566 0.032801 0.110795
0 0.287552 0.774284 0.095725 0.160264
1 0.221102 0.383003 0.016729 0.054523
1 0.246195 0.399525 0.013011 0.044610
1 0.231326 0.388786 0.026022 0.095828
0 0.438575 0.189694 0.079926 0.219744
5 0.500000 0.500516 1.000000 0.998967