5 0.754023 0.548827 0.012684 0.028369
3 0.702878 0.550464 0.015139 0.039280
5 0.702878 0.766230 0.006956 0.018003
4 0.693058 0.652482 0.007774 0.015276
4 0.687943 0.668303 0.009002 0.013093
4 0.642730 0.630660 0.009411 0.014184
3 0.698991 0.842881 0.005728 0.018549
5 0.623704 0.818876 0.004092 0.016367
5 0.631478 0.809875 0.006547 0.012548
5 0.627387 0.823241 0.003273 0.016367
4 0.530619 0.651118 0.007774 0.011457
5 0.580333 0.675668 0.007365 0.014730
3 0.644572 0.680578 0.006547 0.014730
3 0.638843 0.682761 0.004092 0.012548
3 0.506888 0.527005 0.012684 0.051282
5 0.520595 0.520458 0.011457 0.032733
5 0.531028 0.525368 0.012684 0.050191
5 0.543303 0.527823 0.009411 0.042008
5 0.542690 0.497545 0.014730 0.024004
3 0.407460 0.276869 0.006956 0.011457
5 0.421372 0.268958 0.004501 0.010911
5 0.415848 0.270867 0.004910 0.010366
5 0.390889 0.452810 0.006547 0.022913
5 0.356929 0.521822 0.004910 0.025641
5 0.363680 0.522640 0.006137 0.015276
5 0.369613 0.523732 0.006547 0.015276
5 0.334424 0.514457 0.008183 0.026187
5 0.341176 0.518549 0.005319 0.026732
4 0.326037 0.505183 0.012684 0.037098
3 0.344858 0.504637 0.015139 0.027278
4 0.387821 0.952810 0.010229 0.030005
3 0.291667 0.979542 0.012684 0.034370
3 0.319694 0.974086 0.008183 0.031097
3 0.309056 0.982270 0.009820 0.035460
3 0.303123 0.975723 0.009411 0.019094
5 0.298418 0.474359 0.009002 0.026732
5 0.311511 0.470540 0.009820 0.022368
5 0.286552 0.434534 0.010638 0.016912
5 0.315194 0.252046 0.004910 0.012002
5 0.319899 0.252864 0.004501 0.012548
5 0.322763 0.246863 0.007774 0.010366
5 0.191421 0.713039 0.007774 0.022913
5 0.183238 0.712493 0.008592 0.022913
3 0.176282 0.698036 0.009411 0.020185
3 0.169531 0.709765 0.011457 0.010911
3 0.218426 0.801691 0.009411 0.012548
2 0.182010 0.953355 0.006956 0.027823
2 0.113475 0.785052 0.000000 0.005456
5 0.079514 0.583197 0.006547 0.019640
5 0.086061 0.587016 0.004910 0.019640
3 0.092812 0.584834 0.008592 0.020731
5 0.070717 0.582924 0.011047 0.022368
0 0.390691 0.548936 0.770745 0.902128