5 0.775300 0.231042 0.010229 0.023459
5 0.916667 0.201582 0.009002 0.039825
5 0.895799 0.196127 0.009820 0.040917
5 0.903778 0.198854 0.006956 0.036552
5 0.899686 0.235134 0.013502 0.040371
5 0.959424 0.213039 0.010229 0.026732
5 0.758320 0.104746 0.010638 0.028369
5 0.804555 0.100382 0.010638 0.037098
5 0.792485 0.112384 0.016776 0.032733
5 0.746658 0.195308 0.015139 0.028369
5 0.892526 0.306328 0.005728 0.020185
5 0.887616 0.266503 0.009002 0.018003
5 0.765276 0.309875 0.016367 0.048009
5 0.736429 0.330333 0.015957 0.050736
5 0.720267 0.328423 0.018822 0.049100
5 0.701241 0.318876 0.011047 0.033279
5 0.760775 0.354064 0.022913 0.050191
5 0.771822 0.368249 0.010638 0.043644
5 0.776118 0.346427 0.011866 0.025095
5 0.740112 0.360338 0.024141 0.068194
5 0.719449 0.195854 0.008183 0.030551
1 0.860611 0.281779 0.028642 0.036552
1 0.857338 0.340698 0.027823 0.055101
1 0.891503 0.326514 0.029869 0.030005
1 0.889457 0.282597 0.028232 0.033824
1 0.921577 0.356792 0.031915 0.036007
1 0.763639 0.180033 0.032733 0.026187
1 0.765685 0.221222 0.031097 0.030005
5 0.800259 0.819422 0.012684 0.028369
5 0.807829 0.822968 0.009820 0.024550
5 0.626159 0.930169 0.009820 0.036007
5 0.607542 0.890616 0.006956 0.023459
5 0.617976 0.891980 0.008183 0.017458
5 0.536143 0.771413 0.018822 0.070922
5 0.530210 0.732679 0.017594 0.054555
5 0.547395 0.762957 0.012684 0.038734
5 0.557215 0.779596 0.012684 0.063284
5 0.571740 0.776050 0.022913 0.071468
5 0.586675 0.784233 0.015139 0.062739
5 0.463721 0.912166 0.007365 0.032733
5 0.479678 0.923350 0.010638 0.044190
5 0.470063 0.910802 0.006956 0.030005
5 0.491135 0.930169 0.010638 0.051282
5 0.500136 0.936716 0.008183 0.029460
5 0.505456 0.936443 0.007365 0.024550
5 0.410120 0.980633 0.011457 0.021277
5 0.409915 0.871522 0.005319 0.031097
5 0.403369 0.844244 0.006956 0.024550
5 0.389048 0.870704 0.008592 0.022913
5 0.394572 0.876705 0.005728 0.024004
5 0.399891 0.868522 0.007365 0.029460
5 0.399277 0.961811 0.009411 0.013093
5 0.387411 0.960993 0.009411 0.007092
1 0.377591 0.975177 0.029051 0.049645
5 0.387821 0.738953 0.010229 0.037643
5 0.402960 0.756410 0.011866 0.040917
5 0.415848 0.768140 0.015548 0.042553
5 0.397231 0.378614 0.017594 0.028369
5 0.580537 0.435625 0.020049 0.037643
5 0.503205 0.419531 0.017594 0.056738
5 0.515071 0.437534 0.011047 0.058920
5 0.602837 0.391980 0.018003 0.028914
5 0.563148 0.299236 0.009820 0.019094
1 0.500546 0.339334 0.049918 0.038189
1 0.589334 0.402346 0.037643 0.031097
1 0.594654 0.453901 0.027005 0.034915
1 0.554555 0.495090 0.036825 0.040917
1 0.454310 0.420349 0.045827 0.040917
1 0.403369 0.510366 0.049509 0.032188
1 0.383933 0.416530 0.024550 0.027823
1 0.318262 0.364157 0.033961 0.049645
5 0.339948 0.365794 0.011866 0.026732
5 0.347109 0.370158 0.009002 0.021277
5 0.357951 0.465903 0.024959 0.062193
5 0.334629 0.569831 0.014321 0.038734
5 0.369613 0.505456 0.007365 0.026732
5 0.290235 0.563557 0.017185 0.034915
1 0.295554 0.623568 0.034370 0.073104
1 0.278369 0.545827 0.018822 0.025641
1 0.316217 0.487998 0.026596 0.020185
1 0.290439 0.510366 0.024141 0.047463
1 0.617158 0.164212 0.031915 0.038189
1 0.478246 0.142390 0.020049 0.028369
1 0.450218 0.132570 0.035188 0.031642
1 0.438557 0.167485 0.020049 0.020731
1 0.459629 0.208947 0.018003 0.029460
5 0.566830 0.146754 0.013093 0.025095
5 0.580742 0.137480 0.010638 0.022913
5 0.409506 0.242226 0.018412 0.030551
5 0.471086 0.157665 0.014730 0.030551
5 0.454310 0.153573 0.015548 0.033279
5 0.749523 0.446263 0.024141 0.040371
5 0.632297 0.234588 0.000818 0.012002
5 0.666053 0.204855 0.014321 0.023459
1 0.688966 0.243044 0.037234 0.028914
1 0.649482 0.184124 0.013912 0.027823
1 0.577059 0.201309 0.028642 0.029460
1 0.670963 0.543099 0.013502 0.034370
1 0.664007 0.541189 0.010229 0.032733
0 0.597340 0.513830 0.804255 0.963830