2 0.236974 0.467033 0.045847 0.127053
2 0.232928 0.366350 0.043150 0.112669
2 0.263942 0.455047 0.029666 0.103080
2 0.258225 0.389386 0.060680 0.115591
2 0.319579 0.433997 0.032362 0.103080
2 0.288565 0.408826 0.037756 0.201366
2 0.311489 0.577830 0.026969 0.146230
2 0.327670 0.564645 0.026969 0.119861
2 0.345874 0.550262 0.020227 0.105478
2 0.339806 0.362080 0.026969 0.117464
2 0.315534 0.329718 0.029666 0.143833
1 0.628371 0.298554 0.051241 0.105478
1 0.608145 0.502317 0.037756 0.143833
1 0.656688 0.433997 0.048544 0.127053
1 0.702535 0.463962 0.053937 0.086300
1 0.801645 0.475948 0.033711 0.182189
1 0.718042 0.689300 0.025620 0.110272
0 0.685680 0.478345 0.241370 0.349994
0 0.502832 0.500000 0.994336 1.000000