0 0.500000 0.497788 1.000000 0.995575
1 0.531163 0.498828 0.093412 0.072612
3 0.488617 0.495298 0.018153 0.054459
3 0.510173 0.498828 0.018153 0.041348
3 0.528515 0.557573 0.029120 0.062023
3 0.527002 0.538663 0.034415 0.041348
3 0.559337 0.540176 0.029499 0.053450
3 0.548370 0.554043 0.010589 0.034793
3 0.566901 0.522023 0.015127 0.033280
1 0.559337 0.364950 0.012102 0.024708
1 0.584298 0.377052 0.012102 0.021683
1 0.203086 0.013173 0.011346 0.026346
1 0.175478 0.077528 0.017397 0.010589
1 0.171129 0.100724 0.009455 0.014623