2 0.675532 0.642553 0.076596 0.136170
1 0.979883 0.396890 0.037234 0.045281
1 0.948377 0.444899 0.015139 0.030005
1 0.945922 0.651664 0.047054 0.067103
1 0.942853 0.592744 0.045008 0.050736
1 0.712084 0.357338 0.043372 0.116748
2 0.559056 0.209493 0.031097 0.079651
2 0.573582 0.188762 0.031506 0.040371
1 0.545963 0.166121 0.036007 0.043099
1 0.392526 0.113748 0.062193 0.090016
5 0.328287 0.075832 0.021277 0.040371
1 0.461879 0.400709 0.067512 0.075832
1 0.532460 0.489634 0.062193 0.091107
1 0.124113 0.345336 0.002455 0.000000
2 0.052100 0.307965 0.040917 0.022368
2 0.076650 0.331969 0.020458 0.054010
0 0.498138 0.495745 0.996276 0.991489