1 0.180241 0.635256 0.027036 0.097631
1 0.168835 0.749409 0.019432 0.070594
1 0.142644 0.645770 0.031261 0.055574
1 0.148558 0.699842 0.036330 0.082610
1 0.116453 0.670553 0.012673 0.105141
1 0.112228 0.664545 0.036330 0.093125
2 0.329785 0.764429 0.020277 0.055574
2 0.325983 0.807987 0.014363 0.058578
2 0.316689 0.789963 0.034640 0.094627
2 0.266841 0.712609 0.024502 0.072096
2 0.232624 0.731384 0.038864 0.079606
2 0.283739 0.789212 0.027881 0.093125
2 0.243607 0.792529 0.020277 0.066088
2 0.270643 0.795533 0.016898 0.066088
2 0.266841 0.800790 0.026191 0.106643
0 0.100822 0.643971 0.145319 0.240321
1 0.040413 0.698043 0.012673 0.042056
1 0.059423 0.598159 0.027036 0.052570
2 0.502375 0.522813 0.030979 0.121162
2 0.428155 0.609503 0.034335 0.074249
1 0.429445 0.488980 0.014715 0.083987
2 0.459263 0.580540 0.024783 0.088118
2 0.478237 0.518582 0.022460 0.121162
2 0.442999 0.494487 0.023234 0.117032
2 0.219176 0.450657 0.040273 0.118408
2 0.220725 0.438266 0.015489 0.055074
2 0.103741 0.067878 0.030695 0.121162
2 0.135481 0.062371 0.039653 0.096930
5 0.500000 0.500000 1.000000 1.000000