5 0.842025 0.930341 0.013969 0.029180
3 0.829453 0.926305 0.007450 0.028559
3 0.834575 0.903644 0.013969 0.015521
5 0.811526 0.909853 0.007916 0.032905
5 0.610138 0.615260 0.009313 0.032284
3 0.606181 0.107096 0.007916 0.020488
3 0.576380 0.092196 0.020022 0.013038
3 0.543320 0.345502 0.011641 0.031663
3 0.533541 0.347364 0.009778 0.031663
5 0.526091 0.337121 0.009778 0.028559
3 0.557522 0.540138 0.007450 0.038493
3 0.551235 0.545725 0.013503 0.039734
3 0.536102 0.541690 0.009313 0.031663
3 0.523065 0.550692 0.006519 0.031042
3 0.516778 0.541380 0.011641 0.023592
5 0.542621 0.749053 0.023282 0.067672
3 0.560548 0.721736 0.021885 0.040355
3 0.574750 0.713975 0.013038 0.037251
3 0.715838 0.792513 0.014900 0.027938
3 0.700937 0.781337 0.010244 0.020488
3 0.690926 0.780406 0.009778 0.026076
3 0.699075 0.803688 0.012107 0.019246
3 0.687434 0.799963 0.009313 0.016763
3 0.432265 0.204569 0.018625 0.050289
3 0.422254 0.216366 0.007916 0.045322
3 0.412243 0.216366 0.017694 0.046564
3 0.389893 0.230645 0.013038 0.046564
3 0.303983 0.189980 0.011641 0.023592
5 0.136121 0.108028 0.021419 0.047184
5 0.152884 0.148072 0.013969 0.065189
5 0.167551 0.148693 0.013503 0.051530
1 0.267430 0.341777 0.038182 0.071398
0 0.500908 0.497579 0.996973 0.980630