5 0.613146 0.647416 0.051520 0.083891
5 0.596733 0.622188 0.024164 0.072340
5 0.558663 0.601824 0.036474 0.106991
5 0.569149 0.639818 0.027356 0.065046
5 0.513754 0.573860 0.029635 0.100912
5 0.520137 0.662310 0.031459 0.074772
1 0.482751 0.540426 0.042401 0.035258
1 0.571429 0.269301 0.043769 0.043769
1 0.596505 0.202432 0.035562 0.092401
5 0.445137 0.113070 0.026444 0.057143
5 0.137158 0.160486 0.017781 0.053495
5 0.118465 0.199696 0.017781 0.027356
5 0.157447 0.162310 0.018237 0.032827
1 0.219909 0.280851 0.030091 0.082675
1 0.370479 0.406383 0.740957 0.804255