5 0.525219 0.330409 0.026316 0.038986
5 0.495066 0.464912 0.025219 0.066277
5 0.491228 0.563353 0.015351 0.056530
5 0.519737 0.593567 0.021930 0.042885
5 0.541667 0.565302 0.019737 0.037037
5 0.528509 0.461988 0.019737 0.076023
5 0.575110 0.451267 0.023026 0.077973
3 0.600329 0.446394 0.018640 0.060429
3 0.609101 0.492203 0.016447 0.042885
4 0.553728 0.245614 0.076754 0.142300
4 0.600329 0.391813 0.033991 0.056530
4 0.632675 0.448343 0.043860 0.068226
4 0.763706 0.179337 0.031798 0.076023
4 0.899123 0.055068 0.076754 0.110136
4 0.921601 0.172515 0.049342 0.077973
4 0.307566 0.545809 0.080044 0.196881
5 0.244518 0.636452 0.030702 0.062378
5 0.471491 0.928850 0.013158 0.042885
5 0.489035 0.918129 0.021930 0.040936
5 0.291118 0.653996 0.036184 0.003899
5 0.319627 0.668616 0.016447 0.033138
5 0.275219 0.681287 0.013158 0.070175
5 0.761513 0.261209 0.027412 0.056530
5 0.735197 0.197856 0.020833 0.066277
0 0.496162 0.494152 0.968202 0.943470