0 0.500000 0.500000 1.000000 1.000000
5 0.568225 0.565388 0.052568 0.037314
5 0.506202 0.635731 0.033659 0.076141
5 0.527192 0.665734 0.032524 0.044374
5 0.556879 0.619847 0.023069 0.016136
4 0.526624 0.626907 0.038197 0.079671
5 0.327131 0.453445 0.014371 0.039331
5 0.306142 0.460505 0.025338 0.055467
5 0.327698 0.483952 0.019287 0.025717
5 0.350768 0.490760 0.027608 0.036306
5 0.363437 0.484204 0.026473 0.052442
5 0.862832 0.293346 0.022313 0.049921
4 0.488995 0.011976 0.011346 0.011598
4 0.478784 0.030885 0.009076 0.015127
4 0.472733 0.008635 0.010589 0.017270
4 0.462900 0.007627 0.007564 0.015254
4 0.502799 0.019540 0.008698 0.010589
4 0.459118 0.047021 0.007564 0.021178
4 0.444180 0.048786 0.010211 0.013615
5 0.469329 0.044752 0.009833 0.015632
5 0.269269 0.163250 0.010589 0.026725
5 0.258490 0.148375 0.008698 0.017144
5 0.254708 0.176865 0.015506 0.021683
5 0.249414 0.221239 0.013237 0.025717
5 0.275698 0.142324 0.012102 0.015127
4 0.252061 0.143080 0.013237 0.032776
4 0.077906 0.704057 0.021935 0.019161
4 0.063724 0.728261 0.020044 0.045382
4 0.020422 0.813731 0.012858 0.024708
4 0.007942 0.791544 0.015884 0.042861
4 0.041411 0.651363 0.010967 0.016640
4 0.075637 0.664977 0.012102 0.010589
4 0.110430 0.760532 0.011346 0.024204
5 0.133500 0.757003 0.026473 0.043365
5 0.174155 0.723470 0.020800 0.026725
1 0.165267 0.703552 0.040088 0.037314
1 0.129340 0.719436 0.018153 0.026725
1 0.098707 0.753221 0.012858 0.013615
1 0.107783 0.846507 0.043113 0.037819
1 0.042168 0.793057 0.046517 0.044878
1 0.008698 0.765071 0.013615 0.020170
1 0.044437 0.679601 0.065426 0.071099