2 0.438352 0.346344 0.050186 0.148699
2 0.469021 0.374845 0.052045 0.166047
2 0.501549 0.342627 0.027881 0.111524
2 0.506196 0.423172 0.037175 0.109046
2 0.524783 0.414498 0.037175 0.126394
2 0.564746 0.403346 0.039033 0.163569
2 0.588910 0.363693 0.020446 0.198265
2 0.602850 0.367410 0.029740 0.200743
2 0.639095 0.296778 0.065056 0.133829
2 0.630731 0.402107 0.048327 0.096654
0 0.867720 0.293061 0.206320 0.151177
0 0.970923 0.112592 0.054480 0.076913
2 0.981498 0.248900 0.023074 0.081186
2 0.994958 0.261719 0.007691 0.108533
5 0.499380 0.500000 0.998760 1.000000