5 0.458197 0.454719 0.020867 0.026732
5 0.467199 0.513366 0.015957 0.067649
5 0.484793 0.492362 0.014321 0.037643
5 0.499727 0.491817 0.017185 0.082379
5 0.513230 0.465085 0.009820 0.034370
5 0.521618 0.436989 0.013502 0.038189
5 0.527550 0.476541 0.016367 0.046372
5 0.546167 0.563011 0.020867 0.065466
5 0.096904 0.049100 0.013502 0.038189
5 0.058238 0.019640 0.021277 0.036007
5 0.036143 0.137480 0.018822 0.050191
5 0.038393 0.124932 0.010229 0.033824
5 0.101609 0.103382 0.024550 0.037643
1 0.494415 0.424468 0.062234 0.048936
1 0.462698 0.478996 0.038052 0.045827
1 0.543508 0.457992 0.026187 0.072559
1 0.535325 0.527550 0.051555 0.038189
1 0.024686 0.097381 0.022095 0.038734
0 0.499734 0.496809 0.999468 0.993617