2 0.466990 0.496947 0.025890 0.059231
2 0.501382 0.542634 0.037175 0.040034
2 0.492327 0.497516 0.034315 0.059098
2 0.521161 0.471780 0.046230 0.034315
2 0.452054 0.455576 0.025260 0.066724
2 0.469927 0.406327 0.021924 0.076256
2 0.633400 0.538186 0.024783 0.047660
0 0.553331 0.645639 0.156324 0.113113
0 0.412973 0.941918 0.076732 0.104852
2 0.552378 0.084040 0.040034 0.069266
2 0.586455 0.118991 0.010962 0.052744
2 0.579306 0.100245 0.010962 0.057192
0 0.456344 0.148540 0.151082 0.171576
0 0.190401 0.669701 0.185874 0.185874
0 0.300496 0.920400 0.147269 0.159200
2 0.287270 0.788374 0.013583 0.047660
2 0.299066 0.796953 0.020017 0.053379
2 0.154090 0.093010 0.018111 0.054015
2 0.179350 0.101588 0.020970 0.050837
2 0.282772 0.275070 0.021924 0.044483
2 0.715761 0.530797 0.038945 0.099133
2 0.739659 0.204461 0.026553 0.069629
2 0.767097 0.203871 0.040715 0.080250
2 0.831348 0.085311 0.015251 0.051473
2 0.830633 0.046230 0.027166 0.033044
0 0.892114 0.039240 0.096750 0.076256
2 0.800130 0.429919 0.049090 0.059098
2 0.857799 0.410219 0.046230 0.064182
5 0.500000 0.498761 1.000000 0.988848