1 0.317637 0.363830 0.049566 0.172518
1 0.289137 0.524990 0.037175 0.105741
1 0.250723 0.349855 0.029740 0.107944
1 0.265593 0.443481 0.027261 0.066088
1 0.237712 0.457800 0.043371 0.112350
1 0.222842 0.361972 0.053284 0.132177
2 0.533870 0.558401 0.038414 0.090321
2 0.517142 0.621185 0.027261 0.057277
2 0.510326 0.571619 0.045849 0.090321
2 0.460140 0.462573 0.032218 0.136583
2 0.401900 0.516545 0.061958 0.077103
2 0.412433 0.459268 0.033457 0.099133
2 0.408096 0.574923 0.017348 0.088118
2 0.427303 0.590344 0.030979 0.092524
2 0.445271 0.583735 0.022305 0.123365
2 0.458901 0.590344 0.029740 0.136583
2 0.478108 0.594750 0.023544 0.163018
1 0.762495 0.194548 0.054523 0.158612
4 0.648492 0.130662 0.061958 0.145394
2 0.900277 0.062388 0.066605 0.124776
2 0.845289 0.091732 0.068154 0.159714
1 0.118320 0.392899 0.034776 0.070352
1 0.500000 0.500000 1.000000 1.000000
5 0.089839 0.547914 0.052045 0.109046