2 0.312766 0.121959 0.019025 0.013837
2 0.336908 0.169427 0.014269 0.021908
2 0.462951 0.522646 0.033727 0.057653
2 0.425981 0.491513 0.022917 0.039204
2 0.508785 0.467299 0.030268 0.057653
2 0.477869 0.462687 0.029835 0.043816
2 0.489615 0.403593 0.032862 0.057076
2 0.464969 0.381396 0.031997 0.084173
2 0.443277 0.412817 0.021187 0.046699
2 0.527594 0.259077 0.023782 0.049005
2 0.456177 0.237457 0.021908 0.036898
2 0.438737 0.243799 0.012972 0.026520
2 0.436359 0.195947 0.022917 0.041510
2 0.509001 0.193929 0.021187 0.032862
2 0.518730 0.172021 0.025079 0.019025
2 0.461005 0.180669 0.012539 0.022485
2 0.446088 0.167409 0.019025 0.017872
2 0.420360 0.232076 0.015999 0.021908
2 0.948891 0.074108 0.022917 0.020755
2 0.858737 0.117635 0.033727 0.029403
2 0.612704 0.509001 0.035456 0.051887
2 0.489327 0.261287 0.013837 0.025367
5 0.509415 0.508315 0.895166 0.983370