5 0.498885 0.431863 0.012741 0.033445
3 0.728022 0.514679 0.004380 0.017519
1 0.326286 0.222700 0.017121 0.023889
1 0.280100 0.175187 0.029861 0.024420
1 0.306179 0.187663 0.021500 0.029198
1 0.280299 0.201731 0.008759 0.014864
1 0.253026 0.212083 0.017917 0.014333
5 0.265966 0.939109 0.009556 0.026544
5 0.176979 0.482561 0.010750 0.027605
5 0.165233 0.482826 0.009556 0.033445
5 0.136168 0.275256 0.009556 0.031321
1 0.182155 0.226151 0.011546 0.012741
1 0.146520 0.215799 0.015130 0.016457
1 0.129001 0.216330 0.015130 0.012210
1 0.124423 0.237830 0.026676 0.020173
1 0.128404 0.250571 0.017121 0.024420
1 0.114867 0.280299 0.009158 0.020173
1 0.100932 0.287201 0.011546 0.026544
0 0.500000 0.560041 1.000000 0.879917