5 0.889662 0.364430 0.017185 0.037098
5 0.764457 0.657938 0.024550 0.036007
5 0.776528 0.678396 0.021686 0.026732
5 0.786552 0.697490 0.031097 0.042008
5 0.560897 0.620022 0.016776 0.026732
5 0.579924 0.610747 0.031097 0.071468
5 0.550259 0.225586 0.009411 0.021277
1 0.556397 0.198036 0.024141 0.030551
5 0.528983 0.668576 0.015139 0.057283
5 0.531028 0.712766 0.016776 0.054010
5 0.548827 0.710584 0.013912 0.048554
5 0.492771 0.674304 0.013093 0.067649
5 0.501978 0.678123 0.020049 0.062193
5 0.510366 0.664212 0.017185 0.054010
2 0.487861 0.165030 0.015548 0.027823
2 0.504228 0.112384 0.010638 0.037098
2 0.484997 0.046099 0.008183 0.027823
1 0.443058 0.089198 0.034779 0.062739
1 0.503410 0.079378 0.037643 0.024550
1 0.498295 0.031642 0.040507 0.057829
1 0.526323 0.194763 0.020458 0.030551
1 0.472722 0.124113 0.015548 0.027823
5 0.366135 0.361975 0.011866 0.033279
1 0.355701 0.348336 0.015548 0.027823
2 0.126568 0.274414 0.013093 0.030551
5 0.139866 0.281506 0.011047 0.030551
5 0.151732 0.303055 0.012684 0.028914
5 0.158483 0.265412 0.010638 0.032188
5 0.147436 0.324059 0.011457 0.020731
5 0.138025 0.323241 0.013912 0.028914
1 0.121863 0.352155 0.037234 0.047463
5 0.132501 0.351337 0.009411 0.018549
5 0.112861 0.353519 0.008592 0.016367
1 0.056397 0.417076 0.051964 0.034370
2 0.030824 0.654392 0.013093 0.035461
2 0.024891 0.623022 0.021686 0.020731
2 0.019367 0.598200 0.013093 0.028914
2 0.054760 0.591107 0.010229 0.024550
1 0.072968 0.638571 0.037643 0.032188
1 0.038803 0.632297 0.014321 0.038189
1 0.024277 0.591107 0.039280 0.044190
1 0.032870 0.930987 0.050736 0.095472
1 0.187943 0.293781 0.009820 0.019094
0 0.498138 0.497872 0.996276 0.995744