5 0.774974 0.033526 0.007450 0.018625
5 0.733998 0.023592 0.007450 0.014900
5 0.706525 0.018315 0.006519 0.015521
5 0.748665 0.045011 0.006053 0.014280
5 0.760772 0.029801 0.006985 0.012417
5 0.748665 0.021109 0.010710 0.014900
4 0.876715 0.226610 0.009778 0.019867
5 0.900463 0.589495 0.021885 0.041597
5 0.927714 0.593290 0.009820 0.028914
5 0.919940 0.590289 0.009002 0.026187
5 0.794326 0.912439 0.009820 0.021277
5 0.802510 0.917349 0.010638 0.023459
5 0.774482 0.615385 0.014321 0.025095
5 0.657256 0.575559 0.015548 0.030551
3 0.678942 0.622750 0.014730 0.034370
4 0.759343 0.621931 0.015957 0.033824
5 0.601405 0.659574 0.013502 0.039280
3 0.596495 0.633388 0.013502 0.018549
4 0.615726 0.568467 0.015957 0.032733
5 0.698786 0.042280 0.006956 0.020185
5 0.666667 0.048009 0.004092 0.025095
5 0.673827 0.040917 0.006956 0.021822
5 0.708606 0.118112 0.012684 0.025641
5 0.753001 0.139662 0.004092 0.015276
5 0.757706 0.139662 0.005319 0.019640
5 0.763434 0.150027 0.006956 0.024004
5 0.585447 0.162029 0.005319 0.017458
5 0.596290 0.153028 0.005728 0.019094
5 0.595472 0.130933 0.007365 0.016367
5 0.535325 0.172668 0.004910 0.010366
5 0.686102 0.258592 0.007774 0.024004
5 0.708606 0.232133 0.006137 0.025641
5 0.696945 0.248227 0.009002 0.018549
5 0.705947 0.074195 0.004910 0.014184
5 0.482133 0.018549 0.008183 0.020731
5 0.475586 0.034097 0.006547 0.015821
5 0.481110 0.165030 0.006137 0.022368
5 0.435488 0.108020 0.004910 0.012002
5 0.457788 0.666939 0.010229 0.024550
5 0.242976 0.723950 0.014321 0.033824
5 0.229678 0.719040 0.011457 0.027278
5 0.220267 0.716312 0.018003 0.033824
5 0.193262 0.379433 0.018003 0.032188
3 0.205742 0.383797 0.009411 0.034370
3 0.214948 0.396072 0.014730 0.031642
3 0.224973 0.391162 0.016776 0.040371
4 0.073172 0.265957 0.006956 0.009274
0 0.500000 0.498936 0.995745 0.993617