0 0.500000 0.500000 1.000000 1.000000
5 0.461954 0.502105 0.007942 0.032776
5 0.481431 0.508913 0.006051 0.012102
5 0.489751 0.458992 0.016640 0.043365
5 0.480296 0.411341 0.008320 0.019666
5 0.495046 0.582281 0.023448 0.074124
5 0.405983 0.452185 0.025338 0.048912
5 0.432267 0.480170 0.019666 0.038323
1 0.483133 0.390918 0.012480 0.012102
5 0.597345 0.488743 0.018531 0.030255
1 0.503555 0.376800 0.010967 0.010085
1 0.491831 0.423190 0.023069 0.014119
1 0.514144 0.479162 0.023826 0.019161
1 0.491075 0.545723 0.032146 0.034289
1 0.515090 0.551522 0.015127 0.021683
1 0.549694 0.566901 0.017775 0.016136
1 0.473489 0.493785 0.027229 0.045382
1 0.456093 0.506643 0.009076 0.008572
5 0.541374 0.574465 0.010211 0.021178
1 0.602262 0.416131 0.013237 0.018153
4 0.462900 0.423947 0.025717 0.054963
4 0.574276 0.395709 0.019287 0.039836
5 0.826148 0.056602 0.013237 0.024204
5 0.834468 0.035171 0.009455 0.007564
5 0.819340 0.048282 0.010967 0.008572
5 0.804969 0.077780 0.018531 0.025212
5 0.791355 0.101732 0.011724 0.013615
4 0.690379 0.138794 0.009455 0.025212
4 0.684517 0.139551 0.008320 0.023700
4 0.677710 0.120894 0.010589 0.030759
4 0.662771 0.139299 0.010967 0.021178
4 0.640837 0.144593 0.010967 0.024708
4 0.601127 0.150140 0.008698 0.014623
1 0.607934 0.142828 0.013237 0.014119
1 0.617956 0.129718 0.008320 0.015127
1 0.638757 0.118372 0.008320 0.010589
1 0.699266 0.090639 0.017397 0.022691
1 0.620414 0.304944 0.015506 0.020674
1 0.600371 0.272420 0.029120 0.032272
1 0.576545 0.313768 0.030633 0.035297
1 0.628924 0.290321 0.012858 0.011598
1 0.646698 0.278219 0.018153 0.011598
1 0.569170 0.351587 0.012102 0.013110
5 0.638567 0.304188 0.012480 0.032272
5 0.251305 0.020233 0.029120 0.040466
5 0.339611 0.384868 0.015884 0.027229
5 0.322593 0.404785 0.017397 0.055972
5 0.152409 0.818521 0.027229 0.076646
5 0.138983 0.847011 0.020044 0.067065
5 0.126692 0.844238 0.029499 0.074629
5 0.115536 0.822807 0.014749 0.021683
5 0.100787 0.771374 0.013237 0.046895
5 0.088306 0.757003 0.007942 0.010085
5 0.091143 0.735320 0.012858 0.009076
5 0.125936 0.746414 0.022691 0.037314
5 0.139551 0.721957 0.024204 0.063031
1 0.087172 0.708595 0.025338 0.033280
1 0.156002 0.698006 0.012480 0.019161
1 0.079608 0.741371 0.012480 0.016136
1 0.114212 0.744144 0.015884 0.019666
1 0.136336 0.786501 0.013237 0.016640
1 0.115725 0.805411 0.007564 0.013110
1 0.060510 0.674558 0.021935 0.055972
1 0.112510 0.527822 0.017018 0.016640
1 0.128394 0.495802 0.010967 0.015127
1 0.111754 0.491012 0.017018 0.036810
1 0.152220 0.504626 0.010967 0.016640
5 0.101165 0.496811 0.015506 0.011093
5 0.135391 0.267882 0.026473 0.045382
5 0.103623 0.156191 0.023448 0.037819
5 0.098707 0.257797 0.015884 0.023195
5 0.112699 0.071981 0.018909 0.056980
3 0.085281 0.116607 0.027608 0.037314
1 0.086605 0.127449 0.011346 0.011598
1 0.060321 0.332678 0.031389 0.034793