0 0.500000 0.500000 1.000000 1.000000
3 0.344339 0.488491 0.027608 0.075133
3 0.429620 0.433527 0.007564 0.013615
3 0.421489 0.434536 0.007186 0.017649
3 0.426027 0.442100 0.006429 0.009581
5 0.359655 0.536898 0.009076 0.018657
5 0.360222 0.512947 0.007186 0.019161
5 0.380266 0.529587 0.029877 0.065552
5 0.852999 0.140811 0.004916 0.011093
5 0.702481 0.151905 0.032146 0.057484
5 0.690190 0.225525 0.027986 0.072612
5 0.742947 0.164007 0.010211 0.021178
5 0.757885 0.168293 0.005295 0.016640
3 0.742001 0.213675 0.007564 0.021683
3 0.723848 0.225777 0.005295 0.009581
3 0.738219 0.369740 0.006807 0.014119
1 0.692270 0.087865 0.014749 0.019161
1 0.723848 0.095681 0.015127 0.017649
3 0.707586 0.010211 0.008320 0.020170
3 0.716852 0.011220 0.006429 0.018153
2 0.719688 0.020296 0.012858 0.023195
1 0.654262 0.177621 0.009833 0.015127
3 0.554799 0.062653 0.008320 0.022187
3 0.518871 0.625394 0.008320 0.015127
3 0.509606 0.625646 0.010211 0.020674
3 0.471787 0.625394 0.005673 0.016136
5 0.523032 0.627663 0.004538 0.014623
3 0.582596 0.207372 0.004160 0.012102
3 0.602640 0.212415 0.005673 0.011093
5 0.094547 0.187706 0.014371 0.030255
5 0.108539 0.241409 0.010589 0.030759
5 0.087550 0.140307 0.011724 0.032272
5 0.078663 0.131483 0.012858 0.024708
2 0.075637 0.185185 0.018909 0.019161
3 0.151274 0.587575 0.004538 0.012102
3 0.141442 0.579003 0.004538 0.011093
3 0.137660 0.577490 0.004538 0.014119
3 0.132365 0.571187 0.005295 0.017649
3 0.128394 0.574213 0.004160 0.012606
3 0.055215 0.011724 0.006807 0.020170
3 0.064292 0.024834 0.006807 0.025212
3 0.058619 0.026095 0.009833 0.013615
3 0.049921 0.025086 0.003782 0.015632