2 0.449039 0.403115 0.026896 0.112063
2 0.470341 0.418290 0.025861 0.107753
2 0.509940 0.387401 0.029093 0.114936
2 0.533376 0.390275 0.021012 0.080455
0 0.711977 0.279649 0.075966 0.120683
0 0.652174 0.126879 0.105059 0.158037
0 0.493373 0.049791 0.075158 0.099582
2 0.407306 0.115385 0.024244 0.074709
2 0.387910 0.216673 0.024244 0.081892
0 0.685027 0.853735 0.122276 0.178876
4 0.578229 0.772917 0.023436 0.066088
4 0.552772 0.788002 0.021012 0.035918
4 0.601261 0.733408 0.011314 0.061778
0 0.339421 0.675221 0.088896 0.152291
4 0.176906 0.417944 0.020544 0.041740
4 0.207233 0.411857 0.018587 0.060871
5 0.500000 0.499484 1.000000 0.998967