0 0.500000 0.501229 1.000000 0.997542
1 0.881174 0.236871 0.052190 0.046895
1 0.693783 0.606989 0.041222 0.033785
1 0.747107 0.595895 0.036684 0.050929
4 0.775849 0.576734 0.017018 0.044878
4 0.738219 0.590097 0.015127 0.025212
4 0.655019 0.524544 0.019666 0.039331
4 0.502799 0.305701 0.023826 0.059501
4 0.463089 0.346040 0.026095 0.056476
4 0.496748 0.424451 0.064670 0.050929
4 0.474056 0.506643 0.049542 0.078158
4 0.397096 0.517233 0.044626 0.070091
4 0.386885 0.453193 0.052190 0.101354
4 0.387263 0.425964 0.033280 0.062023
4 0.391990 0.349318 0.055593 0.034793
4 0.402012 0.671028 0.027986 0.046895
4 0.361357 0.636992 0.040466 0.049416
4 0.356062 0.691703 0.025338 0.066057
4 0.334128 0.686660 0.035171 0.085218
4 0.376863 0.695989 0.033659 0.048408
1 0.636109 0.450924 0.055972 0.067569
1 0.589403 0.413358 0.043491 0.046895
1 0.551963 0.356377 0.057862 0.091269
1 0.498260 0.342763 0.047273 0.037819
1 0.393503 0.377556 0.029877 0.022691
1 0.411845 0.335451 0.018909 0.026221
1 0.446827 0.431006 0.092656 0.122532
1 0.385372 0.404281 0.016640 0.024708
5 0.438885 0.394700 0.019287 0.020674
1 0.634786 0.668507 0.050299 0.069082
1 0.546857 0.676071 0.083957 0.078158
1 0.617389 0.755490 0.082066 0.097824
1 0.391612 0.606485 0.064670 0.087235
1 0.331669 0.565641 0.032524 0.048912
1 0.331102 0.637496 0.053324 0.078663
1 0.376295 0.666490 0.033280 0.036810