0 0.236016 0.934862 0.126692 0.104928
1 0.324945 0.473545 0.016863 0.020178
1 0.340079 0.477580 0.014269 0.031709
1 0.351753 0.474698 0.012539 0.032862
1 0.359753 0.461438 0.018161 0.050158
1 0.379427 0.472392 0.016863 0.037474
2 0.352186 0.664087 0.031565 0.062265
2 0.450556 0.798802 0.014701 0.044969
2 0.468716 0.809179 0.018161 0.046122
1 0.433692 0.407340 0.008648 0.036898
1 0.484282 0.434725 0.018161 0.021331
1 0.464176 0.445103 0.026376 0.027097
1 0.472392 0.381685 0.017728 0.038627
1 0.452069 0.377073 0.019458 0.030556
0 0.454231 0.403881 0.177714 0.140673
2 0.485580 0.172502 0.017296 0.036898
1 0.639080 0.501218 0.016431 0.021331
1 0.617460 0.577608 0.014701 0.032285
1 0.615731 0.494011 0.014701 0.027673
1 0.642107 0.536674 0.013837 0.035745
1 0.661564 0.553682 0.019890 0.024791
1 0.656159 0.573284 0.013404 0.027097
1 0.671726 0.602975 0.009945 0.023061
1 0.671077 0.579337 0.014701 0.028826
1 0.678428 0.531486 0.019025 0.023061
1 0.694210 0.510154 0.025511 0.039204
1 0.694210 0.601245 0.012539 0.026520
1 0.682536 0.606434 0.006486 0.050734
1 0.698102 0.566365 0.013404 0.015566
5 0.503654 0.503373 0.992692 0.989320