1 0.474199 0.532543 0.038502 0.087331
1 0.499093 0.569127 0.017924 0.103853
1 0.512369 0.564407 0.015268 0.103853
1 0.525646 0.569127 0.015268 0.108574
1 0.537816 0.560350 0.021907 0.083791
1 0.552753 0.568021 0.019915 0.101493
1 0.570676 0.559170 0.014604 0.097952
2 0.581629 0.610506 0.024562 0.070809
2 0.561383 0.461217 0.037175 0.081430
1 0.439901 0.444105 0.017260 0.070809
1 0.406045 0.456497 0.034519 0.074349
2 0.433263 0.389228 0.013277 0.074349
1 0.397747 0.361495 0.025890 0.094412
1 0.614112 0.342029 0.014214 0.078510
2 0.603451 0.327830 0.013667 0.064145
2 0.361725 0.150784 0.020410 0.057341
1 0.356167 0.177511 0.000547 0.001944
1 0.296578 0.200351 0.021321 0.043735
1 0.323365 0.214929 0.026788 0.063173
1 0.340039 0.428582 0.021867 0.033044
1 0.326099 0.404771 0.018041 0.047623
1 0.302318 0.388249 0.019681 0.037904
0 0.340586 0.195653 0.106057 0.138008
0 0.236206 0.216594 0.073575 0.181743
4 0.765447 0.300214 0.016176 0.061082
2 0.745372 0.317737 0.016898 0.062083
2 0.732980 0.280187 0.025910 0.079106
0 0.713548 0.240634 0.131238 0.110147
0 0.498451 0.500000 0.996902 1.000000