2 0.019025 0.474986 0.019890 0.025367
0 0.395425 0.213339 0.120638 0.051311
2 0.334241 0.527546 0.020755 0.052464
2 0.364941 0.541094 0.026808 0.059959
2 0.408830 0.564155 0.011675 0.059959
2 0.434341 0.678308 0.022917 0.038051
2 0.390020 0.699351 0.012972 0.028250
2 0.816794 0.154437 0.009513 0.023061
3 0.802958 0.457114 0.024214 0.020755
2 0.811173 0.472392 0.016431 0.030556
2 0.932244 0.364965 0.016431 0.031709
2 0.982618 0.270415 0.015999 0.034015
2 0.991914 0.351129 0.012972 0.034015
2 0.992347 0.391197 0.009513 0.032285
2 0.978510 0.396098 0.012972 0.030556
0 0.384327 0.510731 0.100748 0.145285
0 0.408109 0.679653 0.064427 0.066877
0 0.649385 0.272625 0.042807 0.051887
0 0.667762 0.332584 0.031132 0.028826
2 0.635116 0.492570 0.025511 0.031709
2 0.641602 0.540133 0.022052 0.028826
0 0.649169 0.500353 0.030268 0.085326
0 0.822776 0.143291 0.039348 0.043816
0 0.874519 0.260518 0.035889 0.042663
0 0.954728 0.330278 0.087344 0.172958
5 0.505340 0.504356 0.989320 0.991287