2 0.414428 0.653463 0.024272 0.076147
1 0.499737 0.733417 0.014991 0.038073
2 0.631804 0.610947 0.024986 0.087569
2 0.452978 0.456115 0.019989 0.079954
2 0.474394 0.435809 0.018561 0.072340
2 0.506972 0.417605 0.023558 0.076544
2 0.455930 0.340388 0.029983 0.088838
2 0.468780 0.661368 0.022844 0.061975
2 0.627974 0.977743 0.034266 0.044514
2 0.494122 0.667291 0.024986 0.036593
0 0.593708 0.259587 0.151342 0.187829
0 0.615839 0.484855 0.135637 0.234786
0 0.550876 0.714988 0.157053 0.255092
0 0.430944 0.534774 0.065677 0.128181
2 0.530765 0.018187 0.015559 0.036373
2 0.514273 0.021990 0.017426 0.039831
0 0.757354 0.122120 0.176126 0.229027
2 0.740551 0.333444 0.023027 0.034299
2 0.732849 0.377700 0.027228 0.060852
5 0.500000 0.500000 1.000000 1.000000