0 0.500000 0.453540 1.000000 0.907080
1 0.742001 0.010715 0.009833 0.016136
1 0.762045 0.010967 0.009076 0.007564
1 0.664284 0.021809 0.007942 0.011093
1 0.671281 0.029120 0.007564 0.005547
5 0.698321 0.016010 0.013993 0.025717
5 0.688299 0.044752 0.011346 0.028742
5 0.677521 0.044752 0.011724 0.024708
5 0.681492 0.019540 0.014371 0.014623
5 0.701914 0.034919 0.009076 0.010085
1 0.718554 0.015758 0.009833 0.009076
1 0.651237 0.005610 0.006807 0.011220
5 0.645375 0.011976 0.008698 0.013615
5 0.643484 0.025843 0.007942 0.018153
5 0.654262 0.038953 0.007564 0.021178
5 0.614364 0.485969 0.013237 0.021683
5 0.582596 0.516224 0.020800 0.050929
5 0.543075 0.483952 0.015884 0.057989
5 0.534188 0.489751 0.007942 0.025212
5 0.516413 0.479414 0.023826 0.031768
5 0.497126 0.482440 0.022313 0.036810
5 0.499584 0.506139 0.021935 0.027734
1 0.485591 0.472859 0.009076 0.015632
5 0.478595 0.503870 0.014749 0.059501
5 0.460253 0.471850 0.018909 0.049921
1 0.538348 0.452941 0.023069 0.019161
1 0.447205 0.444117 0.010967 0.015632
1 0.464413 0.388397 0.036306 0.041348
1 0.538348 0.212919 0.004916 0.009076
5 0.529839 0.223256 0.014371 0.014623
5 0.543643 0.242922 0.009455 0.027734
5 0.556501 0.254771 0.014749 0.023195
5 0.556123 0.225525 0.013237 0.037314
5 0.566712 0.247460 0.007942 0.025717
5 0.563497 0.217709 0.012102 0.022691
1 0.629680 0.205607 0.015127 0.019666
1 0.544399 0.138290 0.020044 0.024204