2 0.027385 0.738683 0.023349 0.083020
2 0.048140 0.727921 0.025079 0.092244
2 0.300731 0.245560 0.035889 0.117611
2 0.390453 0.405707 0.036321 0.097625
2 0.450772 0.369193 0.025511 0.095319
2 0.412289 0.514862 0.018593 0.080714
2 0.424180 0.503332 0.019025 0.109924
2 0.439313 0.518322 0.020755 0.104544
2 0.457258 0.511403 0.025511 0.106081
2 0.457690 0.543304 0.025511 0.088401
2 0.477580 0.482577 0.016863 0.097625
2 0.501146 0.428383 0.027673 0.115305
2 0.416613 0.355357 0.017728 0.073795
2 0.599444 0.014822 0.022485 0.026136
2 0.618685 0.013945 0.016863 0.027889
0 0.677923 0.049926 0.060968 0.086095
2 0.862772 0.305007 0.023349 0.082251
2 0.851314 0.347285 0.017728 0.066877
2 0.830126 0.336523 0.015134 0.063802
2 0.812182 0.317690 0.019025 0.070721
2 0.740693 0.230699 0.012107 0.048428
5 0.502811 0.501921 0.994378 0.996158