1 0.677521 0.926178 0.019287 0.034793
1 0.664662 0.918866 0.010211 0.021178
1 0.650669 0.921892 0.010967 0.018153
5 0.630626 0.916345 0.024582 0.044374
4 0.657666 0.940801 0.013615 0.030759
1 0.621927 0.381338 0.008698 0.009076
1 0.635920 0.375035 0.007942 0.007564
1 0.616822 0.408819 0.007564 0.018657
1 0.481431 0.391171 0.010589 0.012606
1 0.467627 0.390666 0.005673 0.005547
5 0.469896 0.414618 0.017018 0.043365
5 0.462144 0.440335 0.009076 0.018153
5 0.369488 0.310743 0.009076 0.023195
1 0.303305 0.538159 0.016640 0.022187
1 0.276454 0.511434 0.006807 0.008068
0 0.501475 0.500000 0.997050 1.000000