2 0.190749 0.122999 0.061685 0.123073
3 0.126980 0.717992 0.029403 0.059382
2 0.160058 0.729811 0.028970 0.057653
2 0.273365 0.889643 0.023964 0.046152
2 0.248735 0.918637 0.012869 0.035502
2 0.229431 0.894969 0.025739 0.056803
2 0.218115 0.939050 0.019082 0.031360
2 0.223662 0.967452 0.022189 0.024260
2 0.208198 0.972625 0.019458 0.023638
2 0.177931 0.893064 0.018593 0.022485
2 0.188957 0.914684 0.024214 0.033439
2 0.262752 0.916125 0.017296 0.032862
2 0.411496 0.473545 0.027673 0.050158
2 0.415171 0.520532 0.021187 0.054194
2 0.395065 0.509001 0.025944 0.056500
2 0.384687 0.528026 0.025944 0.055347
2 0.361771 0.531486 0.019025 0.047275
2 0.339502 0.555988 0.023782 0.054770
2 0.322855 0.570113 0.021620 0.054194
2 0.321558 0.516784 0.039780 0.043240
2 0.347934 0.518225 0.025079 0.039204
2 0.280264 0.448466 0.032430 0.034592
2 0.321270 0.463744 0.017296 0.039780
2 0.276300 0.521685 0.022485 0.041510
2 0.298353 0.500353 0.016431 0.041510
2 0.481904 0.181149 0.027241 0.063418
2 0.508929 0.194986 0.024214 0.050734
2 0.531846 0.226407 0.028538 0.027097
2 0.557141 0.183744 0.032430 0.057076
2 0.535305 0.120614 0.026808 0.059959
2 0.567302 0.243991 0.033727 0.046122
2 0.578761 0.208535 0.026376 0.043240
2 0.599588 0.191527 0.021620 0.038051
2 0.639801 0.154341 0.036321 0.063994
2 0.595264 0.139640 0.031997 0.035745
5 0.503092 0.504625 0.961214 0.985232