2 0.173482 0.627633 0.055762 0.091698
2 0.302664 0.581784 0.039033 0.128872
1 0.348203 0.597893 0.040892 0.141264
2 0.346344 0.709418 0.044610 0.076828
2 0.212515 0.535936 0.029740 0.106568
2 0.179988 0.534696 0.039033 0.114002
0 0.717162 0.549566 0.358736 0.351921
1 0.368765 0.690933 0.033457 0.094176
1 0.669261 0.563713 0.034696 0.067741
1 0.762198 0.648802 0.042131 0.072697
1 0.789459 0.607497 0.024783 0.049566
1 0.830971 0.600888 0.018587 0.052871
1 0.808047 0.588496 0.019827 0.123916
2 0.359472 0.068154 0.009913 0.047914
2 0.329112 0.087154 0.023544 0.059480
2 0.346461 0.059893 0.011152 0.080958
2 0.350798 0.135068 0.017348 0.059480
2 0.335308 0.136720 0.028501 0.039653
0 0.045952 0.390851 0.091904 0.439901
5 0.500000 0.500000 1.000000 1.000000