5 0.972698 0.396411 0.054604 0.113615
5 0.928168 0.381511 0.054945 0.116099
5 0.757512 0.360402 0.013503 0.036630
5 0.771249 0.346433 0.010244 0.034767
5 0.792435 0.476501 0.057273 0.113615
5 0.600593 0.139070 0.023747 0.083194
5 0.598498 0.078848 0.038182 0.067052
5 0.622478 0.018936 0.029335 0.037872
5 0.626901 0.048116 0.024213 0.054014
5 0.548674 0.057739 0.015832 0.080710
5 0.532377 0.134414 0.015832 0.042839
5 0.402698 0.518719 0.029335 0.097473
5 0.435059 0.538896 0.054945 0.110511
5 0.464627 0.537965 0.012572 0.091265
5 0.482089 0.553176 0.022351 0.100577
5 0.512122 0.513752 0.025610 0.107407
5 0.496058 0.495126 0.013969 0.034147
5 0.472077 0.583287 0.042373 0.063947
5 0.532144 0.537654 0.011641 0.032284
5 0.540759 0.538275 0.009313 0.031042
5 0.592211 0.614640 0.016297 0.014900
2 0.586624 0.589495 0.017229 0.019246
2 0.603620 0.607189 0.013969 0.022351
2 0.513053 0.746259 0.013503 0.017384
2 0.527022 0.733532 0.014435 0.019246
2 0.546113 0.722978 0.005122 0.026696
2 0.539129 0.723598 0.009778 0.027938
1 0.596635 0.687900 0.037251 0.063327
5 0.362187 0.945552 0.009778 0.044701
5 0.364515 0.783510 0.013503 0.029801
5 0.363351 0.818278 0.010244 0.038493
5 0.353041 0.587561 0.006137 0.024004
5 0.368181 0.559465 0.010229 0.045281
5 0.348745 0.557829 0.011457 0.028914
5 0.384547 0.026732 0.014321 0.033824
5 0.397845 0.021549 0.013093 0.036552
5 0.386593 0.052919 0.017594 0.033824
5 0.231315 0.534915 0.024550 0.072559
5 0.249113 0.524550 0.016776 0.056192
5 0.268958 0.503001 0.018003 0.070922
1 0.307420 0.556465 0.028642 0.041462
1 0.154392 0.549645 0.034370 0.049645
1 0.186920 0.527550 0.019231 0.034915
1 0.155415 0.510366 0.038871 0.043099
1 0.004569 0.986907 0.009138 0.026186
1 0.004774 0.950082 0.009547 0.033279
1 0.015480 0.943535 0.015957 0.032188
1 0.053328 0.959629 0.012275 0.026187
5 0.047600 0.986907 0.020458 0.026186
5 0.091380 0.646754 0.017185 0.040917
5 0.055987 0.585106 0.020049 0.037643
5 0.017935 0.588925 0.019231 0.034370
5 0.032870 0.516639 0.014730 0.032733
1 0.070513 0.494544 0.071195 0.046372
1 0.023391 0.693672 0.046781 0.055101
1 0.141094 0.117567 0.040507 0.050736
1 0.051418 0.059193 0.102836 0.108565
0 0.497340 0.495745 0.994680 0.991489