5 0.821740 0.046372 0.016367 0.032733
5 0.803532 0.062193 0.009411 0.028369
2 0.868794 0.046099 0.013093 0.039825
2 0.880660 0.046099 0.009820 0.024550
2 0.527141 0.376432 0.011457 0.033824
2 0.512411 0.421986 0.009820 0.031097
2 0.544735 0.451991 0.011457 0.033279
2 0.552919 0.463993 0.006547 0.021277
2 0.540644 0.508183 0.009002 0.023459
2 0.530619 0.506001 0.007774 0.024550
2 0.491748 0.402346 0.008592 0.023459
2 0.483974 0.404528 0.006956 0.022368
2 0.488066 0.422259 0.008592 0.017458
2 0.495226 0.428260 0.007365 0.019640
2 0.505251 0.459902 0.008592 0.019640
2 0.503410 0.441353 0.007365 0.019640
2 0.511593 0.448991 0.009820 0.021822
5 0.494613 0.471358 0.014321 0.021822
2 0.406847 0.979269 0.013093 0.025095
2 0.424032 0.931806 0.010638 0.019640
2 0.425055 0.985270 0.024959 0.015276
2 0.429555 0.993181 0.012684 0.013638
2 0.426282 0.963175 0.013502 0.016912
1 0.417894 0.967267 0.022913 0.060011
1 0.266708 0.504092 0.017594 0.017458
1 0.285938 0.543644 0.029051 0.031097
1 0.247477 0.531097 0.024959 0.018003
2 0.240316 0.558101 0.010638 0.027278
2 0.247886 0.556192 0.011866 0.023459
2 0.258729 0.559738 0.009002 0.017458
0 0.498936 0.498936 0.997872 0.997872
2 0.137821 0.990726 0.008592 0.018548
2 0.189580 0.956901 0.009820 0.024004
2 0.202469 0.955265 0.011866 0.018549
2 0.212493 0.941353 0.009002 0.024550
2 0.215357 0.967267 0.010638 0.025095
2 0.220676 0.946536 0.009820 0.024004
5 0.228655 0.981451 0.012684 0.025095
2 0.246658 0.981997 0.011866 0.036006
2 0.288189 0.926350 0.014730 0.032733
5 0.272436 0.928260 0.009411 0.014730
1 0.223950 0.978178 0.035188 0.032733
0 0.500000 0.498936 1.000000 0.997872
2 0.012500 0.945745 0.014362 0.074468