2 0.351465 0.527258 0.041078 0.122224
2 0.390597 0.458939 0.035456 0.075525
2 0.409406 0.507944 0.026376 0.088209
2 0.431674 0.522069 0.025944 0.058806
2 0.453294 0.520339 0.020755 0.039204
2 0.437512 0.430401 0.024647 0.053040
2 0.446808 0.449427 0.014701 0.044969
2 0.438593 0.483442 0.015566 0.039204
2 0.461293 0.455192 0.024647 0.039204
2 0.469293 0.466146 0.016431 0.042663
2 0.484859 0.386681 0.030268 0.068607
2 0.765339 0.781506 0.038916 0.101469
2 0.785446 0.767381 0.046266 0.068607
2 0.792364 0.830511 0.038483 0.106081
2 0.814632 0.789289 0.028538 0.097433
2 0.846629 0.806297 0.038051 0.122224
2 0.845116 0.867697 0.038483 0.050158
5 0.506183 0.502108 0.987634 0.995784