5 0.919531 0.039553 0.010638 0.018003
5 0.929555 0.043372 0.010229 0.026732
3 0.933238 0.024823 0.011866 0.031097
5 0.943467 0.009820 0.011866 0.019640
4 0.946536 0.275505 0.016367 0.012002
3 0.928328 0.279596 0.010229 0.024550
5 0.970881 0.348609 0.024141 0.039280
5 0.667690 0.933170 0.004501 0.015821
5 0.658279 0.933988 0.011866 0.020731
5 0.726609 0.950900 0.008592 0.018549
4 0.699195 0.694763 0.008592 0.016912
4 0.644367 0.678942 0.006137 0.007092
5 0.742976 0.523459 0.008592 0.020185
5 0.703492 0.357883 0.009820 0.030551
5 0.704514 0.047463 0.011047 0.030551
5 0.719244 0.070104 0.011047 0.032188
3 0.728860 0.069831 0.009820 0.032733
4 0.579310 0.844517 0.007774 0.010911
5 0.598745 0.653028 0.004910 0.010911
5 0.597518 0.370158 0.013093 0.044190
4 0.624932 0.204037 0.009820 0.032733
4 0.549441 0.195035 0.012684 0.031097
5 0.533688 0.159029 0.013093 0.031097
5 0.544531 0.165576 0.010229 0.024550
3 0.488475 0.226678 0.010229 0.024550
3 0.472518 0.213312 0.007774 0.019640
5 0.526732 0.354610 0.002455 0.012002
5 0.524073 0.354064 0.003682 0.012002
5 0.523459 0.366339 0.004910 0.014730
5 0.517935 0.118931 0.009411 0.028369
4 0.424645 0.728041 0.006137 0.012548
3 0.397027 0.575286 0.017185 0.034370
5 0.406028 0.585106 0.009820 0.032188
4 0.427919 0.570922 0.021686 0.028914
4 0.416258 0.589198 0.014730 0.036007
4 0.425055 0.591653 0.010229 0.022368
5 0.382911 0.163393 0.011866 0.021277
5 0.397640 0.152209 0.008592 0.028369
0 0.502394 0.495745 0.994149 0.991489