0 0.500000 0.500000 1.000000 1.000000
4 0.477271 0.428989 0.053702 0.041853
4 0.523032 0.612788 0.046139 0.080680
4 0.542886 0.657162 0.040466 0.098833
5 0.555934 0.618082 0.016640 0.055972
1 0.549505 0.417139 0.043113 0.075637
1 0.520952 0.385120 0.011724 0.021683
1 0.497504 0.453697 0.091143 0.089252
4 0.715150 0.061392 0.013615 0.028742
4 0.730088 0.026347 0.011724 0.032272
4 0.606043 0.100976 0.014749 0.025212
4 0.483889 0.035171 0.013993 0.016640
1 0.419787 0.579759 0.036306 0.033785
4 0.211595 0.127953 0.017775 0.037819
4 0.229370 0.034667 0.017018 0.020674
4 0.154111 0.049795 0.011724 0.018657
1 0.166024 0.020548 0.014371 0.013615
1 0.164511 0.041222 0.011346 0.013615