5 0.541690 0.403862 0.027007 0.049047
5 0.544018 0.477122 0.019557 0.065189
5 0.524694 0.496368 0.014435 0.086298
5 0.507931 0.487676 0.025610 0.042839
5 0.503275 0.418452 0.040510 0.043459
5 0.509328 0.418762 0.026541 0.071398
5 0.490936 0.505681 0.019557 0.049047
5 0.486046 0.454150 0.027473 0.070156
5 0.469284 0.443906 0.025610 0.070777
5 0.445070 0.459117 0.025610 0.070156
5 0.447864 0.492953 0.020954 0.057118
5 0.473241 0.517166 0.013038 0.055876
5 0.098172 0.356367 0.015366 0.054635
5 0.074890 0.353573 0.024679 0.060222
5 0.060921 0.382753 0.027473 0.063947
5 0.040898 0.388961 0.023747 0.046564
5 0.035776 0.360092 0.039579 0.036009
5 0.040433 0.319116 0.033991 0.045943
5 0.014047 0.345192 0.028093 0.057118
5 0.340768 0.201155 0.020022 0.053393
1 0.408052 0.336500 0.034457 0.043459
0 0.500303 0.358354 0.999394 0.716707