2 0.043167 0.869362 0.016863 0.036898
2 0.066084 0.359713 0.015134 0.047660
2 0.079272 0.275924 0.019890 0.039973
2 0.201496 0.234158 0.016431 0.033823
2 0.194578 0.583917 0.030268 0.067646
2 0.216630 0.518962 0.035456 0.073027
2 0.275436 0.879740 0.030268 0.071489
2 0.232124 0.431586 0.022052 0.034592
2 0.302388 0.084645 0.012972 0.033054
2 0.382381 0.268365 0.019025 0.080714
2 0.396434 0.292579 0.024647 0.072258
2 0.525936 0.466178 0.034592 0.069952
2 0.500425 0.463872 0.020755 0.056115
2 0.517721 0.374318 0.039780 0.116843
2 0.573284 0.336652 0.035024 0.109156
2 0.615442 0.073371 0.014701 0.031517
2 0.669708 0.048773 0.016863 0.073027
2 0.674969 0.681030 0.024214 0.059959
2 0.699831 0.659122 0.025511 0.036129
2 0.751431 0.221346 0.029835 0.066108
2 0.775645 0.248251 0.023782 0.083020
0 0.475062 0.334458 0.062896 0.143415
0 0.571305 0.199550 0.108017 0.197702
0 0.417711 0.059106 0.132628 0.110195
0 0.311692 0.079227 0.090500 0.099931
0 0.342327 0.282087 0.082069 0.115920
0 0.226719 0.332719 0.100056 0.097933
0 0.092655 0.097381 0.137718 0.098932
0 0.755200 0.829773 0.210793 0.230841
0 0.777965 0.477515 0.118044 0.173880
0 0.968241 0.869168 0.063518 0.261664
0 0.774592 0.168728 0.158516 0.137905
0 0.951565 0.090081 0.096870 0.111174
5 0.501967 0.500000 0.996065 1.000000