5 0.884165 0.076985 0.025610 0.068293
5 0.904653 0.313218 0.020954 0.054014
1 0.879276 0.776991 0.024213 0.046564
1 0.830384 0.745949 0.026076 0.032905
1 0.839464 0.716148 0.037717 0.036630
1 0.865307 0.708077 0.028869 0.036630
1 0.761237 0.789098 0.033060 0.039734
1 0.737490 0.455392 0.044235 0.036630
1 0.705361 0.430869 0.020022 0.078227
1 0.757512 0.493885 0.020022 0.049047
1 0.723986 0.539517 0.029335 0.045943
5 0.609673 0.227230 0.016763 0.043459
5 0.596635 0.239337 0.024213 0.047805
5 0.514450 0.324393 0.013503 0.057739
5 0.527954 0.340846 0.020954 0.060843
5 0.535869 0.278761 0.029335 0.048426
5 0.562876 0.290867 0.021885 0.057739
5 0.575449 0.288074 0.017229 0.052151
5 0.585693 0.302974 0.013503 0.058360
5 0.571258 0.380580 0.018160 0.050910
5 0.638077 0.301111 0.009313 0.039734
5 0.625272 0.309803 0.010710 0.050910
5 0.628764 0.343019 0.020488 0.040355
5 0.538198 0.929099 0.018160 0.075123
5 0.551701 0.911095 0.014435 0.057739
5 0.563808 0.929099 0.015366 0.067672
5 0.575914 0.928789 0.020022 0.053393
5 0.597101 0.886881 0.022351 0.067672
5 0.566136 0.866393 0.016297 0.075123
5 0.576613 0.873533 0.017694 0.048426
1 0.507233 0.208605 0.027007 0.050910
1 0.432731 0.458496 0.030732 0.044080
1 0.377553 0.589185 0.014435 0.042218
1 0.356600 0.552555 0.016297 0.052151
1 0.240423 0.520271 0.027938 0.033526
1 0.489772 0.537344 0.020954 0.042839
1 0.214348 0.463153 0.022351 0.031042
1 0.148693 0.511579 0.057739 0.047184
5 0.088160 0.272242 0.014900 0.040355
5 0.087229 0.315701 0.014900 0.035388
5 0.124014 0.294903 0.013038 0.024834
1 0.064413 0.481468 0.042839 0.061464
0 0.500000 0.497579 1.000000 0.995157