5 0.769981 0.385706 0.017594 0.025095
5 0.750750 0.385161 0.017594 0.026187
5 0.792894 0.377796 0.024959 0.040917
5 0.832379 0.522095 0.019640 0.061102
5 0.847722 0.495636 0.015957 0.052919
5 0.867362 0.482270 0.019231 0.070922
5 0.882706 0.472722 0.013912 0.058374
5 0.547190 0.561648 0.017185 0.051828
5 0.562943 0.558647 0.020049 0.053464
5 0.573991 0.542008 0.015957 0.047463
5 0.604064 0.643481 0.018003 0.072559
5 0.626364 0.641844 0.026596 0.069285
5 0.424032 0.371522 0.021277 0.050191
5 0.463312 0.665030 0.029460 0.073104
0 0.543085 0.587234 0.909574 0.817021