1 0.752856 0.142485 0.065655 0.055255
5 0.806171 0.324083 0.013038 0.029801
1 0.943068 0.451357 0.064258 0.040976
1 0.916527 0.476190 0.044701 0.034767
3 0.810828 0.441113 0.019557 0.057739
5 0.875551 0.595083 0.011175 0.040355
5 0.837602 0.799963 0.007916 0.018005
5 0.880207 0.812380 0.014900 0.026696
5 0.952847 0.766127 0.013038 0.023592
5 0.664618 0.766437 0.008381 0.026696
5 0.777767 0.764885 0.013038 0.026076
1 0.795229 0.627988 0.038648 0.051530
5 0.682079 0.461911 0.014435 0.034767
1 0.640870 0.119513 0.063327 0.067672
4 0.573120 0.249581 0.012572 0.042218
5 0.371500 0.154902 0.011641 0.035388
5 0.415037 0.470913 0.011175 0.042839
5 0.404094 0.469982 0.010710 0.040976
5 0.392221 0.474018 0.011175 0.044080
5 0.412942 0.497610 0.015366 0.011796
5 0.446700 0.462221 0.007450 0.046564
4 0.433895 0.467809 0.020954 0.058981
3 0.402232 0.383374 0.016297 0.057739
1 0.415037 0.039113 0.042839 0.033526
1 0.404793 0.955485 0.054014 0.068293
3 0.482554 0.539207 0.013038 0.026696
5 0.468818 0.537034 0.006985 0.024834
4 0.471146 0.545725 0.014435 0.032284
0 0.497276 0.497579 0.993341 0.985472