1 0.861634 0.101473 0.015139 0.020731
1 0.838516 0.080742 0.009820 0.025095
1 0.850177 0.408620 0.036416 0.044735
1 0.901937 0.391980 0.046645 0.094381
4 0.727428 0.244954 0.014321 0.028369
4 0.737043 0.246590 0.004910 0.021822
4 0.743999 0.245772 0.004092 0.025641
4 0.738271 0.227496 0.006547 0.013093
4 0.725791 0.056465 0.013502 0.032188
4 0.625955 0.193126 0.006137 0.015276
5 0.378001 0.529733 0.035597 0.064375
5 0.408893 0.530551 0.023732 0.049645
3 0.416871 0.507638 0.019231 0.044190
3 0.548622 0.278232 0.008592 0.033824
0 0.499734 0.498936 0.999468 0.997872