4 0.461051 0.713563 0.039361 0.069976
4 0.427156 0.705545 0.032801 0.071434
4 0.381235 0.664726 0.041548 0.100590
4 0.412942 0.639943 0.026241 0.074349
0 0.430436 0.613702 0.174940 0.304687
0 0.322192 0.359310 0.085283 0.084554
2 0.340233 0.317762 0.057949 0.097675
4 0.410756 0.306099 0.048108 0.077265
4 0.364287 0.238310 0.022961 0.090386
2 0.381235 0.230429 0.032801 0.068518
2 0.737128 0.705955 0.029521 0.001458
4 0.264790 0.239449 0.042642 0.071434
0 0.298685 0.221955 0.020774 0.121000
1 0.328753 0.230702 0.028428 0.071434
2 0.407475 0.123551 0.032801 0.081639
0 0.357727 0.154895 0.068883 0.077265
0 0.855855 0.182776 0.042387 0.085364
2 0.827757 0.212560 0.015932 0.055939
2 0.032270 0.771612 0.048017 0.142503
2 0.091130 0.834882 0.038724 0.064023
2 0.105070 0.800805 0.038724 0.111524
2 0.138373 0.791512 0.030979 0.072284
2 0.067895 0.800805 0.038724 0.165221
5 0.498451 0.496592 0.996902 0.993184