3 0.601609 0.099291 0.012275 0.037098
5 0.600996 0.059738 0.012684 0.038734
5 0.591994 0.045554 0.024141 0.025641
3 0.585038 0.019913 0.020867 0.021277
3 0.605496 0.007638 0.011866 0.015276
3 0.489703 0.477905 0.015957 0.068740
3 0.479064 0.486088 0.027414 0.070922
3 0.439989 0.469449 0.016367 0.059465
3 0.458197 0.486634 0.021686 0.086197
3 0.417690 0.226678 0.018412 0.048554
3 0.405005 0.225314 0.016776 0.048009
3 0.377591 0.161484 0.025777 0.065466
5 0.442444 0.092471 0.013912 0.054010
3 0.442239 0.202946 0.016776 0.056738
3 0.435897 0.200491 0.012275 0.050736
3 0.406642 0.130387 0.024959 0.032733
3 0.403573 0.149755 0.025368 0.048554
3 0.400095 0.164212 0.011047 0.042553
3 0.421577 0.177851 0.018822 0.039280
5 0.388639 0.100655 0.015139 0.025641
5 0.149482 0.062466 0.014730 0.045281
5 0.156028 0.042553 0.013093 0.028369
5 0.158279 0.066558 0.015139 0.033824
5 0.165030 0.063284 0.009820 0.031642
5 0.165439 0.090016 0.010638 0.036007
5 0.154392 0.100382 0.014730 0.031642
0 0.500000 0.373404 1.000000 0.746808