1 0.795515 0.023574 0.017018 0.017649
1 0.774336 0.010967 0.013237 0.011598
1 0.754103 0.018027 0.014371 0.016640
1 0.685652 0.314273 0.010589 0.012102
5 0.673171 0.279480 0.014371 0.029246
5 0.636487 0.106522 0.021178 0.040340
5 0.636866 0.180395 0.020422 0.054963
5 0.529083 0.441091 0.015884 0.037819
5 0.506202 0.478153 0.017775 0.021178
5 0.485213 0.473867 0.021178 0.033785
5 0.475569 0.511686 0.019287 0.026725
5 0.452311 0.412349 0.014371 0.041853
5 0.373837 0.402516 0.017775 0.048408
5 0.403336 0.400247 0.011724 0.032776
5 0.452689 0.479162 0.011346 0.026221
1 0.505257 0.459748 0.011346 0.011598
1 0.448151 0.503618 0.010589 0.010589
1 0.442856 0.349822 0.009076 0.016640
1 0.430754 0.350579 0.008320 0.006051
1 0.390666 0.355873 0.005295 0.010589
1 0.399743 0.360664 0.006807 0.011093
1 0.379510 0.336460 0.007186 0.010085
5 0.390855 0.341502 0.010967 0.014119
5 0.471220 0.485213 0.016640 0.032272
5 0.459874 0.516224 0.015884 0.054963
5 0.471787 0.529335 0.015506 0.039836
3 0.487104 0.501097 0.018153 0.036810
3 0.392179 0.384363 0.008320 0.011093
5 0.364004 0.054333 0.012480 0.038827
5 0.377808 0.050299 0.014371 0.049921
5 0.394259 0.070217 0.008698 0.012102
5 0.379510 0.075511 0.016262 0.022691
5 0.375161 0.090891 0.015884 0.028238
1 0.419219 0.024834 0.008698 0.010085
1 0.390099 0.027608 0.005673 0.008572
4 0.189282 0.853818 0.009455 0.032272
4 0.157704 0.833144 0.005295 0.021178
5 0.141063 0.831631 0.012102 0.022187
3 0.151653 0.838439 0.011346 0.027734
3 0.171886 0.827850 0.007942 0.023700
5 0.183042 0.778181 0.010589 0.015127
5 0.137849 0.802637 0.010211 0.009581
1 0.138038 0.820286 0.013615 0.012606
5 0.209704 0.346797 0.012480 0.039836
5 0.189282 0.350074 0.013237 0.039331
5 0.201762 0.347049 0.009455 0.035297
5 0.169806 0.129466 0.021935 0.048912
5 0.166213 0.169806 0.007186 0.012606
5 0.168482 0.180647 0.008698 0.010085
1 0.152787 0.107531 0.008320 0.012102
1 0.149384 0.082319 0.015884 0.015127
1 0.056161 0.016766 0.013993 0.014119
1 0.079041 0.019035 0.009076 0.007564
1 0.019477 0.033154 0.015506 0.010589
5 0.028175 0.057358 0.020800 0.042861
5 0.035739 0.034163 0.023069 0.046895
5 0.046328 0.075763 0.024582 0.058493
5 0.073179 0.045256 0.022313 0.074124
5 0.066939 0.079041 0.035550 0.064040
5 0.079419 0.112573 0.024960 0.041348
5 0.093034 0.054333 0.022691 0.055972
5 0.096627 0.098202 0.013993 0.027734
5 0.104568 0.118372 0.017018 0.020674
5 0.108918 0.071981 0.021178 0.061014
5 0.114212 0.105766 0.015127 0.009581
3 0.021557 0.526561 0.004538 0.014119
3 0.031389 0.526561 0.006051 0.020170
3 0.033469 0.526813 0.002647 0.013615
3 0.038953 0.530091 0.004538 0.018153
3 0.052001 0.519250 0.003404 0.011598
3 0.048030 0.520762 0.004538 0.014623
5 0.024393 0.525553 0.002647 0.011093
4 0.026662 0.635983 0.007186 0.017144
1 0.015317 0.628419 0.010211 0.021178
0 0.500737 0.501229 0.998525 0.997542