4 0.311958 0.400867 0.046468 0.171830
1 0.343556 0.498348 0.057621 0.214787
1 0.378872 0.529740 0.053903 0.224701
4 0.409541 0.496696 0.052045 0.198265
4 0.660471 0.561132 0.040892 0.135481
1 0.686493 0.652003 0.026022 0.171830
1 0.711586 0.655308 0.031599 0.145394
4 0.758054 0.623916 0.068773 0.161917
1 0.822181 0.057208 0.029740 0.112350
1 0.798017 0.052251 0.033457 0.069393
1 0.750620 0.514870 0.042751 0.115655
0 0.871437 0.564436 0.083643 0.188352
0 0.927819 0.815572 0.144362 0.313920
0 0.212515 0.810615 0.133829 0.257745
0 0.116481 0.118340 0.232962 0.221396
5 0.504957 0.500516 0.990086 0.998967