1 0.892117 0.029187 0.050736 0.058374
1 0.873500 0.118658 0.055237 0.074741
1 0.789416 0.049918 0.081015 0.099836
5 0.863680 0.404528 0.029869 0.045281
3 0.845267 0.389525 0.027414 0.044735
1 0.912984 0.406710 0.023732 0.037643
1 0.897845 0.278505 0.050736 0.048554
1 0.634547 0.129842 0.043781 0.063284
5 0.609179 0.012275 0.032324 0.024550
5 0.548009 0.039280 0.018822 0.074195
5 0.562739 0.034370 0.018003 0.068740
5 0.527960 0.165576 0.032733 0.093290
5 0.551896 0.168576 0.021686 0.093835
5 0.578696 0.150027 0.016367 0.038189
5 0.516912 0.241953 0.025368 0.091107
2 0.106315 0.201037 0.020049 0.047463
0 0.498138 0.498936 0.996276 0.997872