0 0.706312 0.688155 0.151340 0.243517
2 0.706013 0.361097 0.048544 0.117527
2 0.696432 0.528871 0.072816 0.143076
2 0.767970 0.399421 0.060041 0.156702
4 0.490760 0.563788 0.031937 0.103901
1 0.455629 0.552717 0.048544 0.146483
2 0.552717 0.729859 0.053654 0.098791
0 0.543136 0.823539 0.126469 0.160109
2 0.367484 0.467552 0.051099 0.088571
1 0.423054 0.512689 0.042156 0.090274
1 0.403892 0.566343 0.024272 0.061318
0 0.414750 0.439448 0.242718 0.338954
0 0.390479 0.801397 0.150741 0.241867
1 0.401337 0.891671 0.047266 0.061318
4 0.396703 0.240545 0.023760 0.056349
4 0.382956 0.243825 0.016181 0.048129
2 0.340947 0.151301 0.031740 0.047299
1 0.361173 0.141344 0.034852 0.053937
2 0.341880 0.130556 0.021160 0.051448
2 0.920712 0.074434 0.038835 0.100324
5 0.500000 0.500000 1.000000 1.000000