2 0.547195 0.690751 0.034315 0.114384
2 0.575791 0.684078 0.025736 0.120103
2 0.597953 0.687891 0.038605 0.127729
2 0.629510 0.651041 0.033087 0.163302
2 0.647996 0.614495 0.064341 0.122009
2 0.540761 0.616401 0.041464 0.110571
2 0.690890 0.590665 0.032885 0.089601
0 0.600813 0.308518 0.084358 0.142980
2 0.392522 0.302664 0.026022 0.083024
2 0.417151 0.310099 0.026952 0.097893
2 0.438991 0.303903 0.022305 0.092937
2 0.398563 0.105921 0.032528 0.107242
2 0.304697 0.176890 0.052974 0.089219
2 0.337690 0.026332 0.046468 0.050805
2 0.327002 0.076518 0.032528 0.071871
4 0.274957 0.108736 0.023234 0.037175
0 0.539280 0.193779 0.094860 0.155536
2 0.704393 0.534800 0.030669 0.053284
0 0.862763 0.664356 0.159851 0.228005
2 0.963693 0.377257 0.036431 0.045220
2 0.819433 0.030979 0.020017 0.033044
0 0.913084 0.050361 0.044324 0.064182
2 0.918089 0.234513 0.009532 0.022241
2 0.065294 0.280171 0.058622 0.075303
2 0.227933 0.312103 0.046468 0.049566
0 0.138929 0.099371 0.062911 0.069583
5 0.500000 0.501239 1.000000 0.988848