2 0.169397 0.536608 0.067214 0.142727
2 0.124588 0.335795 0.059746 0.159323
2 0.164730 0.442010 0.069081 0.112854
2 0.457859 0.583077 0.080284 0.169281
2 0.520405 0.480181 0.089619 0.149365
2 0.455058 0.500097 0.063480 0.156004
2 0.735118 0.644483 0.048544 0.152684
0 0.540010 0.309241 0.210978 0.438138
2 0.055068 0.322755 0.043846 0.172600
2 0.050762 0.427150 0.050893 0.069597
4 0.022967 0.213488 0.045412 0.082124
2 0.007177 0.294916 0.014354 0.072381
2 0.033928 0.298396 0.057939 0.129450
5 0.499191 0.500000 0.998382 1.000000