0 0.187559 0.470127 0.303398 0.571737
1 0.270488 0.569911 0.024272 0.097087
1 0.120811 0.603622 0.032362 0.088997
2 0.067211 0.476869 0.050566 0.078209
2 0.411062 0.654862 0.062702 0.153722
2 0.368586 0.513276 0.034385 0.075512
2 0.408028 0.524064 0.048544 0.086300
2 0.442413 0.444506 0.036408 0.072816
2 0.481855 0.408098 0.034385 0.080906
2 0.452527 0.402705 0.080906 0.124056
0 0.462640 0.490353 0.238673 0.412621
0 0.679064 0.730375 0.372168 0.466559
0 0.915093 0.355687 0.169813 0.345200
0 0.295712 0.910194 0.230583 0.179612
5 0.500000 0.499191 1.000000 0.998382