0 0.500000 0.502212 1.000000 0.995575
4 0.484835 0.410584 0.011346 0.036306
4 0.515657 0.416635 0.010967 0.038323
4 0.529839 0.419913 0.007564 0.036810
5 0.531541 0.412349 0.022313 0.026725
5 0.531352 0.442604 0.017397 0.031768
5 0.551017 0.413105 0.015127 0.042357
5 0.554988 0.427476 0.013237 0.041853
5 0.496748 0.409576 0.004916 0.024204
1 0.478216 0.379825 0.014749 0.022187
1 0.572763 0.389658 0.009455 0.009581
1 0.549694 0.325114 0.007186 0.007564
5 0.472733 0.977863 0.007564 0.022187
5 0.450609 0.952147 0.015506 0.042357
5 0.444369 0.979351 0.014371 0.041298
5 0.413168 0.948365 0.021557 0.046895
5 0.242796 0.702544 0.012858 0.028238
5 0.238636 0.655145 0.008320 0.021178
5 0.231639 0.667751 0.009455 0.011093
5 0.214999 0.649346 0.010211 0.020674
5 0.225588 0.966770 0.016262 0.032272