1 0.591672 0.317046 0.086605 0.061014
1 0.573898 0.377304 0.020800 0.033280
1 0.616822 0.358142 0.024960 0.016136
1 0.592996 0.373018 0.012858 0.018657
4 0.614364 0.386128 0.012480 0.042861
3 0.454580 0.137029 0.012102 0.043870
3 0.420921 0.448907 0.013615 0.037314
3 0.398986 0.435292 0.007564 0.040340
4 0.433212 0.450924 0.016262 0.039331
4 0.407874 0.431006 0.014749 0.041853
1 0.395961 0.408567 0.018909 0.025212
1 0.414492 0.418904 0.012102 0.021683
1 0.429430 0.418652 0.014749 0.015127
1 0.411845 0.354865 0.015884 0.019666
4 0.322215 0.210902 0.011346 0.036306
4 0.333749 0.210145 0.015506 0.031768
1 0.116670 0.256032 0.023069 0.029751
1 0.093790 0.281749 0.018909 0.016640
0 0.500737 0.502212 0.998525 0.995575