2 0.133322 0.808250 0.018161 0.059190
2 0.176994 0.818244 0.021620 0.079176
3 0.481904 0.325121 0.032430 0.129142
2 0.567230 0.178299 0.015999 0.050734
2 0.582796 0.220193 0.018593 0.051503
0 0.704948 0.591220 0.119341 0.148360
2 0.707759 0.345620 0.021187 0.052272
2 0.666537 0.205716 0.015134 0.052272
2 0.673239 0.156135 0.019025 0.043816
2 0.682103 0.114625 0.021187 0.060727
2 0.770960 0.308722 0.010377 0.043047
2 0.779392 0.303341 0.013404 0.056884
2 0.789553 0.284892 0.018161 0.044585
2 0.787824 0.486292 0.019025 0.066108
2 0.800147 0.476684 0.019458 0.056115
2 0.942189 0.624915 0.017296 0.052272
2 0.985644 0.631065 0.019458 0.061496
2 0.983699 0.680646 0.017296 0.063802
5 0.501967 0.503420 0.996065 0.993160