2 0.468560 0.384240 0.026006 0.074357
2 0.514765 0.390212 0.032074 0.080136
1 0.477924 0.531990 0.036408 0.067807
1 0.476624 0.589780 0.028606 0.078595
1 0.494828 0.606732 0.019938 0.069348
2 0.510431 0.535072 0.025139 0.080136
1 0.529502 0.573599 0.019938 0.080136
2 0.503930 0.613667 0.022538 0.077053
1 0.557241 0.563582 0.045943 0.158730
2 0.559408 0.578222 0.015603 0.067807
0 0.281697 0.525890 0.157767 0.443486
2 0.981765 0.750111 0.025517 0.089619
2 0.988860 0.734148 0.022280 0.106215
5 0.770070 0.500000 0.457999 1.000000