5 0.548418 0.447627 0.013912 0.064921
5 0.534506 0.452810 0.014730 0.052373
5 0.532870 0.477905 0.014730 0.037098
5 0.518549 0.459356 0.013912 0.065466
5 0.502182 0.447081 0.016367 0.064921
5 0.492362 0.469995 0.009820 0.046372
5 0.505251 0.495908 0.020867 0.039280
1 0.524686 0.643208 0.027005 0.029460
1 0.502387 0.576650 0.019231 0.039280
1 0.467812 0.615657 0.033552 0.042008
1 0.285529 0.106110 0.020049 0.028914
1 0.192239 0.079378 0.025777 0.075832
1 0.208402 0.116203 0.018822 0.080742
1 0.214744 0.132570 0.024141 0.073104
1 0.237452 0.152209 0.022913 0.082924
1 0.255660 0.136116 0.024141 0.059465
1 0.226200 0.443535 0.019231 0.044735
1 0.255046 0.430169 0.010638 0.030005
1 0.265071 0.442990 0.011866 0.042553
1 0.243794 0.455265 0.014321 0.051828
1 0.253410 0.455537 0.013093 0.043644
1 0.008115 0.522368 0.007774 0.027823
1 0.021413 0.505183 0.004910 0.019640
1 0.028778 0.499727 0.008183 0.018549
1 0.027346 0.525095 0.017594 0.022368
1 0.038598 0.525368 0.011457 0.022913
1 0.070308 0.481724 0.009411 0.024004
1 0.092608 0.508183 0.013093 0.022368
0 0.498138 0.445745 0.996276 0.891489