1 0.842724 0.592289 0.091730 0.080710
5 0.847380 0.831626 0.015366 0.036630
5 0.674396 0.597566 0.016763 0.037872
5 0.667179 0.308872 0.018160 0.031663
5 0.669507 0.278450 0.015366 0.022971
5 0.571258 0.184081 0.016297 0.039113
4 0.604085 0.224126 0.013969 0.039734
4 0.620382 0.220401 0.010244 0.023592
3 0.613864 0.225368 0.009313 0.036009
1 0.435059 0.124790 0.071708 0.042218
1 0.379183 0.576768 0.080089 0.085677
1 0.260446 0.404793 0.009313 0.019867
4 0.207130 0.352642 0.013503 0.034767
3 0.230645 0.606258 0.012107 0.035388
3 0.166853 0.647855 0.013038 0.041597
0 0.502119 0.493947 0.995762 0.983051