0 0.665872 0.503862 0.089555 0.158464
4 0.554974 0.580862 0.031804 0.091508
4 0.532376 0.586442 0.028457 0.078116
1 0.574224 0.449180 0.026783 0.066957
1 0.580502 0.501072 0.017576 0.052450
1 0.584268 0.551847 0.033478 0.040174
1 0.558741 0.488796 0.037663 0.112711
1 0.496492 0.470377 0.038291 0.078105
1 0.528819 0.488227 0.047707 0.131682
1 0.491440 0.910713 0.018048 0.049788
2 0.501709 0.917766 0.019915 0.062235
1 0.512289 0.923160 0.027384 0.066385
4 0.544651 0.909053 0.029873 0.078002
3 0.522869 0.496224 0.026139 0.074683
0 0.704930 0.264574 0.219360 0.196872
5 0.500000 0.500000 1.000000 1.000000