5 0.852837 0.235952 0.011457 0.031097
1 0.814375 0.180578 0.112111 0.089471
1 0.911961 0.332242 0.067512 0.074195
5 0.788803 0.335788 0.031506 0.069285
5 0.728451 0.261593 0.043372 0.059465
5 0.747681 0.313966 0.022913 0.034370
5 0.805578 0.453082 0.013502 0.035461
5 0.825627 0.463448 0.033142 0.070376
1 0.711266 0.512275 0.061375 0.087289
5 0.940807 0.592744 0.014730 0.028914
5 0.951650 0.589198 0.015139 0.028369
5 0.959834 0.955810 0.017594 0.041462
5 0.617976 0.976268 0.011457 0.035461
5 0.579105 0.295690 0.016367 0.060011
5 0.592812 0.296508 0.010229 0.031097
5 0.654392 0.379705 0.020458 0.032733
1 0.657460 0.334424 0.042144 0.080742
5 0.564785 0.983361 0.017185 0.033278
5 0.571945 0.941899 0.018412 0.044190
5 0.588925 0.936989 0.015548 0.042008
5 0.519163 0.872613 0.024141 0.051828
5 0.550055 0.888434 0.010638 0.020185
5 0.503819 0.711675 0.029460 0.044190
5 0.537780 0.701855 0.014730 0.031097
5 0.478246 0.720676 0.016776 0.065466
5 0.461879 0.690944 0.016776 0.037643
5 0.444490 0.698036 0.027823 0.047463
5 0.433033 0.677851 0.027823 0.044190
5 0.498500 0.396890 0.028642 0.116203
5 0.510161 0.437261 0.017594 0.035461
5 0.475177 0.385979 0.034370 0.061648
5 0.524891 0.360884 0.036416 0.074741
1 0.452469 0.100927 0.065057 0.070922
1 0.362657 0.220676 0.036007 0.054010
5 0.268753 0.327878 0.015139 0.039280
5 0.282256 0.342335 0.009411 0.034370
5 0.337698 0.554010 0.010638 0.035461
5 0.348131 0.561375 0.009411 0.030551
5 0.334834 0.842608 0.015548 0.037643
1 0.165030 0.761866 0.122750 0.094381
5 0.296372 0.020731 0.036825 0.041462
5 0.026323 0.052373 0.011457 0.021822
5 0.041053 0.061102 0.015548 0.034915
5 0.086675 0.620840 0.015957 0.013093
5 0.039825 0.552373 0.009002 0.016912
5 0.032665 0.549645 0.012684 0.011457
5 0.975532 0.907447 0.022340 0.031915
5 0.982713 0.948936 0.014362 0.038298
0 0.501596 0.500000 0.989362 1.000000