2 0.468428 0.525186 0.017800 0.058710
2 0.486462 0.525810 0.024827 0.099931
2 0.461167 0.587018 0.044501 0.072450
2 0.624493 0.182921 0.017332 0.044969
2 0.600837 0.220708 0.019674 0.025607
2 0.607863 0.229139 0.029979 0.048717
2 0.642527 0.309084 0.023421 0.034976
2 0.648617 0.389134 0.015927 0.025607
2 0.700144 0.283165 0.019674 0.046843
2 0.721223 0.284414 0.013116 0.036850
2 0.739257 0.279105 0.018269 0.058710
2 0.729889 0.321576 0.007963 0.038723
2 0.740897 0.326885 0.020611 0.058085
2 0.922803 0.356239 0.012179 0.026857
2 0.935919 0.369668 0.018737 0.039973
2 0.959809 0.365920 0.022485 0.036225
2 0.969646 0.349057 0.015927 0.028730
0 0.944070 0.471265 0.111860 0.142402
0 0.984992 0.257710 0.030016 0.075548
5 0.518141 0.501916 0.963718 0.996167