1 0.039252 0.255529 0.057452 0.114904
1 0.240333 0.368180 0.043934 0.083361
1 0.291026 0.379445 0.023657 0.092374
1 0.269059 0.352409 0.030416 0.137434
1 0.353547 0.300590 0.047313 0.078855
1 0.318907 0.228493 0.042244 0.146446
1 0.269904 0.243138 0.042244 0.072096
1 0.530972 0.873606 0.043934 0.076602
2 0.441415 0.879238 0.054072 0.078855
1 0.456331 0.231014 0.038060 0.082610
1 0.436416 0.315985 0.046026 0.059007
0 0.492620 0.285301 0.121260 0.207706
0 0.629813 0.268779 0.112409 0.165221
0 0.485097 0.773982 0.161090 0.367223
0 0.619634 0.620070 0.061958 0.061368
0 0.719017 0.499060 0.021522 0.043044
2 0.703854 0.502973 0.018587 0.027392
1 0.006777 0.825653 0.013553 0.037175
1 0.016748 0.823717 0.018007 0.039498
1 0.019362 0.750142 0.026719 0.059634
1 0.051890 0.736976 0.024396 0.054988
1 0.076576 0.675559 0.014521 0.038724
4 0.065249 0.687950 0.013941 0.037175
1 0.085289 0.480851 0.043564 0.080545
0 0.069025 0.427025 0.076092 0.053439
0 0.163704 0.328361 0.137663 0.161090
5 0.500000 0.500000 1.000000 1.000000