2 0.327547 0.477334 0.017702 0.044846
2 0.334185 0.509198 0.011506 0.056647
2 0.348347 0.502117 0.018587 0.094412
2 0.361181 0.500347 0.015932 0.076710
2 0.373573 0.495626 0.033634 0.086151
2 0.399684 0.492086 0.015047 0.074349
2 0.408092 0.482054 0.021243 0.077890
2 0.428892 0.480284 0.029209 0.093232
1 0.516961 0.550503 0.021243 0.054287
1 0.528025 0.486775 0.018587 0.063728
1 0.509438 0.461402 0.018587 0.038945
2 0.544399 0.486185 0.014162 0.050746
1 0.563429 0.484415 0.023898 0.044846
0 0.553251 0.437799 0.063728 0.050746
0 0.498374 0.144163 0.099133 0.157181
1 0.653762 0.325386 0.017305 0.041020
2 0.663376 0.320258 0.013460 0.027347
0 0.665940 0.286929 0.053198 0.058112
2 0.799897 0.219844 0.017305 0.036747
2 0.816562 0.218562 0.021151 0.059821
2 0.823007 0.678026 0.018587 0.051219
2 0.846241 0.645808 0.013011 0.036349
2 0.854915 0.666460 0.024164 0.031392
4 0.878150 0.659851 0.021066 0.054523
1 0.963651 0.253459 0.028501 0.040479
1 0.982549 0.399267 0.032838 0.052871
0 0.217990 0.454987 0.083643 0.086741
5 0.500310 0.500000 0.999380 1.000000