2 0.504670 0.478598 0.038457 0.097423
2 0.541203 0.513209 0.039738 0.094860
2 0.620039 0.361092 0.015383 0.082895
2 0.601132 0.355109 0.028842 0.086314
2 0.660419 0.323062 0.035893 0.030765
2 0.546331 0.378611 0.016665 0.078622
2 0.572930 0.381602 0.024997 0.086314
2 0.593440 0.425613 0.037816 0.063240
2 0.391543 0.319395 0.032688 0.081186
2 0.423911 0.195301 0.032047 0.061531
2 0.400196 0.200001 0.019228 0.070931
2 0.380967 0.215811 0.016665 0.070076
2 0.352766 0.395453 0.037175 0.082895
2 0.623244 0.280083 0.032047 0.047003
2 0.682211 0.678412 0.028202 0.078622
0 0.587031 0.138230 0.098064 0.114515
2 0.340908 0.822330 0.023715 0.060676
2 0.361419 0.827031 0.030124 0.066658
0 0.853785 0.295333 0.137684 0.097297
0 0.866521 0.237505 0.002065 0.014686
0 0.734531 0.285158 0.074349 0.101319
0 0.766512 0.654422 0.116444 0.118813
2 0.774713 0.842809 0.030068 0.051753
2 0.771159 0.905860 0.026241 0.046651
2 0.798493 0.904767 0.024054 0.063416
2 0.854802 0.932101 0.020774 0.055398
2 0.832388 0.931008 0.034988 0.060500
2 0.826648 0.873424 0.050842 0.066331
2 0.813527 0.864312 0.023508 0.091843
2 0.026229 0.356344 0.052458 0.100475
2 0.110078 0.356464 0.058240 0.076002
2 0.028914 0.220983 0.037175 0.142090
2 0.072904 0.271375 0.045849 0.104089
0 0.220363 0.206939 0.209418 0.226353
5 0.500000 0.490087 1.000000 0.976456