5 0.975791 0.261593 0.007774 0.035461
5 0.990316 0.261047 0.013093 0.033279
1 0.954719 0.286688 0.020458 0.040917
1 0.989498 0.235134 0.019640 0.025095
1 0.819490 0.120295 0.023322 0.025641
5 0.776528 0.360884 0.021686 0.064921
5 0.685284 0.211948 0.036416 0.112930
5 0.639253 0.361429 0.022095 0.081288
3 0.648663 0.408347 0.020458 0.020185
1 0.554146 0.412166 0.049100 0.043099
5 0.713516 0.123841 0.004501 0.012002
5 0.717812 0.127660 0.005728 0.012002
5 0.713312 0.133933 0.003273 0.008183
5 0.504637 0.134479 0.010638 0.031097
5 0.511798 0.432079 0.020867 0.061102
3 0.492567 0.483633 0.021686 0.072559
3 0.481315 0.463448 0.013093 0.064921
3 0.505865 0.479815 0.018822 0.064921
5 0.323991 0.589744 0.018412 0.077469
5 0.349154 0.603110 0.013912 0.076923
5 0.359384 0.596836 0.021277 0.066558
5 0.378614 0.594926 0.020458 0.072559
2 0.284097 0.181669 0.018003 0.068740
5 0.224154 0.144026 0.014321 0.040371
5 0.241339 0.647845 0.014321 0.022368
1 0.169122 0.067921 0.058101 0.111839
5 0.115112 0.339334 0.019640 0.075286
5 0.102837 0.353519 0.028642 0.077469
5 0.149482 0.464812 0.033552 0.091653
5 0.078287 0.491817 0.025368 0.094381
2 0.070922 0.632842 0.020458 0.033824
3 0.039007 0.507365 0.022913 0.094926
2 0.014594 0.388161 0.029187 0.069285
2 0.019572 0.440535 0.029051 0.052919
0 0.498936 0.377660 0.997872 0.755319