1 0.880440 0.135345 0.050754 0.094369
1 0.954476 0.519960 0.058205 0.058981
1 0.971006 0.578630 0.035388 0.064568
1 0.909077 0.655305 0.045632 0.056497
1 0.802679 0.442975 0.031198 0.035388
1 0.781725 0.476501 0.024679 0.058981
1 0.807801 0.488297 0.023747 0.042839
1 0.746570 0.501335 0.031663 0.031663
1 0.788477 0.534240 0.044701 0.036630
1 0.621779 0.176010 0.037251 0.044080
1 0.636447 0.218228 0.041442 0.032905
1 0.670904 0.170423 0.040510 0.070156
1 0.711880 0.180046 0.043304 0.048426
1 0.672068 0.292730 0.047495 0.022971
1 0.715139 0.231576 0.048892 0.036009
5 0.777302 0.316633 0.013969 0.037251
5 0.702334 0.257342 0.015832 0.029180
5 0.503741 0.362575 0.029335 0.059601
5 0.411312 0.417210 0.021419 0.031042
1 0.461601 0.030422 0.069845 0.060843
1 0.311433 0.047184 0.034923 0.036009
1 0.285124 0.024213 0.032595 0.048426
1 0.423651 0.441113 0.029335 0.032905
1 0.103294 0.111442 0.034923 0.040355
1 0.084203 0.063637 0.033991 0.030422
1 0.094447 0.014900 0.022816 0.029800
1 0.129369 0.015211 0.038648 0.030422
1 0.160334 0.470913 0.044701 0.055255
1 0.161964 0.517787 0.020954 0.032284
5 0.083737 0.568697 0.011641 0.019867
0 0.497881 0.497579 0.995762 0.995157