0 0.500000 0.500000 1.000000 1.000000
4 0.924476 0.383355 0.014749 0.012102
4 0.924665 0.402768 0.013615 0.016640
4 0.960782 0.428485 0.020800 0.031768
1 0.925611 0.302423 0.050299 0.051938
1 0.899894 0.336208 0.060132 0.078158
1 0.950004 0.365454 0.041600 0.052946
1 0.920505 0.418652 0.032524 0.036306
1 0.988617 0.395457 0.022766 0.045382
1 0.935255 0.538159 0.035550 0.039331
1 0.991831 0.549000 0.016338 0.023700
5 0.989146 0.519754 0.017775 0.030759
4 0.960404 0.603207 0.018531 0.025212
1 0.963618 0.571944 0.049164 0.037314
1 0.875879 0.555051 0.026473 0.030759
1 0.847326 0.566901 0.028364 0.063535
1 0.982906 0.763558 0.030255 0.029246
1 0.612851 0.861382 0.047273 0.067569
4 0.628167 0.864156 0.012858 0.022691
4 0.611716 0.833396 0.010211 0.010589
4 0.612662 0.621360 0.010589 0.011093
4 0.703048 0.293851 0.003782 0.012606
4 0.686030 0.297633 0.006807 0.013110
4 0.680924 0.307465 0.006429 0.009581
4 0.676197 0.314273 0.006807 0.011093
5 0.694350 0.301667 0.006807 0.019161
5 0.495802 0.490760 0.028742 0.046391
5 0.450420 0.497063 0.015127 0.042861
5 0.461765 0.468321 0.014371 0.040844
5 0.466871 0.600686 0.012480 0.034289
1 0.412412 0.482187 0.035171 0.052442
1 0.442478 0.539420 0.018909 0.021683
1 0.473111 0.548496 0.051433 0.047904
1 0.518493 0.587323 0.027986 0.038827
1 0.452878 0.613796 0.034415 0.043365
1 0.454769 0.585558 0.016262 0.016136
1 0.477838 0.592618 0.017775 0.025212
1 0.373270 0.627915 0.039331 0.039331
1 0.330346 0.731286 0.057862 0.085722
1 0.305385 0.782215 0.024582 0.035297
4 0.407496 0.500340 0.009455 0.017144
5 0.098518 0.584550 0.011724 0.015127
4 0.109863 0.570935 0.004916 0.011093
4 0.104001 0.565641 0.006051 0.012606
4 0.098518 0.563624 0.010967 0.013615
1 0.185689 0.385120 0.025717 0.032776
1 0.157893 0.379321 0.028364 0.030255
1 0.139551 0.416383 0.031011 0.025717
1 0.042924 0.385876 0.035171 0.031263
1 0.092088 0.228803 0.032146 0.035802
1 0.013237 0.182664 0.026473 0.035297
1 0.247334 0.915085 0.018909 0.024708
1 0.239959 0.954668 0.020044 0.035297
1 0.270781 0.926430 0.016640 0.022187