5 0.973336 0.088652 0.009411 0.008183
5 0.869203 0.969176 0.020458 0.044190
5 0.765276 0.956901 0.030278 0.026187
5 0.741339 0.968085 0.024959 0.042008
5 0.813352 0.973813 0.018412 0.050191
4 0.797190 0.951173 0.022095 0.048554
3 0.682010 0.908074 0.021686 0.057283
3 0.700423 0.913257 0.021686 0.049100
4 0.710243 0.917076 0.027414 0.073104
5 0.727223 0.899073 0.018822 0.040371
5 0.672804 0.722040 0.015548 0.031097
5 0.668099 0.730769 0.023322 0.036552
3 0.681397 0.760775 0.015548 0.035461
3 0.706765 0.494272 0.009820 0.032733
3 0.617362 0.375341 0.010229 0.028369
4 0.703901 0.349973 0.013912 0.028914
4 0.726405 0.351337 0.009820 0.006547
4 0.692239 0.236498 0.014321 0.038734
5 0.678123 0.195035 0.013912 0.047463
5 0.633115 0.068740 0.005728 0.017458
5 0.628614 0.062739 0.004910 0.019640
5 0.630456 0.079651 0.006137 0.018549
5 0.639253 0.076923 0.006547 0.016367
5 0.502796 0.053191 0.010229 0.024550
5 0.481929 0.483088 0.007774 0.015821
5 0.488475 0.499727 0.006137 0.015276
4 0.692444 0.449809 0.003273 0.008183
4 0.719449 0.542008 0.007365 0.010366
4 0.675055 0.453628 0.004501 0.006001
5 0.563148 0.719585 0.007365 0.008729
4 0.494203 0.876705 0.015139 0.015276
5 0.607747 0.914348 0.006547 0.026187
5 0.579924 0.879160 0.006547 0.015821
5 0.441217 0.917894 0.004910 0.012548
5 0.457583 0.920622 0.008183 0.021277
5 0.453492 0.928805 0.005728 0.019094
5 0.446536 0.926077 0.004092 0.016912
5 0.407665 0.759411 0.004092 0.017458
5 0.502796 0.834424 0.006137 0.015821
3 0.478451 0.400709 0.005728 0.011457
3 0.354883 0.180578 0.013912 0.044735
3 0.346086 0.194217 0.013502 0.042553
3 0.359179 0.147300 0.011866 0.038189
4 0.150095 0.318876 0.020049 0.035461
5 0.141708 0.285325 0.008183 0.027278
5 0.212698 0.293235 0.010229 0.020185
5 0.204924 0.290235 0.011047 0.021822
5 0.193467 0.312057 0.011047 0.027278
5 0.150300 0.286961 0.008183 0.021822
5 0.123091 0.248773 0.006956 0.029460
5 0.129842 0.255046 0.009002 0.020185
5 0.119408 0.282324 0.008592 0.031097
5 0.128001 0.281506 0.011047 0.027278
5 0.153369 0.280415 0.020867 0.025095
5 0.150914 0.267049 0.009411 0.021277
5 0.171781 0.591653 0.015957 0.048554
5 0.152550 0.657665 0.033961 0.045281
5 0.051487 0.529733 0.016776 0.038189
4 0.267935 0.305237 0.012684 0.014730
5 0.419122 0.427169 0.007365 0.016367
4 0.489498 0.451173 0.008183 0.014184
0 0.500798 0.500000 0.997340 0.995745