0 0.500000 0.370944 1.000000 0.741888
5 0.433780 0.514711 0.034793 0.094294
5 0.460820 0.455714 0.037440 0.103371
5 0.538915 0.531352 0.012102 0.036810
5 0.550450 0.520510 0.013237 0.029246
5 0.522842 0.560346 0.014749 0.039331
5 0.395772 0.398986 0.023826 0.072612
5 0.405605 0.388397 0.032146 0.066561
5 0.594698 0.529335 0.018531 0.053955
1 0.593752 0.495046 0.036306 0.055972
5 0.632516 0.474372 0.019287 0.016640
1 0.676008 0.413610 0.026095 0.050425
1 0.647833 0.388145 0.012858 0.023700
1 0.608880 0.261075 0.043870 0.057989
1 0.638567 0.225777 0.032902 0.030759
1 0.680168 0.210902 0.044248 0.039331
1 0.694539 0.257545 0.019287 0.033785
1 0.653128 0.270655 0.014371 0.023700
1 0.663150 0.299397 0.032146 0.034793
1 0.712314 0.306961 0.038953 0.050929
1 0.293473 0.358142 0.012102 0.012102
1 0.329967 0.358647 0.013237 0.015127
1 0.191362 0.202834 0.013615 0.053450
5 0.185689 0.244434 0.020422 0.053955
1 0.151653 0.178630 0.011346 0.018153
1 0.154300 0.148123 0.013615 0.016640
1 0.135391 0.141568 0.013615 0.020674
1 0.113645 0.126945 0.013237 0.012606
1 0.128205 0.115599 0.012858 0.024204
1 0.146925 0.089126 0.013993 0.016640
5 0.151085 0.191740 0.020044 0.054459
5 0.127071 0.200817 0.035550 0.069586
5 0.103245 0.238383 0.031011 0.077150