2 0.590827 0.823031 0.027184 0.122546
2 0.567526 0.758306 0.050485 0.117368
2 0.559759 0.825620 0.031068 0.048328
2 0.608576 0.831428 0.028155 0.060410
2 0.530421 0.629486 0.027184 0.088026
2 0.549353 0.649335 0.022330 0.093204
2 0.571683 0.619993 0.030097 0.082848
2 0.544984 0.547501 0.031068 0.089752
2 0.530421 0.462927 0.050485 0.072492
2 0.590129 0.523337 0.014563 0.124272
2 0.560032 0.520748 0.026214 0.108738
2 0.579450 0.553542 0.037864 0.098382
2 0.627508 0.068824 0.025243 0.082848
2 0.609547 0.036893 0.020388 0.063862
2 0.566828 0.076591 0.032039 0.105286
5 0.500000 0.500000 1.000000 1.000000