2 0.474276 0.492486 0.025736 0.083881
2 0.497867 0.448639 0.035745 0.072443
2 0.457833 0.416230 0.018587 0.068630
2 0.482139 0.415277 0.044324 0.093413
2 0.449254 0.531567 0.024307 0.081975
2 0.435671 0.507737 0.051473 0.087694
2 0.402786 0.451498 0.020017 0.123916
2 0.359892 0.474216 0.037175 0.095320
2 0.392062 0.461824 0.052902 0.188733
0 0.532897 0.108426 0.446097 0.216852
2 0.680917 0.959418 0.055762 0.081164
0 0.699504 0.901177 0.275093 0.197646
2 0.113073 0.802354 0.065056 0.118959
5 0.500000 0.500000 1.000000 1.000000