0 0.500000 0.500000 1.000000 1.000000
5 0.490697 0.570431 0.012480 0.026221
5 0.478216 0.577995 0.011724 0.027229
5 0.462711 0.578499 0.015506 0.036306
5 0.448340 0.560598 0.016262 0.041853
5 0.931662 0.692711 0.011724 0.046895
5 0.943764 0.691955 0.013237 0.019161
5 0.949815 0.643547 0.016262 0.026221
5 0.947546 0.670272 0.013993 0.025212
5 0.963997 0.688425 0.022691 0.022187
5 0.975342 0.680609 0.013615 0.027734
5 0.796838 0.628167 0.004538 0.018657
5 0.793246 0.627159 0.006429 0.014623
3 0.787384 0.630184 0.006051 0.018657
5 0.473300 0.764819 0.012480 0.044878
5 0.485780 0.750700 0.013237 0.035802
5 0.499584 0.757255 0.015127 0.046895
5 0.508471 0.758768 0.009455 0.034793
5 0.483889 0.945339 0.017018 0.047904
5 0.483133 0.981141 0.017775 0.019666
5 0.513388 0.965257 0.013237 0.040340
5 0.502609 0.941305 0.014371 0.022691
5 0.332804 0.636992 0.007564 0.019161
5 0.154867 0.988175 0.024582 0.023649
5 0.168482 0.984646 0.010211 0.030708