2 0.484790 0.779147 0.050871 0.092176
2 0.523921 0.760017 0.031305 0.074784
2 0.520986 0.806104 0.045001 0.062610
2 0.476474 0.437401 0.030327 0.097393
2 0.494573 0.442618 0.027392 0.104350
2 0.542019 0.380008 0.030327 0.086958
2 0.496529 0.513055 0.019566 0.036523
2 0.538106 0.439140 0.026414 0.069567
2 0.534682 0.500880 0.019566 0.057393
2 0.519030 0.423487 0.023479 0.153047
2 0.651587 0.347834 0.016631 0.113046
2 0.607075 0.336529 0.025435 0.083480
2 0.627619 0.354790 0.031305 0.133916
2 0.674576 0.314789 0.043044 0.113046
4 0.283672 0.302684 0.027217 0.113294
2 0.254131 0.311535 0.025226 0.126276
2 0.233884 0.284982 0.025890 0.120375
0 0.269067 0.166377 0.093601 0.178203
2 0.172479 0.368772 0.018587 0.063728
4 0.197705 0.447842 0.041158 0.087331
2 0.150241 0.367002 0.024562 0.053107
4 0.157211 0.414208 0.030536 0.055467
5 0.409554 0.561292 0.744734 0.877415