0 0.500000 0.500000 1.000000 1.000000
4 0.524733 0.429241 0.017018 0.087739
4 0.594698 0.399491 0.037440 0.056476
4 0.579003 0.445125 0.031011 0.035802
4 0.572574 0.432771 0.027986 0.080680
4 0.598102 0.455462 0.021557 0.065552
3 0.528515 0.488491 0.034415 0.055972
1 0.547803 0.429241 0.007186 0.009076
4 0.983095 0.024582 0.013993 0.043870
4 0.963429 0.025843 0.015506 0.049416
4 0.974964 0.047273 0.019666 0.077150
3 0.996180 0.039710 0.007639 0.052946
3 0.783980 0.029120 0.023448 0.038827
4 0.381590 0.989965 0.009076 0.018153
5 0.385939 0.980133 0.007186 0.012606
5 0.249414 0.535890 0.011724 0.025717
1 0.245821 0.509165 0.028742 0.017649