4 0.453634 0.478153 0.014749 0.017144
4 0.460820 0.479666 0.010967 0.013110
4 0.470653 0.500340 0.013993 0.055467
4 0.480107 0.517485 0.007942 0.046391
4 0.491453 0.524796 0.016262 0.052946
4 0.487104 0.554799 0.015127 0.026221
4 0.492966 0.570935 0.010211 0.015127
4 0.500529 0.565136 0.014749 0.024708
4 0.506391 0.577742 0.024960 0.060006
4 0.533810 0.577742 0.022313 0.082192
4 0.556879 0.495298 0.025338 0.050425
4 0.561985 0.538159 0.013615 0.034289
4 0.547425 0.530343 0.018531 0.044878
4 0.574465 0.532864 0.014371 0.033785
4 0.580894 0.522023 0.021935 0.035297
4 0.583920 0.512190 0.020422 0.029751
3 0.514711 0.586567 0.015884 0.047399
3 0.509795 0.529839 0.022691 0.062023
3 0.553854 0.569422 0.012480 0.037314
1 0.505068 0.483448 0.008698 0.011598
1 0.517737 0.486726 0.006051 0.012102
1 0.511308 0.515468 0.005295 0.010085
1 0.521519 0.510425 0.006051 0.006051
1 0.466115 0.471094 0.010211 0.015127
3 0.948869 0.526561 0.012102 0.026221
3 0.962295 0.514964 0.013993 0.032272
3 0.957568 0.523032 0.013615 0.026221
3 0.939225 0.534629 0.010211 0.011093
3 0.952273 0.537907 0.009076 0.008572
3 0.973451 0.524292 0.009833 0.027734
4 0.981961 0.518493 0.014749 0.022187
4 0.967211 0.530847 0.004160 0.006555
4 0.977233 0.545975 0.006807 0.007564
3 0.970993 0.539924 0.011724 0.012606
1 0.974397 0.510173 0.010211 0.007564
3 0.996369 0.508913 0.007261 0.023195
3 0.833901 0.025086 0.013615 0.017649
3 0.830119 0.053829 0.012102 0.036810
3 0.805726 0.037188 0.008698 0.023700
4 0.842032 0.037188 0.010211 0.027734
4 0.837304 0.042483 0.006807 0.026221
4 0.852054 0.068452 0.011346 0.025717
4 0.835413 0.078032 0.015127 0.024708
4 0.843733 0.089630 0.009076 0.023700
4 0.823879 0.038449 0.007186 0.012102
3 0.807806 0.035423 0.011346 0.022187
5 0.273618 0.608502 0.008698 0.022691
0 0.500000 0.500000 1.000000 1.000000