1 0.683852 0.063011 0.041735 0.055101
2 0.690194 0.108838 0.006137 0.012548
2 0.576650 0.119749 0.008183 0.022368
1 0.698172 0.108292 0.008183 0.012548
1 0.710038 0.127114 0.011457 0.015276
1 0.626773 0.288871 0.013502 0.028914
1 0.614089 0.498636 0.019231 0.029460
1 0.596290 0.468358 0.028642 0.018003
1 0.578287 0.480906 0.013093 0.024550
1 0.586266 0.510638 0.018412 0.019640
1 0.698786 0.486634 0.019231 0.026187
1 0.719449 0.483088 0.012275 0.043099
2 0.713925 0.501637 0.005319 0.022368
2 0.708402 0.500273 0.006547 0.021822
2 0.726609 0.484724 0.006956 0.019094
2 0.761593 0.332515 0.004092 0.019094
2 0.755046 0.327059 0.005728 0.021277
2 0.755046 0.337698 0.004092 0.015276
5 0.637821 0.630115 0.010229 0.026187
5 0.630251 0.641844 0.008183 0.022368
5 0.653778 0.624932 0.015139 0.019094
5 0.010106 0.978723 0.000000 0.029787
5 0.685897 0.795417 0.009820 0.024004
5 0.694694 0.800055 0.006956 0.032188
2 0.518140 0.619749 0.009002 0.017458
2 0.537166 0.626296 0.008592 0.031642
2 0.545145 0.623841 0.011457 0.013639
5 0.546167 0.594654 0.015957 0.030551
1 0.418917 0.484724 0.020049 0.015821
1 0.374318 0.492635 0.013502 0.017458
2 0.384343 0.513366 0.006547 0.024004
2 0.389662 0.525095 0.010638 0.022368
2 0.394981 0.530824 0.007365 0.025095
2 0.399073 0.530278 0.007365 0.022913
2 0.404801 0.521277 0.011457 0.022368
2 0.404801 0.534643 0.009002 0.017458
2 0.528983 0.414348 0.004501 0.019094
2 0.521208 0.400164 0.007774 0.015821
5 0.523868 0.422531 0.009002 0.028914
5 0.536143 0.421167 0.007365 0.028369
5 0.540030 0.419258 0.006956 0.025641
3 0.532256 0.422259 0.000409 0.025095
1 0.432624 0.275505 0.041735 0.030551
1 0.448786 0.308238 0.017594 0.029460
1 0.402346 0.311238 0.021277 0.030005
1 0.384138 0.277687 0.030687 0.028369
1 0.367158 0.323513 0.015548 0.027278
1 0.363680 0.289416 0.011047 0.032188
5 0.548418 0.220131 0.009002 0.024550
5 0.544122 0.201037 0.009411 0.025641
5 0.541462 0.213312 0.011457 0.021822
2 0.383729 0.086470 0.006956 0.027823
2 0.389662 0.086470 0.008183 0.031097
2 0.507501 0.029460 0.006547 0.014184
3 0.409915 0.007092 0.012684 0.014184
3 0.388639 0.067649 0.006956 0.016367
1 0.238271 0.165576 0.018003 0.028914
1 0.211470 0.119203 0.032324 0.031097
1 0.231519 0.079378 0.023322 0.032188
1 0.236839 0.124113 0.016776 0.042008
1 0.180783 0.041735 0.026596 0.023459
1 0.166871 0.010638 0.030687 0.021276
1 0.149073 0.045008 0.021277 0.016912
1 0.114703 0.024277 0.035188 0.048554
2 0.247272 0.127114 0.010638 0.021822
2 0.239089 0.135297 0.003273 0.019640
2 0.125546 0.032733 0.003682 0.017458
2 0.128614 0.033552 0.004910 0.013639
3 0.031438 0.030824 0.028232 0.052919
3 0.077059 0.133388 0.008183 0.015821
2 0.064362 0.125532 0.015957 0.029787
0 0.398670 0.403191 0.793085 0.806382