2 0.020899 0.025295 0.017296 0.036898
2 0.035384 0.034520 0.022052 0.036898
2 0.032141 0.069976 0.017296 0.034015
2 0.030412 0.086407 0.020755 0.032285
2 0.067814 0.042303 0.019458 0.043240
2 0.090731 0.096784 0.020323 0.048428
2 0.051383 0.203442 0.025511 0.031132
2 0.029115 0.212090 0.025079 0.032285
2 0.006774 0.134547 0.013548 0.025944
2 0.022412 0.261671 0.014269 0.032285
2 0.188236 0.136565 0.019890 0.054194
2 0.231692 0.516784 0.017728 0.035168
2 0.209856 0.507848 0.014701 0.031132
2 0.320621 0.104568 0.020323 0.060535
2 0.340511 0.094478 0.022052 0.065724
2 0.360617 0.329221 0.014701 0.024791
2 0.361915 0.360065 0.019025 0.039204
2 0.376832 0.343057 0.015999 0.036321
2 0.388723 0.379379 0.019025 0.032862
2 0.530260 0.628342 0.020755 0.039204
2 0.476427 0.347285 0.025511 0.037474
2 0.493723 0.413009 0.026376 0.052464
2 0.517505 0.422522 0.018593 0.056500
2 0.514478 0.361698 0.018593 0.042086
2 0.531341 0.376976 0.017728 0.048428
2 0.547772 0.385048 0.022917 0.047275
0 0.538980 0.298281 0.061832 0.065148
4 0.606434 0.164526 0.018593 0.037474
2 0.605569 0.110333 0.018593 0.024791
2 0.613136 0.084677 0.018161 0.034592
2 0.626973 0.170292 0.020755 0.053617
2 0.689238 0.164238 0.022485 0.049581
2 0.653709 0.027889 0.027241 0.052464
2 0.640737 0.037114 0.028970 0.045546
2 0.629279 0.024430 0.027673 0.029403
2 0.616956 0.044032 0.016863 0.031709
2 0.626757 0.599516 0.015134 0.046122
2 0.642971 0.600092 0.014701 0.040357
2 0.653781 0.585103 0.012972 0.026520
0 0.566365 0.616043 0.038483 0.050734
5 0.501967 0.494519 0.996065 0.989038