2 0.399606 0.352782 0.018995 0.088176
2 0.422295 0.370605 0.032714 0.131326
2 0.451316 0.342464 0.025327 0.142582
2 0.473477 0.326517 0.031659 0.140706
2 0.708281 0.292747 0.030604 0.095680
0 0.077213 0.700708 0.154425 0.156165
2 0.056283 0.566343 0.050654 0.127574
2 0.077388 0.358098 0.044322 0.093804
2 0.031483 0.364664 0.028493 0.058159
2 0.113269 0.209887 0.031659 0.060035
2 0.135957 0.287744 0.030604 0.061911
1 0.137540 0.238028 0.025327 0.041274
4 0.144928 0.192064 0.027438 0.076919
2 0.162340 0.124525 0.013719 0.046902
0 0.275257 0.170489 0.070705 0.176352
2 0.143345 0.136720 0.036935 0.063787
0 0.056790 0.877728 0.064414 0.149365
0 0.028162 0.108497 0.056323 0.087960
0 0.924595 0.238997 0.133981 0.229881
2 0.758576 0.164320 0.031068 0.042557
1 0.815858 0.836318 0.034951 0.055232
2 0.848867 0.903632 0.011650 0.058684
2 0.838188 0.905358 0.017476 0.062136
2 0.825566 0.892413 0.027184 0.056958
4 0.884790 0.916577 0.025243 0.060410
0 0.656149 0.115426 0.074757 0.120820
5 0.500000 0.498112 1.000000 0.996224