0 0.185079 0.081604 0.131541 0.155901
2 0.279446 0.714413 0.009532 0.045754
2 0.290408 0.700009 0.010485 0.040670
2 0.299940 0.703822 0.012392 0.038128
2 0.300893 0.684334 0.011438 0.039822
2 0.308757 0.683911 0.010962 0.049143
0 0.276110 0.629428 0.140120 0.127940
2 0.319242 0.407351 0.027166 0.091507
2 0.338782 0.400149 0.027166 0.100827
2 0.357132 0.484375 0.022877 0.064394
4 0.382391 0.466158 0.011438 0.034739
4 0.370000 0.506828 0.015251 0.034739
0 0.445064 0.055630 0.077686 0.111259
0 0.431958 0.331722 0.017158 0.049990
2 0.605201 0.834666 0.024307 0.083034
2 0.563261 0.921513 0.018587 0.058463
2 0.572793 0.945661 0.015728 0.074561
2 0.587805 0.957099 0.016204 0.065241
2 0.600435 0.964301 0.011915 0.054226
0 0.640708 0.735622 0.159184 0.125398
2 0.539431 0.492027 0.035745 0.101674
2 0.556112 0.498805 0.023353 0.118620
2 0.575176 0.500191 0.022400 0.107376
2 0.606393 0.445655 0.028596 0.120315
0 0.688368 0.128629 0.116290 0.207585
2 0.769866 0.824534 0.023830 0.112689
2 0.793855 0.945272 0.030502 0.069478
2 0.832936 0.977720 0.017158 0.044560
2 0.792902 0.980011 0.013345 0.033891
2 0.807200 0.985769 0.015251 0.028462
2 0.821260 0.975178 0.013821 0.049644
2 0.897992 0.833430 0.027166 0.088118
2 0.919757 0.863933 0.023353 0.066088
2 0.943110 0.847834 0.024307 0.115231
2 0.958599 0.866898 0.011438 0.061852
2 0.971944 0.853765 0.020017 0.079645
2 0.917374 0.335896 0.016681 0.083034
0 0.922378 0.271397 0.129635 0.177930
2 0.948353 0.302005 0.016681 0.088118
2 0.756045 0.057457 0.009532 0.053379
2 0.767483 0.068471 0.000000 0.024571
2 0.763194 0.062117 0.011438 0.052532
2 0.772249 0.066777 0.007626 0.043212
2 0.831348 0.077368 0.014298 0.076256
2 0.844454 0.065506 0.019541 0.066088
2 0.856846 0.049575 0.012868 0.069478
2 0.868284 0.077112 0.013821 0.073714
5 0.504027 0.500516 0.991946 0.998967