2 0.212632 0.685977 0.028501 0.094176
2 0.181033 0.680194 0.044610 0.112350
0 0.391070 0.742152 0.159851 0.110698
0 0.359149 0.833402 0.144981 0.089219
2 0.428335 0.180504 0.047914 0.137133
2 0.496076 0.389508 0.054523 0.135481
2 0.519620 0.463858 0.066914 0.079306
4 0.432879 0.492772 0.042131 0.061132
2 0.468815 0.483684 0.032218 0.085915
2 0.488641 0.515076 0.024783 0.076002
2 0.532012 0.364725 0.042131 0.125568
2 0.561751 0.369682 0.081784 0.142090
2 0.589013 0.468815 0.039653 0.082610
2 0.602024 0.440727 0.065675 0.178439
2 0.639199 0.482858 0.070632 0.147047
2 0.388269 0.353160 0.057001 0.138786
2 0.377117 0.504612 0.017348 0.059480
4 0.352953 0.495525 0.011152 0.038001
5 0.500310 0.500000 0.999380 1.000000