0 0.500000 0.500000 1.000000 1.000000
5 0.420354 0.532864 0.032146 0.097320
5 0.375728 0.385120 0.020044 0.031768
1 0.548748 0.230820 0.018909 0.024708
1 0.380455 0.261579 0.022691 0.028742
1 0.234854 0.078032 0.014371 0.024708
3 0.260381 0.111817 0.045761 0.086226
1 0.407685 0.377052 0.014371 0.017649
1 0.294985 0.456471 0.023448 0.020170
1 0.232395 0.434032 0.018531 0.013615
1 0.261138 0.354865 0.022313 0.021683
1 0.322782 0.261579 0.013993 0.019666
1 0.364382 0.244686 0.015506 0.015127
1 0.241661 0.063157 0.009833 0.013110
1 0.113645 0.368984 0.025338 0.037819
1 0.154300 0.367219 0.026473 0.028238
1 0.058808 0.323349 0.023826 0.027229
1 0.070532 0.247712 0.055593 0.041348
3 0.073179 0.361672 0.046517 0.065552
5 0.135202 0.354865 0.030633 0.034793
3 0.079986 0.112069 0.057106 0.086731
1 0.083579 0.070217 0.014371 0.022187
1 0.146358 0.198548 0.020422 0.027734