5 0.888230 0.828969 0.014321 0.054010
5 0.908279 0.830878 0.015139 0.046918
5 0.917690 0.809056 0.011866 0.032733
5 0.932215 0.819694 0.020458 0.028914
5 0.991476 0.852973 0.017048 0.030005
5 0.963925 0.844244 0.013502 0.045281
5 0.949400 0.825423 0.017185 0.036007
5 0.950832 0.845336 0.012684 0.032188
5 0.675259 0.083470 0.013093 0.033824
5 0.506069 0.196945 0.015139 0.019640
5 0.521618 0.237861 0.028232 0.074195
5 0.501364 0.274141 0.025368 0.034370
5 0.581356 0.390344 0.020049 0.039825
5 0.564375 0.402073 0.013093 0.021822
1 0.562125 0.354610 0.071604 0.076378
1 0.468221 0.179214 0.062193 0.052919
1 0.487452 0.263502 0.029460 0.051282
1 0.445308 0.259138 0.035188 0.037098
1 0.399482 0.456901 0.037643 0.043099
1 0.377591 0.560284 0.035597 0.058920
1 0.440398 0.540371 0.035188 0.054010
5 0.404801 0.598472 0.027823 0.087289
1 0.427919 0.576650 0.018412 0.031642
5 0.365112 0.393071 0.022095 0.074741
1 0.340153 0.355155 0.035188 0.063284
1 0.052100 0.550464 0.084288 0.100382
0 0.501862 0.501064 0.996276 0.997872