2 0.427422 0.161355 0.025511 0.048428
2 0.463095 0.185858 0.033727 0.082443
2 0.454015 0.448177 0.031132 0.072066
2 0.467419 0.476716 0.027673 0.095703
2 0.490768 0.478445 0.020755 0.093397
2 0.498119 0.419639 0.034592 0.048428
2 0.509145 0.479022 0.021187 0.074948
2 0.520820 0.479022 0.022052 0.114152
2 0.547412 0.468644 0.026808 0.086479
2 0.540710 0.518225 0.025511 0.058806
2 0.551736 0.410703 0.028538 0.087056
2 0.567518 0.457978 0.022917 0.063994
2 0.558799 0.897964 0.012107 0.061112
2 0.572203 0.889893 0.021620 0.074948
2 0.575662 0.938033 0.024214 0.037474
2 0.598146 0.936592 0.017296 0.076102
2 0.621712 0.934574 0.026376 0.051311
2 0.628414 0.893929 0.030268 0.050734
4 0.739107 0.118116 0.044969 0.107234
5 0.503654 0.503232 0.992692 0.993536