2 0.457869 0.416976 0.037175 0.096654
2 0.489467 0.439281 0.048327 0.171004
2 0.527571 0.410781 0.039033 0.163569
2 0.546159 0.410781 0.050186 0.143742
2 0.588600 0.392869 0.025346 0.081108
2 0.565788 0.407514 0.015208 0.087868
2 0.960769 0.119128 0.048158 0.114904
2 0.963727 0.233469 0.045624 0.098006
2 0.976794 0.178833 0.046412 0.072096
2 0.920472 0.535161 0.025736 0.040670
2 0.938106 0.532619 0.009532 0.034315
2 0.946684 0.524358 0.013345 0.047024
2 0.953595 0.531348 0.013821 0.047024
4 0.989070 0.101198 0.021860 0.079433
5 0.473414 0.498761 0.946828 0.997522