0 0.500000 0.500000 1.000000 1.000000
4 0.556501 0.313768 0.023069 0.078663
5 0.554610 0.325366 0.023069 0.076646
5 0.547803 0.339485 0.025338 0.073620
5 0.533621 0.333686 0.019666 0.081184
5 0.545723 0.186950 0.012858 0.075133
5 0.536079 0.186194 0.015506 0.078663
4 0.523599 0.171066 0.017775 0.078663
5 0.423758 0.135517 0.016262 0.030759
5 0.403147 0.092656 0.009076 0.035802
5 0.904621 0.738093 0.019666 0.038827
5 0.841275 0.688173 0.009455 0.044878
5 0.831442 0.694224 0.012480 0.044878
5 0.819340 0.693972 0.012480 0.049416
5 0.810264 0.683887 0.005673 0.020170
5 0.761289 0.254771 0.009833 0.029246
5 0.753347 0.247460 0.009833 0.031768
5 0.766773 0.225777 0.009455 0.022691
5 0.745972 0.248216 0.009455 0.033280
3 0.325807 0.636487 0.009455 0.022187
3 0.321836 0.622116 0.010589 0.019666
3 0.315785 0.633966 0.008320 0.026221
3 0.166024 0.697249 0.006051 0.022691
3 0.161107 0.696493 0.006807 0.025212
4 0.245821 0.344023 0.009076 0.022187
4 0.371190 0.371757 0.012480 0.039331
4 0.363248 0.368732 0.007942 0.037314
4 0.344717 0.341754 0.008698 0.033785
4 0.235610 0.236366 0.015884 0.033785
5 0.339611 0.244182 0.008320 0.026221
5 0.075070 0.810705 0.009455 0.026725
5 0.082823 0.803394 0.008320 0.030255
5 0.085470 0.778433 0.009833 0.026725
5 0.067884 0.771122 0.012480 0.033280
5 0.060321 0.782215 0.010967 0.029246
5 0.058997 0.805411 0.012102 0.021178
5 0.051433 0.821294 0.008320 0.023700
5 0.128583 0.649094 0.007564 0.020170
5 0.120830 0.649850 0.009455 0.019666
5 0.113078 0.647833 0.009076 0.019666
5 0.019855 0.987923 0.007942 0.024153