1 0.611634 0.444354 0.065057 0.054010
1 0.652550 0.526187 0.028232 0.039825
5 0.613271 0.503546 0.034779 0.089471
2 0.562739 0.543917 0.017185 0.044735
2 0.551691 0.336607 0.013093 0.053464
2 0.536143 0.335243 0.013912 0.027823
2 0.537984 0.322422 0.007774 0.021822
2 0.578901 0.516094 0.011866 0.014184
1 0.573377 0.524550 0.031097 0.042008
5 0.544326 0.124932 0.019640 0.052373
2 0.553532 0.220676 0.016776 0.051828
2 0.364089 0.237316 0.024141 0.051282
2 0.402755 0.131206 0.013912 0.039825
2 0.347518 0.165848 0.013912 0.032733
5 0.343017 0.181397 0.009820 0.034370
1 0.213564 0.179787 0.020745 0.023404
1 0.156915 0.311702 0.022340 0.023404
0 0.383245 0.539362 0.766489 0.904255