0 0.500000 0.500000 1.000000 1.000000
5 0.475947 0.540428 0.041222 0.104379
5 0.669011 0.499080 0.024960 0.081184
5 0.644429 0.533873 0.043870 0.100345
5 0.614931 0.504626 0.036306 0.089252
5 0.594131 0.507652 0.012858 0.047904
5 0.584109 0.478406 0.045004 0.069082
5 0.914832 0.242417 0.010589 0.022691
5 0.931094 0.242417 0.015884 0.025717
5 0.907080 0.187454 0.015506 0.025717
5 0.894600 0.193757 0.012480 0.024204
5 0.621927 0.859113 0.024582 0.063031
5 0.544021 0.029372 0.009455 0.028238
5 0.562174 0.050047 0.019287 0.045382
5 0.558392 0.084336 0.022313 0.022187
5 0.533999 0.148879 0.021178 0.018153
5 0.525679 0.165267 0.015127 0.017649
5 0.509606 0.164259 0.013237 0.019666
5 0.506202 0.155435 0.014749 0.022187
5 0.502231 0.146862 0.015127 0.014119
5 0.370622 0.302927 0.018909 0.056980
5 0.356630 0.311247 0.020422 0.068578
5 0.343582 0.321584 0.015506 0.055972
5 0.359655 0.353100 0.017397 0.034289
5 0.380455 0.167789 0.032524 0.074124
5 0.365895 0.187959 0.032146 0.074124
5 0.359466 0.219474 0.031389 0.023195
5 0.335073 0.177621 0.029499 0.081688
1 0.013804 0.298641 0.027608 0.021178
1 0.015506 0.880796 0.029499 0.038827