2 0.449969 0.414946 0.032528 0.110698
2 0.516419 0.352162 0.037175 0.074349
2 0.532683 0.408337 0.038104 0.057827
2 0.544300 0.469469 0.055762 0.090872
2 0.465768 0.450468 0.026952 0.128872
2 0.479709 0.462034 0.019517 0.145394
2 0.507125 0.483512 0.042751 0.132177
2 0.496902 0.029998 0.037175 0.059996
2 0.122645 0.192506 0.018111 0.049328
2 0.010644 0.398066 0.012392 0.026266
2 0.033997 0.402726 0.006672 0.042364
2 0.023989 0.388322 0.010485 0.030502
2 0.023274 0.412046 0.009055 0.020335
2 0.103581 0.392135 0.006672 0.026266
2 0.096194 0.390440 0.010009 0.031350
2 0.813760 0.412020 0.016053 0.072096
3 0.830658 0.390992 0.014363 0.042056
3 0.839529 0.422534 0.027036 0.051068
5 0.500000 0.500516 1.000000 0.998967