0 0.500000 0.500000 1.000000 1.000000
5 0.516413 0.493281 0.020044 0.061518
5 0.661259 0.579759 0.019287 0.037819
4 0.658800 0.413862 0.009833 0.026725
3 0.703994 0.580516 0.013993 0.016136
3 0.429430 0.701788 0.011724 0.018657
3 0.419598 0.738093 0.014749 0.018657
3 0.383481 0.738093 0.010589 0.011598
4 0.392935 0.655901 0.008320 0.011598
1 0.397852 0.732799 0.049921 0.049416
1 0.481809 0.705822 0.016640 0.020674
1 0.430376 0.688929 0.028742 0.019161
1 0.394448 0.655397 0.018909 0.021683
1 0.565010 0.522023 0.031768 0.033280
1 0.571628 0.469077 0.072234 0.050425
1 0.597534 0.503618 0.008320 0.011598
1 0.646888 0.573708 0.016262 0.020674
1 0.680168 0.567405 0.011724 0.021178
1 0.702859 0.555808 0.010211 0.025212
1 0.710990 0.517737 0.006051 0.009581
1 0.634407 0.409071 0.013237 0.019161
1 0.625142 0.379825 0.006807 0.009076
1 0.656153 0.387389 0.010589 0.016136
1 0.713637 0.394196 0.018153 0.033785
1 0.745594 0.365706 0.016262 0.026221
1 0.830308 0.041979 0.025338 0.027229
1 0.901596 0.434032 0.018909 0.030759
1 0.920127 0.480927 0.009076 0.022691
1 0.929204 0.461261 0.009833 0.014623
1 0.934687 0.478153 0.009455 0.016136
1 0.953597 0.488995 0.005673 0.011598
4 0.967022 0.517485 0.013615 0.023195
4 0.951706 0.521771 0.009455 0.017649
4 0.796649 0.373018 0.011724 0.010589
4 0.812155 0.372513 0.007186 0.013615
1 0.832388 0.343015 0.006807 0.013110
1 0.630436 0.143333 0.043113 0.035297
1 0.633462 0.168797 0.012102 0.009581
1 0.594320 0.167032 0.012480 0.015127
1 0.600371 0.177621 0.004916 0.010085
1 0.646509 0.204094 0.015506 0.028742
1 0.574087 0.062149 0.022691 0.034289
1 0.547046 0.067443 0.032902 0.024708
1 0.572763 0.097698 0.022313 0.019666
1 0.487860 0.143333 0.006051 0.015127
1 0.519439 0.105010 0.017018 0.015127
1 0.500529 0.113330 0.006429 0.007564
1 0.513388 0.160225 0.007186 0.006555
1 0.456471 0.207372 0.012102 0.012102
1 0.031011 0.606989 0.012858 0.023700
1 0.056728 0.626655 0.023448 0.028742
1 0.016451 0.641530 0.023826 0.020170
1 0.007564 0.546227 0.013615 0.017144