5 0.805783 0.082651 0.025368 0.069285
2 0.750750 0.012548 0.017594 0.025095
2 0.769776 0.013639 0.018003 0.027278
5 0.703901 0.427987 0.023732 0.075832
5 0.666258 0.435352 0.013093 0.030551
5 0.647845 0.422804 0.016367 0.010911
5 0.492771 0.514457 0.021277 0.049100
5 0.506069 0.521004 0.015139 0.064375
5 0.518753 0.535461 0.011866 0.057283
5 0.526118 0.543917 0.011866 0.060011
5 0.538803 0.528096 0.020867 0.037098
5 0.538393 0.512548 0.009411 0.031097
5 0.539212 0.486361 0.015957 0.063830
5 0.550668 0.525095 0.016776 0.059465
5 0.566012 0.511729 0.018003 0.055646
5 0.555987 0.506547 0.006137 0.033279
5 0.519572 0.487998 0.011047 0.027823
5 0.541667 0.660666 0.013502 0.034915
5 0.495022 0.715221 0.007774 0.024004
5 0.486634 0.711402 0.007365 0.019640
5 0.480701 0.719585 0.005319 0.019640
5 0.476609 0.716039 0.007774 0.033279
5 0.463925 0.707310 0.015139 0.025641
5 0.454719 0.650846 0.017185 0.019640
5 0.410529 0.651937 0.007365 0.015276
5 0.417894 0.695308 0.004092 0.018003
5 0.432215 0.720404 0.009002 0.035461
5 0.437534 0.512821 0.009820 0.034915
5 0.431601 0.557829 0.010229 0.036552
5 0.419531 0.550736 0.006547 0.015821
5 0.451650 0.511184 0.008592 0.036007
5 0.442853 0.520458 0.008183 0.050191
5 0.589334 0.454992 0.009002 0.027278
5 0.399073 0.903983 0.008183 0.021822
5 0.401937 0.764321 0.013093 0.010911
5 0.409711 0.762411 0.009002 0.014730
5 0.409711 0.747681 0.014730 0.013639
5 0.419940 0.775777 0.006547 0.015276
5 0.411143 0.781233 0.004501 0.017458
5 0.433238 0.782870 0.014321 0.018549
5 0.454924 0.849427 0.009411 0.015276
5 0.460038 0.839880 0.008183 0.026732
5 0.438557 0.801418 0.005319 0.016367
5 0.387207 0.857883 0.004092 0.021277
5 0.336879 0.878342 0.004910 0.017458
5 0.340767 0.875068 0.006956 0.019640
5 0.347927 0.882433 0.008183 0.011457
1 0.540235 0.961811 0.028642 0.048009
1 0.573991 0.972722 0.020867 0.053464
5 0.431806 0.907529 0.009002 0.024550
5 0.421577 0.914621 0.003273 0.013639
1 0.396208 0.987452 0.018003 0.025095
1 0.363680 0.955265 0.017594 0.030551
5 0.377591 0.216312 0.009411 0.047463
5 0.321740 0.541735 0.004910 0.022913
5 0.303737 0.540644 0.004910 0.019640
5 0.299850 0.531915 0.005319 0.015276
5 0.310693 0.543644 0.006547 0.024550
5 0.233974 0.439444 0.005319 0.022368
5 0.238884 0.444626 0.004501 0.024004
5 0.243181 0.436716 0.005728 0.019094
5 0.399482 0.623841 0.006547 0.027823
5 0.404187 0.623022 0.005319 0.018549
1 0.303737 0.852155 0.029460 0.051282
1 0.257092 0.793781 0.019640 0.041462
1 0.240316 0.768685 0.023732 0.042553
1 0.246454 0.669940 0.015548 0.025095
0 0.578191 0.496809 0.832979 0.993617