2 0.529187 0.374523 0.013093 0.039825
5 0.543303 0.365521 0.010229 0.039280
5 0.523663 0.389798 0.018412 0.047463
2 0.536961 0.402346 0.007365 0.038734
2 0.541667 0.339334 0.011866 0.019640
1 0.515889 0.320240 0.024959 0.042553
2 0.469449 0.472722 0.013912 0.043099
2 0.478451 0.471086 0.019640 0.031097
5 0.433442 0.455810 0.010638 0.015821
1 0.440398 0.485816 0.040917 0.051828
1 0.459015 0.458538 0.027414 0.048554
1 0.390685 0.422531 0.051146 0.047463
2 0.261798 0.512548 0.016776 0.031097
1 0.285529 0.471086 0.023322 0.040917
1 0.282051 0.407529 0.029460 0.041462
0 0.322074 0.639362 0.643085 0.717021