5 0.624523 0.977087 0.017185 0.030551
1 0.700423 0.961538 0.020867 0.057283
1 0.678328 0.931806 0.024959 0.019640
1 0.675464 0.981178 0.033961 0.037643
1 0.642935 0.981997 0.018003 0.036006
1 0.633933 0.078833 0.020458 0.024550
1 0.592812 0.028642 0.062602 0.050736
1 0.575423 0.077741 0.027005 0.014730
1 0.608156 0.104474 0.020458 0.034370
1 0.537575 0.018276 0.016776 0.023459
5 0.480496 0.495090 0.032733 0.079105
5 0.530619 0.464812 0.024959 0.063284
5 0.519367 0.494544 0.040098 0.056192
5 0.498909 0.560011 0.028642 0.084561
5 0.532665 0.588925 0.018412 0.055101
5 0.543303 0.581833 0.015139 0.062739
5 0.555578 0.593562 0.017594 0.042553
3 0.566830 0.582106 0.028642 0.079651
3 0.243999 0.644572 0.022095 0.068194
3 0.268344 0.663393 0.019231 0.070922
3 0.281233 0.677305 0.022095 0.080196
3 0.306806 0.693126 0.040507 0.086743
3 0.317649 0.671304 0.028642 0.078014
3 0.345267 0.662848 0.027414 0.101473
3 0.245226 0.972450 0.021277 0.055100
3 0.202673 0.988816 0.013912 0.020185
3 0.225382 0.988816 0.016776 0.022368
3 0.103655 0.717949 0.027005 0.075286
3 0.048009 0.711402 0.036825 0.076378
5 0.120022 0.036279 0.004092 0.021277
5 0.109793 0.027278 0.009820 0.019640
5 0.127387 0.040917 0.008183 0.022913
0 0.496543 0.495745 0.993085 0.991489