0 0.500000 0.502212 1.000000 0.995575
5 0.499017 0.505131 0.031389 0.085218
5 0.488617 0.446890 0.023448 0.034289
5 0.470464 0.506643 0.026473 0.116481
5 0.440965 0.483700 0.035550 0.097824
5 0.425459 0.488491 0.022691 0.061014
5 0.442100 0.552782 0.031768 0.057484
5 0.419976 0.540680 0.011724 0.018153
5 0.459118 0.556312 0.012102 0.026221
5 0.404848 0.490003 0.038953 0.110430
5 0.389721 0.531604 0.021557 0.048408
5 0.394448 0.462017 0.034037 0.088748
5 0.824446 0.324610 0.041600 0.048912
5 0.844301 0.366462 0.022313 0.022691
5 0.868126 0.538915 0.033659 0.091269
5 0.751834 0.366462 0.079419 0.120515
5 0.775093 0.418652 0.054081 0.114969
5 0.806482 0.617074 0.037440 0.090260
5 0.748431 0.204094 0.015884 0.045887
4 0.804024 0.268638 0.041600 0.084209
4 0.855268 0.293599 0.040466 0.032272
4 0.815559 0.359151 0.036684 0.060510
4 0.847326 0.445377 0.029877 0.076646
4 0.847137 0.577742 0.030255 0.041853
4 0.713826 0.396969 0.031389 0.033280
4 0.671848 0.432267 0.044248 0.038323
4 0.605665 0.476893 0.045004 0.090260
4 0.624764 0.671281 0.031768 0.112952
4 0.591861 0.665734 0.028742 0.076646
5 0.574087 0.467060 0.026473 0.096816
1 0.687353 0.122406 0.026851 0.035802
1 0.671281 0.153165 0.046139 0.040844
1 0.616633 0.173083 0.017775 0.027229
1 0.712692 0.235862 0.012480 0.010589
1 0.716852 0.194010 0.011724 0.013615
1 0.791166 0.209641 0.030255 0.041853
1 0.738219 0.219474 0.020422 0.041348
1 0.848272 0.334695 0.023448 0.028742
1 0.780765 0.371757 0.034415 0.045382
1 0.725928 0.371505 0.021557 0.026725
1 0.828039 0.442100 0.041979 0.061014
1 0.865479 0.470085 0.015506 0.018153
1 0.839006 0.503114 0.016262 0.030759
1 0.802322 0.560094 0.114590 0.081184
1 0.596400 0.608754 0.125558 0.072612
1 0.618524 0.525301 0.037440 0.036810
4 0.536835 0.613292 0.023069 0.025212
1 0.588269 0.344276 0.057862 0.055972
1 0.572385 0.407307 0.020044 0.039836
1 0.630436 0.407559 0.045382 0.038323
5 0.079419 0.362428 0.021935 0.037819
5 0.058997 0.372766 0.022691 0.059501
5 0.050110 0.351839 0.024582 0.035802