1 0.097217 0.302989 0.017728 0.016143
1 0.116891 0.315384 0.016431 0.012107
1 0.146077 0.330950 0.017728 0.020178
2 0.207694 0.636510 0.019025 0.025944
2 0.214468 0.799570 0.018161 0.024214
2 0.232196 0.799859 0.012107 0.021331
2 0.243006 0.776221 0.018161 0.032862
1 0.250789 0.715205 0.012107 0.018449
2 0.267004 0.731348 0.018593 0.023061
2 0.397093 0.092949 0.028909 0.064242
2 0.418172 0.168433 0.020477 0.054605
2 0.427809 0.176464 0.030113 0.044969
2 0.438047 0.122661 0.019272 0.072272
2 0.464547 0.114631 0.024091 0.059423
2 0.471774 0.073677 0.038545 0.032121
2 0.491649 0.158797 0.027704 0.054605
2 0.735001 0.781515 0.019142 0.030992
2 0.721784 0.862946 0.014585 0.044361
2 0.684183 0.906699 0.022333 0.023700
2 0.691020 0.889076 0.022333 0.039500
2 0.621063 0.698390 0.008648 0.024791
2 0.623874 0.708768 0.014269 0.021331
0 0.136204 0.287038 0.091668 0.080714
5 0.501124 0.503232 0.997752 0.993536