1 0.993112 0.091926 0.013775 0.055101
1 0.978996 0.210311 0.042008 0.070376
1 0.936307 0.157665 0.057283 0.078560
1 0.905005 0.211129 0.018412 0.037098
5 0.669326 0.368522 0.062602 0.230769
5 0.631683 0.355974 0.078151 0.178396
5 0.601609 0.377523 0.049918 0.188762
5 0.572968 0.370977 0.073650 0.189853
5 0.496454 0.373704 0.090016 0.244408
5 0.500750 0.048827 0.030687 0.092199
5 0.464130 0.015821 0.021277 0.031642
5 0.512207 0.121113 0.043781 0.102564
5 0.242976 0.229405 0.061784 0.023459
1 0.236839 0.060556 0.033142 0.045827
1 0.135161 0.145663 0.040098 0.048009
1 0.201446 0.197218 0.050736 0.031097
5 0.264457 0.277414 0.026187 0.062739
1 0.251978 0.339880 0.034779 0.043644
1 0.284711 0.424714 0.045417 0.032188
1 0.246863 0.391708 0.027005 0.033824
5 0.098745 0.686852 0.043372 0.126568
5 0.148254 0.685761 0.033552 0.108020
5 0.150709 0.741135 0.034370 0.039825
0 0.498138 0.495745 0.996276 0.991489