0 0.500000 0.500000 1.000000 1.000000
1 0.925989 0.162998 0.029877 0.039331
1 0.952651 0.191993 0.022691 0.029751
1 0.960593 0.233593 0.024960 0.029246
1 0.951138 0.274185 0.015884 0.025717
1 0.917669 0.265865 0.021557 0.035297
1 0.887036 0.191993 0.032902 0.073116
1 0.844301 0.202582 0.051055 0.053955
1 0.842032 0.257293 0.028364 0.034289
1 0.867181 0.470085 0.052946 0.044374
1 0.809129 0.486221 0.027608 0.026221
1 0.803646 0.518241 0.012102 0.020674
1 0.832010 0.495802 0.019666 0.033280
1 0.870585 0.548748 0.034037 0.033280
5 0.953029 0.493533 0.012858 0.026725
5 0.989524 0.436553 0.015506 0.036810
1 0.890629 0.578499 0.049921 0.031263
1 0.871530 0.615813 0.038197 0.030255
1 0.946222 0.645816 0.046139 0.049921
1 0.859806 0.677836 0.030633 0.058493
1 0.907269 0.661700 0.031011 0.034289
1 0.915400 0.703805 0.028364 0.039836
1 0.948869 0.707839 0.020422 0.029751
1 0.917480 0.748431 0.015884 0.016136
1 0.938091 0.744397 0.014749 0.014119
1 0.940927 0.857852 0.033280 0.062527
1 0.911429 0.840204 0.015884 0.015127
1 0.967022 0.761037 0.011346 0.010085
1 0.862075 0.898444 0.041979 0.037819
5 0.812344 0.877014 0.012858 0.047399
5 0.803835 0.875249 0.011724 0.048912
5 0.797973 0.893402 0.018153 0.056980
5 0.784169 0.889872 0.014749 0.065048
5 0.763369 0.849280 0.027608 0.057484
1 0.667688 0.821799 0.015506 0.015632
1 0.706641 0.768600 0.028364 0.026221
1 0.679222 0.724731 0.028742 0.037314
1 0.738409 0.773895 0.018531 0.035802
1 0.755049 0.669768 0.025338 0.024204
1 0.803646 0.673045 0.027229 0.023700
1 0.758831 0.582785 0.029120 0.040844
1 0.740300 0.399239 0.024582 0.026725
1 0.707208 0.238636 0.032524 0.033280
1 0.680357 0.244434 0.012858 0.009581
1 0.678088 0.276958 0.024204 0.026221
1 0.642917 0.275950 0.040844 0.042357
1 0.675819 0.331669 0.041600 0.035802
1 0.523032 0.808940 0.048408 0.055467
1 0.464980 0.765827 0.018531 0.024708
1 0.441911 0.742884 0.019287 0.024204
1 0.451933 0.710612 0.018909 0.018153
1 0.520384 0.721453 0.019666 0.033785
1 0.549883 0.703552 0.043870 0.050425
1 0.519439 0.658674 0.041222 0.051433
1 0.584865 0.672289 0.030633 0.043365
5 0.627600 0.642538 0.022313 0.039331
5 0.546290 0.596148 0.017018 0.039331
1 0.482187 0.448151 0.024960 0.020674
1 0.503933 0.431763 0.019287 0.015127
1 0.503366 0.410332 0.009076 0.015632
1 0.610014 0.314021 0.027986 0.033785
1 0.443423 0.331669 0.041222 0.039836
1 0.413736 0.276958 0.032524 0.037314
1 0.376484 0.262839 0.014749 0.013110
1 0.351146 0.149636 0.041979 0.053955
1 0.376484 0.300406 0.036684 0.046895
1 0.365517 0.332678 0.014749 0.020674
1 0.379888 0.358899 0.070721 0.054963
5 0.356062 0.408063 0.017018 0.033280
1 0.331291 0.408819 0.030255 0.043870
1 0.366462 0.424451 0.033280 0.064040
1 0.401256 0.466556 0.056728 0.052442
1 0.351146 0.540428 0.014749 0.012606
1 0.329967 0.564128 0.017775 0.025717
1 0.347364 0.603711 0.023826 0.036306
1 0.364193 0.644051 0.059753 0.048408
5 0.400688 0.532108 0.016262 0.053450
5 0.374593 0.565641 0.026095 0.060006
1 0.457416 0.472859 0.038953 0.020674
1 0.407874 0.204599 0.076015 0.056980
1 0.312382 0.223004 0.041600 0.046391
1 0.286665 0.256032 0.081688 0.057989
5 0.277778 0.189723 0.013993 0.018153
1 0.222563 0.523284 0.047273 0.045887
1 0.195711 0.662708 0.028364 0.031263
1 0.160918 0.679853 0.038953 0.051433
1 0.152409 0.483448 0.031011 0.033785
1 0.119318 0.457984 0.035171 0.036306
1 0.115347 0.406298 0.053702 0.034793
1 0.258112 0.409828 0.035928 0.048912
1 0.072612 0.375287 0.046139 0.037314
1 0.045382 0.454958 0.040844 0.027229
1 0.069019 0.419913 0.016262 0.015632
1 0.080365 0.485213 0.037440 0.046391
1 0.107783 0.518745 0.025717 0.022691
1 0.037630 0.539420 0.017775 0.027734
1 0.052757 0.527066 0.017018 0.016136
1 0.093223 0.610771 0.029877 0.060510
1 0.063157 0.666742 0.029499 0.026221
1 0.097761 0.671028 0.020044 0.028742
1 0.015695 0.199556 0.028364 0.035802
1 0.031579 0.277967 0.038953 0.042357
1 0.046895 0.218213 0.032524 0.046895
1 0.066750 0.159469 0.027608 0.022187
1 0.077717 0.203842 0.010967 0.036306
1 0.096816 0.202078 0.017397 0.012606
1 0.083957 0.116607 0.036306 0.049416
1 0.123856 0.184177 0.010967 0.020170
1 0.162053 0.096690 0.018531 0.018657
5 0.332426 0.908025 0.015884 0.027734
5 0.317866 0.892646 0.011724 0.025212
5 0.982906 0.687921 0.019666 0.038323
1 0.725361 0.045508 0.033280 0.047399
1 0.689433 0.079545 0.025717 0.038827