5 0.742380 0.035928 0.011346 0.015127
5 0.707586 0.541941 0.011346 0.032776
5 0.697564 0.537150 0.009455 0.013110
1 0.705506 0.374530 0.042735 0.041853
1 0.679222 0.336964 0.020422 0.022187
1 0.699645 0.318559 0.035550 0.037819
1 0.663528 0.278471 0.021557 0.021178
1 0.676386 0.297380 0.014749 0.012606
1 0.651615 0.314273 0.021178 0.050425
1 0.653695 0.402012 0.028364 0.033280
1 0.607556 0.385120 0.023826 0.032776
1 0.616444 0.363185 0.015884 0.015127
5 0.729710 0.029120 0.007942 0.039836
5 0.735572 0.043996 0.007564 0.019161
1 0.577490 0.258805 0.042357 0.081688
1 0.520573 0.480423 0.021557 0.032776
1 0.527570 0.544714 0.015884 0.025212
1 0.563497 0.544714 0.034037 0.020170
1 0.506391 0.558077 0.021935 0.016640
2 0.576923 0.544462 0.007186 0.009581
2 0.546290 0.554799 0.009455 0.020170
2 0.536457 0.560598 0.013237 0.015632
2 0.525868 0.579759 0.008698 0.019666
2 0.532297 0.581524 0.006429 0.010085
2 0.533053 0.591861 0.010211 0.007564
2 0.517737 0.589844 0.015884 0.018657
2 0.505446 0.600938 0.008698 0.005547
2 0.511875 0.599677 0.007942 0.013110
2 0.502609 0.573456 0.009833 0.007059
2 0.515657 0.567910 0.005673 0.015127
5 0.534377 0.599677 0.007564 0.016136
5 0.547614 0.593626 0.010589 0.022187
5 0.540428 0.583793 0.006807 0.010589
5 0.554610 0.560598 0.008698 0.022691
5 0.502042 0.585810 0.009455 0.015632
5 0.488238 0.576986 0.012102 0.028238
5 0.495046 0.573456 0.005295 0.021178
5 0.516981 0.614553 0.006807 0.018657
1 0.545912 0.577490 0.010211 0.011093
1 0.630626 0.602199 0.021557 0.020170
1 0.481242 0.302927 0.048030 0.036810
2 0.504690 0.317550 0.007186 0.021683
2 0.470085 0.332426 0.011346 0.046391
2 0.472922 0.354613 0.009455 0.023195
2 0.479729 0.340242 0.007942 0.031768
2 0.422056 0.211406 0.007564 0.018153
2 0.429052 0.191488 0.009455 0.021683
2 0.409576 0.193253 0.015127 0.013110
2 0.426972 0.160981 0.009833 0.027229
2 0.422245 0.149636 0.008698 0.015632
2 0.440398 0.150896 0.007942 0.009076
2 0.436427 0.143585 0.006807 0.012606
2 0.414681 0.130222 0.014749 0.014119
2 0.402768 0.143585 0.006807 0.032776
2 0.393503 0.134760 0.009455 0.018153
2 0.401066 0.117616 0.008698 0.015127
2 0.420354 0.114843 0.013237 0.019666
2 0.390099 0.116860 0.005673 0.016640
2 0.375539 0.165772 0.012102 0.027734
2 0.388397 0.148627 0.011346 0.009581
2 0.361735 0.279480 0.011724 0.025212
5 0.397474 0.316290 0.008320 0.016136
5 0.374404 0.102993 0.006807 0.012102
1 0.394826 0.097698 0.028742 0.035802
1 0.433401 0.130474 0.009833 0.011598
1 0.385183 0.135265 0.011724 0.019161
1 0.371568 0.136777 0.011724 0.011093
2 0.357197 0.568414 0.015506 0.043365
2 0.369866 0.568414 0.008320 0.049416
2 0.385183 0.580012 0.014749 0.061518
2 0.375917 0.583541 0.007564 0.042357
2 0.370812 0.646068 0.010967 0.046391
5 0.454391 0.586315 0.008698 0.036810
5 0.475569 0.574969 0.010967 0.038323
5 0.476515 0.621108 0.015127 0.051938
5 0.461765 0.613292 0.017397 0.035297
5 0.344339 0.350327 0.010211 0.034793
2 0.296876 0.414366 0.014371 0.042861
5 0.336208 0.375035 0.009076 0.015632
5 0.291771 0.268386 0.007186 0.026221
5 0.297633 0.257545 0.006051 0.016640
5 0.307087 0.262335 0.006051 0.018153
5 0.318055 0.268386 0.006807 0.018153
5 0.326186 0.247964 0.010211 0.015632
5 0.338855 0.254267 0.009076 0.013110
5 0.352470 0.244434 0.007564 0.017649
1 0.334695 0.202330 0.034793 0.023195
5 0.279669 0.242165 0.008698 0.022187
5 0.247523 0.188211 0.008698 0.030255
1 0.257167 0.399239 0.013615 0.014623
5 0.234854 0.919623 0.008320 0.017649
5 0.156191 0.822051 0.015884 0.035297
2 0.204788 0.781459 0.010211 0.024708
2 0.226155 0.773643 0.010589 0.028238
5 0.222184 0.778938 0.010967 0.031768
5 0.217079 0.782972 0.008320 0.036810
5 0.210272 0.653380 0.013615 0.037819
2 0.144089 0.007942 0.009833 0.015632
5 0.130096 0.393188 0.007564 0.033785
5 0.137471 0.477145 0.005673 0.020170
5 0.133122 0.464791 0.009833 0.013615
5 0.260570 0.363437 0.009076 0.027734
5 0.127827 0.624890 0.016640 0.050425
5 0.122721 0.649850 0.013237 0.026725
5 0.055972 0.555808 0.009833 0.040340
5 0.065237 0.553539 0.010211 0.045887
5 0.075826 0.560346 0.011724 0.027229
5 0.074314 0.532864 0.009455 0.028742
5 0.041222 0.170562 0.012858 0.024204
5 0.052379 0.186698 0.007942 0.028238
5 0.081688 0.169049 0.010589 0.017144
0 0.500000 0.499017 1.000000 0.997050