2 0.603736 0.559762 0.055762 0.100590
2 0.667699 0.566322 0.048108 0.102048
2 0.705141 0.559475 0.033336 0.104080
2 0.615763 0.642858 0.053575 0.077265
2 0.447384 0.798846 0.055762 0.074349
2 0.783596 0.367738 0.034988 0.106422
2 0.757902 0.368467 0.051389 0.087470
2 0.348980 0.073985 0.038268 0.116627
2 0.252205 0.090021 0.048108 0.107880
2 0.464866 0.871419 0.033895 0.084554
2 0.358809 0.663678 0.036081 0.053940
0 0.367556 0.609298 0.112618 0.107880
0 0.783038 0.113346 0.068883 0.195350
0 0.933705 0.465304 0.000000 0.004957
0 0.957559 0.592937 0.084882 0.161090
5 0.500310 0.502169 0.999380 0.995662