1 0.787984 0.323513 0.087971 0.060011
1 0.776732 0.399618 0.040098 0.044190
1 0.803123 0.466721 0.065876 0.080196
1 0.792485 0.589744 0.146890 0.101473
1 0.695513 0.360338 0.087971 0.090016
5 0.577469 0.364975 0.081015 0.046918
5 0.616544 0.463448 0.038052 0.110747
5 0.605496 0.438352 0.027414 0.033279
5 0.597109 0.384615 0.031097 0.069831
5 0.595267 0.492362 0.024959 0.094381
5 0.578696 0.487725 0.030278 0.124386
5 0.542485 0.523732 0.031506 0.120022
5 0.537370 0.493726 0.032733 0.127660
5 0.552919 0.421713 0.038462 0.081833
5 0.506683 0.507911 0.025368 0.140753
5 0.501159 0.518003 0.048691 0.124932
5 0.466585 0.438352 0.018822 0.044190
5 0.643958 0.695854 0.016776 0.061648
5 0.662166 0.682761 0.017185 0.046372
5 0.663803 0.696127 0.011457 0.060011
5 0.684056 0.707856 0.013502 0.050736
5 0.701241 0.711948 0.017594 0.069831
5 0.705128 0.650573 0.036825 0.039825
5 0.384138 0.075559 0.006956 0.031097
5 0.371454 0.089198 0.008592 0.025641
5 0.372477 0.132297 0.011457 0.024550
2 0.350382 0.102837 0.009820 0.024550
5 0.336266 0.111839 0.014321 0.026187
5 0.241748 0.010638 0.011866 0.021276
5 0.294735 0.033006 0.011457 0.019094
5 0.281642 0.013639 0.013912 0.021822
5 0.245636 0.033006 0.012275 0.020185
5 0.226200 0.013639 0.011866 0.027278
5 0.223131 0.632024 0.022913 0.049645
5 0.213925 0.615657 0.012684 0.034370
5 0.238066 0.635025 0.015957 0.038189
5 0.256478 0.625205 0.022504 0.038189
5 0.276323 0.611839 0.024550 0.031097
5 0.263639 0.664212 0.018003 0.039825
1 0.327673 0.547463 0.096972 0.058374
1 0.068058 0.580742 0.023732 0.044190
1 0.048213 0.518822 0.047872 0.036007
1 0.159097 0.526187 0.048691 0.088925
5 0.065603 0.741680 0.021277 0.040917
5 0.079105 0.737316 0.010638 0.038734
1 0.042076 0.924714 0.083879 0.122204
1 0.350996 0.288325 0.016776 0.026732
2 0.317649 0.197763 0.009820 0.023459
2 0.323991 0.196399 0.011047 0.010911
2 0.333811 0.200218 0.009411 0.020731
2 0.314171 0.232133 0.010229 0.021277
1 0.407051 0.572286 0.031506 0.097109
0 0.440691 0.498936 0.881382 0.997872