4 0.776605 0.031894 0.005673 0.013110
4 0.767718 0.036432 0.006051 0.015127
4 0.773391 0.046769 0.004538 0.014623
3 0.770176 0.046265 0.003404 0.010589
3 0.759020 0.041727 0.006807 0.022691
3 0.763747 0.048282 0.006429 0.015632
4 0.709477 0.024078 0.008320 0.013615
4 0.757507 0.125684 0.005295 0.016136
4 0.754482 0.126692 0.004538 0.010085
4 0.764503 0.124423 0.004916 0.009581
4 0.766773 0.131483 0.007186 0.010589
4 0.790409 0.076520 0.004538 0.014623
4 0.784925 0.075511 0.006429 0.012606
4 0.718743 0.069460 0.004160 0.012606
4 0.753725 0.244182 0.005295 0.005042
4 0.751267 0.248468 0.004160 0.007564
4 0.737841 0.252502 0.006807 0.011598
4 0.744270 0.242922 0.003782 0.007564
4 0.747674 0.251494 0.004538 0.013615
4 0.901974 0.367975 0.004538 0.013615
4 0.898192 0.374530 0.006807 0.017649
4 0.893843 0.387893 0.009455 0.021178
4 0.886658 0.414870 0.008698 0.011598
4 0.944520 0.434032 0.012480 0.015632
4 0.930149 0.451680 0.007942 0.005547
1 0.868126 0.379069 0.013237 0.014623
1 0.886658 0.364193 0.013237 0.013110
1 0.912563 0.408315 0.006051 0.012606
1 0.926745 0.423947 0.005673 0.006555
1 0.939793 0.452437 0.012102 0.015127
1 0.927691 0.498828 0.009833 0.013110
1 0.800809 0.472859 0.018531 0.022691
1 0.846759 0.483448 0.022691 0.049921
1 0.825202 0.489751 0.015884 0.027229
1 0.824446 0.526309 0.018153 0.017649
1 0.843544 0.530847 0.013237 0.030759
1 0.864534 0.527570 0.012858 0.025212
1 0.854890 0.547992 0.009455 0.017649
1 0.872476 0.557573 0.012858 0.031768
1 0.762802 0.537907 0.012858 0.022691
1 0.769609 0.518745 0.015127 0.013615
1 0.777551 0.544714 0.010589 0.023195
1 0.946789 0.683382 0.035171 0.040340
1 0.980070 0.727252 0.029120 0.031263
1 0.961349 0.754229 0.021935 0.046895
1 0.946411 0.803394 0.045004 0.031263
1 0.916345 0.754229 0.033280 0.027734
1 0.921640 0.719688 0.021935 0.019161
1 0.862265 0.632453 0.010589 0.018153
1 0.872287 0.776416 0.011724 0.018657
1 0.842410 0.748683 0.013237 0.016640
1 0.859806 0.823816 0.018531 0.032776
1 0.837115 0.833901 0.018531 0.015632
1 0.794380 0.802385 0.012480 0.008068
4 0.811209 0.807175 0.008320 0.014623
4 0.857726 0.784989 0.003025 0.010589
4 0.854323 0.785997 0.003025 0.010589
5 0.889494 0.749691 0.009833 0.023700
5 0.845624 0.624890 0.006051 0.014119
1 0.800242 0.755742 0.040088 0.033785
1 0.767340 0.806419 0.058997 0.053450
1 0.847137 0.952147 0.018153 0.032272
1 0.705317 0.819530 0.028742 0.032272
4 0.715150 0.398986 0.008320 0.007059
4 0.720634 0.403777 0.005673 0.008572
5 0.717797 0.413358 0.010589 0.006555
1 0.671848 0.415122 0.010967 0.014119
2 0.574843 0.546731 0.018909 0.060510
5 0.560472 0.569422 0.016640 0.057484
5 0.546290 0.563119 0.015506 0.061014
4 0.536835 0.564380 0.004916 0.033280
4 0.532297 0.198044 0.005673 0.011598
4 0.549883 0.147619 0.002269 0.007564
5 0.509606 0.203842 0.005673 0.023195
3 0.495235 0.210398 0.005673 0.022187
5 0.486537 0.206364 0.006429 0.013110
1 0.530406 0.146358 0.025338 0.028238
1 0.528893 0.178630 0.017775 0.022187
1 0.503366 0.144593 0.015127 0.013615
1 0.433212 0.212919 0.012480 0.029246
1 0.420354 0.222500 0.009455 0.012102
1 0.406550 0.221995 0.006807 0.016136
4 0.413168 0.233341 0.008698 0.025717
1 0.331102 0.443612 0.007942 0.013615
1 0.290258 0.443108 0.017775 0.016640
1 0.237501 0.564884 0.016640 0.022187
1 0.220104 0.592366 0.012102 0.031768
1 0.225588 0.389910 0.005673 0.008068
1 0.215188 0.369488 0.007564 0.009581
1 0.142954 0.397222 0.008320 0.009581
1 0.098518 0.389658 0.021557 0.018657
1 0.050866 0.861886 0.026095 0.024204
1 0.024393 0.904243 0.005673 0.012102
1 0.035550 0.901470 0.009076 0.015632
1 0.015317 0.913824 0.005673 0.011093
1 0.272483 0.467060 0.005673 0.010085
0 0.500000 0.500000 1.000000 1.000000