2 0.339062 0.530861 0.039977 0.167523
2 0.386178 0.525784 0.082810 0.197982
2 0.417589 0.519439 0.031411 0.134526
0 0.583922 0.480678 0.258424 0.378197
4 0.652455 0.627895 0.041405 0.078685
4 0.495401 0.498445 0.058538 0.114220
4 0.566075 0.434990 0.039977 0.078685
4 0.758108 0.423421 0.155625 0.309957
4 0.798799 0.408338 0.028555 0.096453
4 0.774528 0.424837 0.014278 0.098991
4 0.743831 0.434990 0.029983 0.063456
2 0.141455 0.064539 0.041848 0.114571
2 0.169912 0.081650 0.038500 0.116058
2 0.248167 0.107689 0.027620 0.129450
2 0.233521 0.100249 0.028457 0.168136
2 0.208830 0.103225 0.057750 0.150281
2 0.211760 0.080162 0.045196 0.089276
2 0.202135 0.106201 0.019250 0.096715
2 0.226406 0.223747 0.046033 0.129450
5 0.500000 0.500000 1.000000 1.000000