0 0.500000 0.500000 1.000000 1.000000
1 0.410899 0.437814 0.053324 0.040340
1 0.455903 0.424199 0.022313 0.024204
1 0.482944 0.413862 0.018909 0.043870
1 0.524166 0.376547 0.012858 0.037819
1 0.428296 0.526057 0.021557 0.022187
1 0.451933 0.545218 0.024960 0.032272
1 0.466493 0.516728 0.010211 0.012606
4 0.413736 0.461513 0.031768 0.065552
4 0.409197 0.484204 0.032524 0.053450
4 0.449474 0.451680 0.018531 0.070091
4 0.467816 0.444873 0.022691 0.054459
4 0.486915 0.449159 0.022313 0.054963
4 0.470653 0.469833 0.024582 0.048912
4 0.521330 0.416383 0.017018 0.060006
4 0.450042 0.576482 0.021178 0.067569
4 0.460631 0.570431 0.009076 0.040340
1 0.426783 0.271412 0.029120 0.023195
1 0.440587 0.302171 0.018153 0.023195
1 0.408252 0.297633 0.014749 0.018153
1 0.284774 0.152661 0.029499 0.029751
1 0.290447 0.176865 0.011346 0.017649
1 0.196657 0.351083 0.031011 0.027229
1 0.184366 0.329148 0.013993 0.015632
1 0.201951 0.301919 0.011346 0.020674
1 0.229181 0.308726 0.009833 0.013110
1 0.209704 0.318307 0.010211 0.016136
3 0.231072 0.334695 0.014371 0.045887
3 0.219348 0.338729 0.018153 0.052946
3 0.205544 0.373522 0.023069 0.042861