5 0.955128 0.140207 0.008183 0.018549
5 0.956765 0.163121 0.009002 0.014184
5 0.950014 0.165303 0.005319 0.015276
3 0.944694 0.162029 0.006956 0.018549
5 0.974359 0.286688 0.013093 0.028914
5 0.986429 0.304965 0.007774 0.028369
5 0.992158 0.311784 0.013502 0.039825
5 0.985816 0.352973 0.010638 0.022913
5 0.784097 0.449264 0.012275 0.020185
4 0.793303 0.777687 0.006137 0.008183
4 0.803328 0.777687 0.006547 0.011457
4 0.795554 0.780960 0.005728 0.011457
5 0.800259 0.782870 0.004501 0.014184
5 0.703287 0.773050 0.005319 0.015276
5 0.707992 0.775232 0.004910 0.019640
4 0.712493 0.771413 0.007365 0.006547
5 0.534711 0.027823 0.007774 0.015276
5 0.527346 0.028642 0.006956 0.019094
5 0.523254 0.029460 0.004501 0.020731
5 0.591176 0.525641 0.025777 0.024550
3 0.603451 0.528096 0.011047 0.025095
3 0.613884 0.531642 0.005728 0.025641
3 0.618999 0.529733 0.010229 0.024004
3 0.627387 0.519094 0.017185 0.033279
3 0.643549 0.561920 0.006137 0.028369
4 0.609588 0.558920 0.025777 0.040917
4 0.637616 0.534370 0.025368 0.020185
5 0.650095 0.558920 0.011866 0.034370
5 0.621249 0.890344 0.012275 0.024004
5 0.604474 0.910256 0.009820 0.024550
4 0.316217 0.114294 0.011866 0.027823
5 0.153778 0.217676 0.018412 0.041462
5 0.144981 0.235406 0.022095 0.051828
5 0.109588 0.909711 0.021686 0.049645
5 0.118181 0.920076 0.020867 0.043099
5 0.132911 0.926077 0.011866 0.049645
5 0.142526 0.916258 0.008183 0.055101
5 0.129228 0.926350 0.019231 0.046918
5 0.119817 0.943535 0.011047 0.019094
5 0.683033 0.238134 0.003273 0.014730
5 0.686102 0.236225 0.003682 0.014184
5 0.680783 0.240044 0.003682 0.012002
3 0.672804 0.254774 0.005728 0.017458
0 0.496543 0.496809 0.993085 0.993617