5 0.881888 0.320786 0.014730 0.056738
5 0.868385 0.313693 0.018003 0.060011
5 0.853860 0.292417 0.020049 0.044735
5 0.861225 0.348063 0.012684 0.061102
5 0.845881 0.345063 0.011457 0.056192
5 0.841994 0.361157 0.023322 0.064375
5 0.864294 0.393344 0.014730 0.041462
5 0.851814 0.399618 0.026596 0.052919
5 0.805987 0.369340 0.017594 0.052373
5 0.798418 0.306601 0.017185 0.051282
5 0.810488 0.314512 0.017594 0.049645
1 0.848336 0.469176 0.022913 0.072013
1 0.822763 0.402073 0.020049 0.026187
5 0.916462 0.679487 0.007774 0.023459
5 0.925055 0.698036 0.009411 0.037643
5 0.932624 0.687670 0.013912 0.030005
1 0.665848 0.243590 0.074468 0.090016
5 0.593426 0.488271 0.017185 0.064375
5 0.587902 0.531369 0.024959 0.055646
5 0.555374 0.520731 0.022095 0.054010
5 0.565194 0.558920 0.017185 0.044190
5 0.571127 0.522913 0.020049 0.040917
5 0.539621 0.543644 0.022504 0.059465
5 0.538803 0.524277 0.012684 0.040371
4 0.526118 0.528914 0.016776 0.045281
5 0.460857 0.546645 0.013912 0.040371
5 0.467403 0.574741 0.012275 0.056192
5 0.478451 0.583197 0.012275 0.057829
5 0.486634 0.572831 0.017185 0.043644
5 0.498909 0.568467 0.018003 0.056738
1 0.392730 0.564648 0.032324 0.029460
1 0.317444 0.559738 0.056056 0.028369
1 0.297600 0.516912 0.027005 0.027823
5 0.468426 0.506819 0.011047 0.022913
1 0.401528 0.107201 0.036007 0.062739
1 0.452264 0.197763 0.056465 0.036552
1 0.435488 0.157665 0.025368 0.045827
1 0.354269 0.173486 0.042144 0.029460
1 0.375546 0.149209 0.023322 0.020185
1 0.414007 0.213039 0.036416 0.034370
1 0.339334 0.236225 0.058920 0.041462
0 0.502660 0.497872 0.994680 0.880851