1 0.773868 0.189307 0.026187 0.043644
4 0.734997 0.159847 0.026187 0.065466
4 0.921167 0.328151 0.022913 0.046372
4 0.683442 0.459356 0.017185 0.027278
2 0.903164 0.507092 0.009002 0.030005
3 0.915235 0.466721 0.008592 0.032188
5 0.907870 0.475996 0.008592 0.023459
4 0.652960 0.643481 0.011866 0.032188
3 0.719449 0.331697 0.008183 0.022913
2 0.493999 0.210857 0.009820 0.022368
2 0.446331 0.793781 0.009411 0.025095
2 0.582992 0.870977 0.015139 0.035461
1 0.537575 0.126841 0.022504 0.021277
1 0.456356 0.165303 0.012275 0.030551
4 0.289825 0.282051 0.020458 0.052373
2 0.294531 0.950627 0.015957 0.037643
4 0.206560 0.927441 0.014321 0.037098
4 0.232542 0.483906 0.019640 0.044735
3 0.239498 0.267049 0.011457 0.028914
4 0.166667 0.498909 0.012275 0.018003
3 0.071945 0.859247 0.015957 0.026187
1 0.085447 0.332515 0.027414 0.026732
1 0.116339 0.403983 0.015548 0.026732
1 0.108565 0.354337 0.013912 0.019094
1 0.080947 0.367703 0.024959 0.021822
1 0.056806 0.394981 0.011866 0.024004
3 0.064171 0.617567 0.015957 0.036007
0 0.498138 0.544681 0.996276 0.897872