4 0.927880 0.433023 0.009455 0.013615
5 0.913698 0.434032 0.006051 0.011598
5 0.452311 0.604468 0.016640 0.038827
5 0.446260 0.563371 0.014371 0.043365
5 0.440776 0.567405 0.015506 0.044374
5 0.425649 0.579003 0.008698 0.008068
5 0.429998 0.571439 0.005295 0.007059
5 0.454580 0.456471 0.015127 0.038323
5 0.499395 0.469329 0.011724 0.042861
4 0.482944 0.428989 0.015884 0.038827
4 0.486915 0.471598 0.016262 0.046391
4 0.483700 0.457227 0.006051 0.018657
4 0.472355 0.471346 0.014371 0.041853
4 0.413736 0.554547 0.015127 0.042861
4 0.428107 0.560598 0.015127 0.029751
4 0.427161 0.550261 0.010967 0.017144
4 0.413925 0.578751 0.012480 0.011598
1 0.422056 0.532612 0.009833 0.003025
1 0.430565 0.550765 0.004160 0.007059
4 0.449096 0.534629 0.003404 0.013110
4 0.486158 0.247460 0.004160 0.013615
4 0.491075 0.244686 0.002647 0.013110
4 0.497504 0.243174 0.004160 0.013110
4 0.497504 0.227794 0.006429 0.012606
4 0.475758 0.278471 0.004538 0.011093
4 0.480486 0.278471 0.004160 0.011093
5 0.483700 0.242669 0.004538 0.007059
5 0.489562 0.230820 0.004916 0.007564
1 0.444747 0.592870 0.009076 0.006555
1 0.518682 0.795830 0.006429 0.010085
1 0.022880 0.387893 0.006429 0.006051
1 0.010400 0.318307 0.010967 0.040340
1 0.021746 0.328392 0.007186 0.015127
4 0.031768 0.396213 0.023448 0.045887
0 0.499263 0.555310 0.995575 0.889380