1 0.906028 0.148118 0.030278 0.043099
1 0.855906 0.118112 0.054419 0.067103
1 0.838312 0.177032 0.030687 0.040917
5 0.866953 0.130387 0.010229 0.028369
4 0.997409 0.430715 0.005182 0.023459
5 0.786757 0.860338 0.011047 0.027278
5 0.785529 0.842881 0.007774 0.016367
3 0.768958 0.811238 0.008183 0.015276
5 0.730701 0.293235 0.011047 0.022368
4 0.712493 0.257774 0.012275 0.040917
3 0.686511 0.224223 0.007774 0.031642
5 0.697149 0.236498 0.007774 0.032188
3 0.726609 0.254501 0.009411 0.031097
3 0.703696 0.645117 0.015139 0.036552
2 0.656028 0.514730 0.009820 0.015821
2 0.666462 0.516367 0.012684 0.022368
2 0.671781 0.486088 0.008592 0.015276
1 0.847722 0.926896 0.017594 0.020731
1 0.894367 0.952264 0.031506 0.024550
1 0.872068 0.962357 0.023732 0.028369
1 0.894981 0.928260 0.014730 0.028914
1 0.701650 0.984452 0.030687 0.031096
5 0.611839 0.990180 0.014730 0.019640
5 0.625136 0.957447 0.011866 0.026187
5 0.635366 0.959629 0.010229 0.028369
1 0.653164 0.782870 0.063830 0.044735
1 0.628410 0.515003 0.016776 0.018549
5 0.570308 0.395799 0.018412 0.040917
5 0.598745 0.406710 0.013093 0.021277
5 0.584015 0.456628 0.009002 0.030551
5 0.606929 0.436716 0.013912 0.040917
5 0.615726 0.413257 0.009411 0.036552
5 0.628410 0.452537 0.014321 0.035461
5 0.611429 0.469449 0.015548 0.016912
5 0.615521 0.441080 0.012275 0.020185
5 0.590971 0.031097 0.010638 0.033824
5 0.665644 0.116203 0.008592 0.022913
5 0.660120 0.120022 0.009002 0.026187
5 0.650505 0.091653 0.008592 0.021822
5 0.600177 0.048827 0.006956 0.028914
5 0.596290 0.060556 0.006547 0.022913
5 0.436511 0.343699 0.022504 0.022913
1 0.432624 0.322149 0.055646 0.056192
1 0.427305 0.401800 0.026187 0.035461
1 0.466789 0.345336 0.020867 0.025095
1 0.463516 0.492635 0.008592 0.042553
1 0.474768 0.486088 0.009002 0.026187
1 0.470063 0.499182 0.009411 0.026187
1 0.461266 0.514184 0.007365 0.016912
1 0.466380 0.513912 0.011866 0.017458
1 0.476814 0.497272 0.008183 0.034370
5 0.395799 0.869067 0.006547 0.030551
5 0.401732 0.863339 0.007774 0.026732
5 0.348541 0.531915 0.010229 0.026187
5 0.358565 0.538189 0.006547 0.022368
5 0.362452 0.546099 0.008592 0.025095
5 0.368385 0.546372 0.009002 0.027823
5 0.376568 0.554283 0.006547 0.031642
5 0.382706 0.553464 0.012275 0.031097
5 0.393958 0.550191 0.008592 0.020185
5 0.404187 0.565739 0.010229 0.032733
5 0.368181 0.424168 0.011866 0.027823
5 0.383320 0.432079 0.006137 0.017458
5 0.383729 0.416803 0.009411 0.024004
3 0.210652 0.926350 0.010229 0.029460
5 0.251978 0.903710 0.005319 0.024550
3 0.257911 0.907256 0.013912 0.040371
5 0.276118 0.935352 0.008592 0.028914
5 0.269163 0.877523 0.007774 0.022368
5 0.268344 0.886252 0.007774 0.020185
1 0.304146 0.877250 0.021277 0.025095
5 0.197968 0.828696 0.016776 0.030551
1 0.289621 0.846972 0.014321 0.022368
3 0.297600 0.741135 0.013093 0.024550
3 0.259138 0.711129 0.008183 0.025641
3 0.267526 0.711675 0.008592 0.026732
3 0.231110 0.707856 0.007774 0.035461
3 0.237452 0.694763 0.011457 0.030005
5 0.184261 0.628205 0.009002 0.019094
3 0.191830 0.631478 0.004501 0.018003
5 0.167690 0.720949 0.010229 0.032188
5 0.108974 0.754774 0.012275 0.028914
5 0.120226 0.751773 0.009411 0.032733
5 0.128001 0.748773 0.011047 0.030005
5 0.078696 0.549373 0.010638 0.022913
5 0.065807 0.558101 0.009411 0.019640
5 0.057215 0.556192 0.009411 0.024550
5 0.086470 0.535461 0.007365 0.019094
5 0.093017 0.534097 0.009002 0.018549
4 0.073377 0.489089 0.012275 0.035461
5 0.083402 0.492089 0.006956 0.026187
5 0.087902 0.489907 0.006956 0.028369
5 0.095676 0.490998 0.009411 0.028369
5 0.103246 0.441626 0.010638 0.025641
5 0.094244 0.438898 0.006547 0.026732
5 0.251364 0.257501 0.022095 0.040371
5 0.232747 0.253137 0.015139 0.043644
5 0.205128 0.250136 0.015548 0.024550
1 0.217199 0.283415 0.041326 0.044190
1 0.192853 0.215494 0.037643 0.044735
1 0.203492 0.170486 0.031097 0.039825
1 0.122681 0.012821 0.024959 0.025641
1 0.125136 0.051009 0.025777 0.025641
5 0.160120 0.024823 0.007365 0.019094
5 0.100586 0.109384 0.007774 0.026732
5 0.106519 0.112930 0.008183 0.022913
5 0.116544 0.117294 0.010229 0.026187
1 0.146618 0.014184 0.010638 0.019640
5 0.036348 0.017730 0.010229 0.021277
5 0.015480 0.427714 0.009411 0.025095
5 0.036143 0.432079 0.017185 0.031642
5 0.028573 0.446536 0.006956 0.023459
3 0.041667 0.461538 0.017594 0.027278
3 0.137616 0.961538 0.007365 0.025641
3 0.130046 0.955265 0.007774 0.022913
4 0.069899 0.818876 0.011866 0.030551
3 0.062534 0.823513 0.005319 0.022368
3 0.029801 0.738134 0.008592 0.019640
3 0.023254 0.736225 0.006956 0.020185
4 0.013639 0.739771 0.015548 0.022913
3 0.170963 0.801691 0.006956 0.010366
4 0.159097 0.810420 0.009411 0.010366
4 0.166871 0.805510 0.008592 0.009274
4 0.102837 0.984997 0.009002 0.030005
4 0.110202 0.980087 0.009002 0.027823
4 0.430578 0.181942 0.011457 0.033279
5 0.536143 0.992908 0.004910 0.014184
4 0.516912 0.320786 0.013093 0.019640
0 0.499734 0.494681 0.999468 0.989362