2 0.798213 0.178123 0.023322 0.036552
2 0.838721 0.168031 0.020049 0.050191
5 0.819694 0.174032 0.010638 0.018549
5 0.784302 0.024550 0.010229 0.021822
5 0.775505 0.028369 0.011457 0.028369
5 0.761798 0.036279 0.014321 0.028914
5 0.468221 0.495908 0.023732 0.078560
5 0.496249 0.492908 0.024959 0.063830
5 0.525300 0.489362 0.023322 0.063284
5 0.455128 0.233497 0.011457 0.029460
5 0.465767 0.261593 0.016367 0.043099
5 0.481929 0.250955 0.016776 0.053464
5 0.514253 0.225586 0.020867 0.051828
1 0.472927 0.172668 0.043781 0.064921
5 0.501978 0.014184 0.020867 0.028368
5 0.408688 0.051282 0.008592 0.028369
5 0.415439 0.052373 0.012275 0.020731
5 0.293303 0.043099 0.020867 0.049100
5 0.346290 0.178123 0.010638 0.035461
5 0.330333 0.226132 0.009820 0.030005
5 0.142730 0.565466 0.011047 0.028914
5 0.149891 0.557556 0.009820 0.022913
5 0.158279 0.555101 0.006956 0.025641
5 0.164212 0.556465 0.012275 0.032733
5 0.102428 0.252046 0.016367 0.049100
5 0.122272 0.264048 0.020867 0.050191
5 0.067853 0.309602 0.013502 0.023459
5 0.075627 0.304965 0.010229 0.026187
5 0.100382 0.318876 0.011457 0.026732
5 0.172600 0.115930 0.015139 0.043099
5 0.186511 0.075832 0.015139 0.046918
5 0.118590 0.051828 0.020049 0.030551
5 0.036552 0.190944 0.025368 0.064375
5 0.012002 0.193126 0.022913 0.063284
0 0.501862 0.430851 0.996276 0.861702