2 0.117526 0.468847 0.033283 0.050492
2 0.138162 0.446757 0.015088 0.044180
2 0.083799 0.496460 0.026183 0.072582
1 0.254504 0.113565 0.015532 0.031557
1 0.485637 0.791257 0.017751 0.059959
1 0.498062 0.680807 0.030177 0.039447
2 0.419958 0.578640 0.024851 0.070215
2 0.439262 0.628737 0.024408 0.072582
2 0.468107 0.585740 0.022632 0.079682
1 0.499615 0.552605 0.020857 0.038658
2 0.473877 0.643727 0.016420 0.061537
2 0.499615 0.623609 0.019970 0.049703
2 0.711591 0.749970 0.015532 0.045758
2 0.991997 0.533802 0.016005 0.063115
2 0.839398 0.131447 0.015532 0.039447
2 0.810331 0.151565 0.016863 0.043391
2 0.824754 0.135392 0.012869 0.041024
0 0.282610 0.119876 0.089199 0.200389
0 0.682247 0.888195 0.066156 0.159121
0 0.957539 0.831312 0.054914 0.060727
0 0.911056 0.377008 0.070913 0.054578
0 0.481472 0.422362 0.048861 0.094550
0 0.366455 0.421209 0.034159 0.059959
0 0.483634 0.528058 0.058373 0.055347
0 0.403425 0.647976 0.051887 0.092244
2 0.399533 0.662581 0.019025 0.052272
0 0.468716 0.759822 0.050158 0.099163
5 0.501967 0.498501 0.996065 0.983324