4 0.475313 0.445309 0.032772 0.077393
4 0.425935 0.537485 0.023041 0.056523
4 0.476342 0.530718 0.017120 0.066088
4 0.501533 0.509848 0.016631 0.055653
4 0.449439 0.545501 0.011250 0.071306
0 0.474630 0.505935 0.108589 0.230440
2 0.750692 0.504177 0.006014 0.034117
2 0.759439 0.488192 0.021321 0.042763
2 0.776660 0.497424 0.022961 0.034016
2 0.776113 0.540674 0.017494 0.054426
2 0.736205 0.026879 0.018587 0.053758
2 0.720898 0.025573 0.025148 0.042763
2 0.022460 0.321045 0.044919 0.145394
4 0.015025 0.492049 0.030050 0.147047
4 0.046778 0.484614 0.063197 0.155308
4 0.117875 0.730793 0.023234 0.066088
4 0.097893 0.671314 0.031599 0.072697
4 0.123916 0.539963 0.039033 0.097480
0 0.099597 0.709314 0.199194 0.307311
5 0.500000 0.503821 1.000000 0.992358