2 0.579783 0.450942 0.017158 0.041941
2 0.622843 0.459203 0.060385 0.068630
2 0.588361 0.524021 0.024307 0.061005
2 0.614098 0.515124 0.031456 0.053379
2 0.457058 0.111604 0.101992 0.120738
2 0.517587 0.981556 0.001430 0.000000
2 0.508293 0.968211 0.020017 0.031773
2 0.488991 0.976472 0.018587 0.030502
0 0.114302 0.723340 0.069222 0.110527
0 0.123595 0.727898 0.001923 0.001139
0 0.198906 0.873748 0.057685 0.101411
0 0.258193 0.831019 0.000641 0.000000
0 0.213007 0.572363 0.071786 0.109388
0 0.261719 0.247048 0.102551 0.194847
2 0.135453 0.122278 0.047430 0.038741
2 0.132568 0.068723 0.016024 0.041020
2 0.113981 0.064735 0.013460 0.030765
2 0.067192 0.038528 0.000641 0.005697
2 0.103085 0.033400 0.024997 0.050136
2 0.084177 0.041946 0.026920 0.051275
2 0.066231 0.172295 0.003846 0.002279
2 0.100842 0.195963 0.034611 0.059252
0 0.071679 0.195654 0.008332 0.001139
0 0.033436 0.397836 0.066872 0.133316
0 0.856835 0.293576 0.039098 0.063809
2 0.951694 0.487853 0.018587 0.055833
2 0.975324 0.656907 0.020040 0.089326
1 0.926697 0.664658 0.023715 0.061531
1 0.919968 0.619650 0.008973 0.007976
1 0.923813 0.663519 0.001282 0.009116
2 0.907149 0.657822 0.016665 0.041020
2 0.876704 0.634463 0.000641 0.001139
1 0.864205 0.615662 0.015383 0.063809
5 0.500000 0.500000 1.000000 1.000000