1 0.786961 0.178123 0.055646 0.074741
1 0.830537 0.242499 0.054419 0.074741
1 0.870022 0.272504 0.034370 0.051828
1 0.880456 0.225041 0.041326 0.059465
1 0.923213 0.248773 0.032733 0.033824
1 0.916462 0.290507 0.024141 0.033279
1 0.863475 0.399618 0.039280 0.042008
1 0.925259 0.384888 0.059738 0.058374
1 0.927100 0.337698 0.050327 0.049100
1 0.812739 0.310420 0.072013 0.046918
1 0.750136 0.320786 0.034370 0.033824
5 0.726405 0.352428 0.019640 0.045827
5 0.696331 0.445717 0.018412 0.036007
3 0.710857 0.446263 0.010638 0.026187
1 0.717608 0.223404 0.058511 0.055101
1 0.799236 0.504092 0.013912 0.025095
1 0.778778 0.460993 0.015548 0.013093
5 0.869817 0.881069 0.016776 0.043644
5 0.867158 0.915166 0.012275 0.027823
5 0.654187 0.908620 0.013502 0.036552
3 0.681601 0.903710 0.008592 0.032188
3 0.691421 0.905619 0.006956 0.029460
5 0.464539 0.293235 0.016367 0.037643
5 0.481315 0.290507 0.010638 0.025641
1 0.516503 0.264866 0.040917 0.058374
1 0.556397 0.318058 0.030687 0.038189
1 0.508933 0.332788 0.033961 0.030551
1 0.423418 0.312330 0.048691 0.064921
5 0.523459 0.626841 0.015548 0.036007
5 0.536143 0.631751 0.014730 0.037098
5 0.411961 0.768958 0.015139 0.039825
5 0.432624 0.769776 0.018822 0.050191
5 0.451037 0.749864 0.017185 0.045281
5 0.275300 0.990180 0.014321 0.018549
5 0.306601 0.747136 0.018003 0.046372
5 0.335447 0.632297 0.023322 0.044735
5 0.269367 0.585652 0.020458 0.038734
5 0.370431 0.542553 0.015548 0.045281
5 0.356929 0.538189 0.012275 0.036552
5 0.347722 0.538189 0.011047 0.036552
5 0.332788 0.337152 0.013093 0.031642
5 0.354883 0.302510 0.009820 0.023459
5 0.337493 0.278505 0.008592 0.020185
5 0.342403 0.259411 0.010229 0.022368
5 0.330742 0.258047 0.011457 0.026187
5 0.315603 0.235406 0.012275 0.024550
5 0.305783 0.336879 0.006547 0.031097
5 0.312943 0.334152 0.008592 0.026732
5 0.286961 0.479269 0.010638 0.026732
5 0.275914 0.451718 0.013912 0.026187
5 0.265480 0.474086 0.013502 0.021822
5 0.263025 0.463721 0.013502 0.022913
5 0.950798 0.939362 0.023936 0.061702
0 0.583777 0.560638 0.825000 0.874468
1 0.197606 0.570213 0.033511 0.051064