0 0.500000 0.392822 1.000000 0.780728
1 0.689212 0.256075 0.035820 0.037646
1 0.751791 0.296811 0.029499 0.033713
1 0.726928 0.286698 0.019385 0.031465
5 0.709440 0.405254 0.054362 0.202276
5 0.654235 0.372103 0.078803 0.185419
5 0.636957 0.532800 0.062790 0.150583
5 0.678677 0.659784 0.056047 0.165192
5 0.597134 0.677483 0.042141 0.135412
5 0.566793 0.455822 0.098609 0.161820
5 0.513485 0.470712 0.058576 0.141031
4 0.603034 0.467060 0.047198 0.116870
1 0.539823 0.319286 0.028656 0.052816
1 0.615044 0.359180 0.029920 0.035960
1 0.741888 0.528866 0.016435 0.024723
1 0.607880 0.601910 0.014749 0.024723
1 0.751370 0.183874 0.058154 0.111252
1 0.615255 0.105211 0.080910 0.079786
1 0.500421 0.124315 0.018121 0.061806
5 0.330594 0.487568 0.007164 0.020789
5 0.314159 0.485321 0.007164 0.029779
5 0.305731 0.477455 0.010535 0.033151
5 0.294985 0.490378 0.005900 0.034274
5 0.284029 0.480264 0.012642 0.032027