2 0.234465 0.482789 0.052341 0.118271
2 0.251962 0.534903 0.039653 0.099133
2 0.281702 0.593281 0.029740 0.105741
2 0.278604 0.488641 0.043371 0.116756
2 0.305246 0.599890 0.029740 0.088118
2 0.330029 0.571252 0.024783 0.145394
2 0.352334 0.547019 0.039653 0.132177
2 0.369062 0.643949 0.028501 0.114553
2 0.318876 0.659369 0.017348 0.079306
2 0.337464 0.671486 0.029740 0.112350
2 0.359149 0.681399 0.033457 0.118959
2 0.609459 0.496351 0.033457 0.145394
2 0.567328 0.457800 0.016109 0.107944
2 0.472532 0.482032 0.027261 0.125568
2 0.518381 0.413741 0.029740 0.107944
2 0.548121 0.538207 0.044610 0.149800
2 0.506609 0.487540 0.026022 0.110147
0 0.489811 0.531403 0.066088 0.209280
2 0.861559 0.816582 0.024783 0.089954
2 0.765008 0.819335 0.029946 0.095461
2 0.787725 0.801895 0.019620 0.086282
2 0.798052 0.847790 0.023751 0.093625
2 0.817672 0.859723 0.019620 0.143192
2 0.840390 0.824843 0.034077 0.157878
2 0.552802 0.401694 0.039240 0.071596
2 0.138005 0.061283 0.013821 0.061596
2 0.156324 0.062682 0.025736 0.055921
2 0.253789 0.064800 0.023353 0.053379
2 0.272615 0.075391 0.020017 0.047448
2 0.266895 0.104622 0.010485 0.043212
2 0.285721 0.096573 0.019541 0.038975
2 0.267372 0.180454 0.015251 0.050837
2 0.278096 0.179184 0.010962 0.046601
2 0.282862 0.183844 0.012868 0.050837
2 0.287627 0.186809 0.019541 0.061852
2 0.298351 0.161814 0.019064 0.054226
5 0.500000 0.500000 1.000000 1.000000
2 0.028501 0.930091 0.040892 0.139818