2 0.441908 0.685803 0.020755 0.042663
2 0.620054 0.047491 0.007783 0.036321
2 0.598002 0.042591 0.017296 0.033439
2 0.548061 0.015206 0.016863 0.027097
2 0.556925 0.044897 0.018161 0.016143
2 0.760223 0.054410 0.013404 0.027097
2 0.865006 0.172598 0.039348 0.036321
0 0.963849 0.449047 0.068508 0.238898
2 0.742739 0.539036 0.039348 0.092936
2 0.602586 0.592749 0.035975 0.070452
2 0.601180 0.415870 0.029792 0.091437
0 0.156549 0.341484 0.274874 0.224845
0 0.489663 0.141188 0.149897 0.134907
5 0.505340 0.506605 0.989320 0.986790