2 0.151771 0.308562 0.006054 0.014990
2 0.160851 0.310003 0.011242 0.015566
2 0.167337 0.312021 0.006918 0.011531
2 0.393840 0.721643 0.019458 0.032862
2 0.411784 0.705501 0.015566 0.042086
2 0.385192 0.684746 0.011675 0.028250
2 0.473184 0.698582 0.019025 0.046699
2 0.480535 0.623057 0.019890 0.051311
2 0.497470 0.656400 0.019458 0.072642
2 0.540494 0.671678 0.012972 0.030556
2 0.518874 0.525528 0.011242 0.031132
0 0.671509 0.860490 0.043240 0.076102
2 0.753376 0.740380 0.017296 0.026520
2 0.781914 0.684746 0.017296 0.042086
2 0.795102 0.662838 0.013404 0.027097
2 0.753592 0.642083 0.011675 0.024791
2 0.771104 0.603455 0.012972 0.029403
2 0.929938 0.607683 0.016431 0.045546
0 0.411712 0.683593 0.055779 0.051311
2 0.453871 0.670621 0.017296 0.027673
5 0.499719 0.502108 0.998314 0.995784