1 0.457765 0.408225 0.017968 0.029740
1 0.433602 0.422269 0.006815 0.018174
1 0.425238 0.572620 0.011152 0.014870
1 0.428026 0.585011 0.020446 0.024783
1 0.461173 0.618882 0.023544 0.061132
1 0.473565 0.578816 0.018587 0.022305
2 0.480380 0.599055 0.024783 0.054523
2 0.527468 0.626730 0.037175 0.076828
1 0.549773 0.629208 0.014870 0.042131
0 0.472016 0.570219 0.145601 0.110698
0 0.654172 0.967610 0.104709 0.064780
2 0.987164 0.876360 0.025672 0.067995
0 0.459799 0.264244 0.075779 0.104852
0 0.476724 0.457010 0.111524 0.155458
0 0.605990 0.395615 0.060831 0.064211
5 0.500000 0.500000 1.000000 1.000000