2 0.953287 0.750682 0.009411 0.026187
2 0.941217 0.748500 0.006547 0.021822
2 0.936307 0.752319 0.009820 0.019640
5 0.712493 0.446536 0.013912 0.064921
5 0.723950 0.453628 0.015548 0.062739
5 0.732338 0.491271 0.001227 0.002728
5 0.735202 0.448718 0.012684 0.042008
5 0.751773 0.451991 0.016367 0.057283
5 0.744613 0.429896 0.010229 0.033824
5 0.715971 0.671304 0.013502 0.044190
5 0.792280 0.669122 0.004092 0.020185
5 0.786552 0.666667 0.006547 0.016367
1 0.743999 0.413530 0.045008 0.020731
1 0.679351 0.367430 0.040917 0.058374
1 0.407870 0.131206 0.028232 0.088925
3 0.390889 0.042826 0.011457 0.027823
1 0.333197 0.007911 0.027005 0.015821
1 0.286348 0.056465 0.011866 0.024550
1 0.374113 0.483906 0.068740 0.081833
1 0.232747 0.526732 0.059329 0.080196
1 0.162984 0.401800 0.029460 0.038734
2 0.156233 0.434534 0.011866 0.040917
2 0.133320 0.373432 0.020049 0.049645
2 0.115112 0.363612 0.026187 0.047463
2 0.096904 0.343699 0.019231 0.024004
2 0.147027 0.312602 0.013093 0.018549
5 0.187943 0.146754 0.006547 0.022913
0 0.496809 0.497872 0.992553 0.995744