1 0.336300 0.271344 0.030026 0.114384
2 0.369900 0.296127 0.045754 0.095320
1 0.300555 0.290408 0.064341 0.061005
1 0.543116 0.476387 0.030979 0.060925
2 0.523754 0.506850 0.044919 0.045436
2 0.591520 0.540410 0.037949 0.060925
1 0.616691 0.490328 0.040273 0.072284
2 0.560541 0.599270 0.020911 0.083643
2 0.560154 0.489295 0.027881 0.068154
0 0.554733 0.506850 0.123916 0.214787
0 0.295111 0.274099 0.195167 0.250929
0 0.163259 0.626394 0.258364 0.188352
0 0.123296 0.085192 0.163569 0.170384
5 0.500000 0.500000 1.000000 1.000000