5 0.805578 0.071195 0.006956 0.010366
1 0.786143 0.087289 0.057283 0.076378
1 0.793508 0.183852 0.035188 0.075286
1 0.789621 0.132024 0.044599 0.037098
1 0.839948 0.105837 0.042962 0.051282
1 0.906642 0.062466 0.070786 0.061648
1 0.926487 0.132842 0.059738 0.095472
5 0.869408 0.160120 0.012684 0.030005
5 0.868181 0.190671 0.012684 0.030005
5 0.886388 0.259684 0.009002 0.020731
5 0.892935 0.260775 0.008183 0.024004
5 0.901323 0.258047 0.010229 0.025095
5 0.548418 0.093562 0.008183 0.021277
1 0.572149 0.113748 0.025368 0.043099
1 0.551896 0.227769 0.080606 0.105292
5 0.558033 0.485270 0.019231 0.059465
5 0.570104 0.480360 0.011457 0.051828
5 0.580537 0.475996 0.011047 0.048554
5 0.588925 0.445717 0.014730 0.046918
5 0.590357 0.473541 0.015957 0.038189
3 0.358361 0.117021 0.017594 0.042008
1 0.307420 0.125477 0.046645 0.129842
1 0.352019 0.170486 0.039280 0.027823
1 0.420758 0.309875 0.031915 0.028369
1 0.335447 0.421167 0.030687 0.042553
5 0.126364 0.539007 0.012684 0.032733
5 0.138639 0.546372 0.015139 0.040917
5 0.163393 0.551828 0.018003 0.039825
1 0.194899 0.552646 0.047463 0.048009
1 0.240316 0.545008 0.042553 0.036007
1 0.203082 0.484724 0.031097 0.038734
5 0.071331 0.195035 0.011457 0.035461
5 0.080947 0.185761 0.016776 0.025641
5 0.016503 0.244408 0.009002 0.033824
5 0.031642 0.241953 0.016367 0.031097
0 0.498936 0.425532 0.997872 0.851064