0 0.500000 0.513029 1.000000 0.973942
5 0.499962 0.550009 0.019666 0.034793
5 0.488806 0.513451 0.012480 0.021178
5 0.498828 0.506896 0.010589 0.027229
5 0.523410 0.568918 0.011346 0.025212
5 0.550072 0.607997 0.020800 0.029751
5 0.598669 0.396717 0.019666 0.030759
5 0.601694 0.357386 0.020422 0.017649
1 0.632895 0.366967 0.017775 0.013615
5 0.838628 0.536898 0.023069 0.033785
5 0.832955 0.522275 0.013993 0.029751
5 0.815559 0.503366 0.014749 0.028238
5 0.804969 0.547235 0.016262 0.039331
3 0.824635 0.558329 0.013993 0.025212
5 0.819151 0.759776 0.021178 0.013615
5 0.846381 0.790283 0.006051 0.018153
5 0.834846 0.795578 0.017018 0.024708
4 0.278345 0.683382 0.007564 0.019161
1 0.321080 0.659179 0.027986 0.041348
1 0.298200 0.672541 0.020044 0.033785
1 0.274752 0.673298 0.026095 0.025212
1 0.275130 0.639765 0.013993 0.047904
1 0.297633 0.467816 0.015127 0.024708
5 0.121965 0.458488 0.013993 0.023195