2 0.816012 0.686579 0.023732 0.062739
2 0.796986 0.692853 0.015139 0.067649
2 0.807624 0.721495 0.011047 0.022368
2 0.782256 0.714403 0.016776 0.059465
2 0.771822 0.753410 0.018822 0.066558
1 0.725791 0.707856 0.042962 0.042008
1 0.756683 0.629023 0.016367 0.039280
1 0.558647 0.445717 0.027823 0.031642
1 0.583811 0.444354 0.021686 0.034370
1 0.539007 0.480087 0.031097 0.024004
1 0.542894 0.458811 0.016776 0.022913
5 0.361634 0.872613 0.011866 0.043099
2 0.367976 0.873432 0.008183 0.042553
2 0.377182 0.860065 0.011047 0.042008
2 0.394367 0.861702 0.015139 0.043099
2 0.386184 0.888707 0.015957 0.027278
0 0.483245 0.497872 0.965426 0.995744