5 0.858565 0.533006 0.013093 0.041462
5 0.848131 0.547736 0.011866 0.033824
5 0.855087 0.565739 0.019231 0.029460
5 0.857133 0.584288 0.016776 0.029460
5 0.968221 0.470267 0.014730 0.034915
5 0.941421 0.484724 0.015139 0.027823
5 0.925464 0.468085 0.012684 0.028369
1 0.960243 0.415439 0.037234 0.069285
5 0.803328 0.739225 0.010638 0.017458
5 0.848131 0.867430 0.024959 0.027278
5 0.631274 0.809329 0.023322 0.039825
5 0.664212 0.161211 0.017185 0.051828
5 0.686307 0.148663 0.018822 0.050736
5 0.404187 0.479815 0.047872 0.129296
5 0.453492 0.481178 0.044190 0.137480
5 0.375546 0.533279 0.042962 0.074741
5 0.385570 0.578560 0.041735 0.063830
5 0.397640 0.556192 0.024141 0.050736
5 0.405415 0.590016 0.027414 0.074741
5 0.427100 0.622477 0.043781 0.101473
5 0.442444 0.609384 0.027005 0.068740
5 0.443876 0.570922 0.020049 0.052919
5 0.471495 0.524550 0.038462 0.104201
5 0.478451 0.593290 0.041735 0.055101
5 0.507706 0.544190 0.043781 0.133661
5 0.218835 0.767321 0.012684 0.036552
5 0.228041 0.759684 0.011457 0.024550
5 0.240112 0.789962 0.025777 0.058920
5 0.169735 0.520458 0.015139 0.026187
5 0.329514 0.635297 0.014730 0.022368
5 0.259752 0.450627 0.029869 0.038189
5 0.223745 0.509820 0.013502 0.039825
5 0.234384 0.496727 0.018412 0.030005
5 0.290644 0.492635 0.013093 0.038189
5 0.277755 0.500000 0.014321 0.043099
5 0.246863 0.459356 0.019640 0.034915
5 0.251364 0.502455 0.022913 0.033824
5 0.330333 0.164484 0.046645 0.117294
5 0.327059 0.020185 0.049918 0.040370
5 0.258933 0.027823 0.058511 0.055646
5 0.296372 0.043372 0.028642 0.058374
5 0.191421 0.032733 0.052782 0.065466
5 0.175464 0.056465 0.035597 0.070376
5 0.125750 0.053464 0.069558 0.102564
5 0.100791 0.371795 0.009820 0.031097
5 0.111225 0.380524 0.008592 0.026732
5 0.119408 0.372340 0.016776 0.034370
5 0.285734 0.931260 0.017185 0.041462
5 0.755456 0.245226 0.013093 0.021277
5 0.749318 0.261320 0.021277 0.026187
5 0.968426 0.231588 0.005319 0.019094
5 0.955128 0.244681 0.013093 0.020185
0 0.496543 0.497872 0.993085 0.995744