2 0.385088 0.569840 0.035316 0.077654
2 0.444102 0.487230 0.051115 0.087567
2 0.494753 0.418663 0.031599 0.085915
2 0.439920 0.572319 0.026022 0.069393
2 0.451537 0.610319 0.039963 0.079306
2 0.497541 0.536796 0.031599 0.071045
2 0.475701 0.495491 0.045539 0.173482
2 0.354244 0.235130 0.034387 0.082610
2 0.724597 0.276435 0.024164 0.109046
2 0.692069 0.271479 0.031599 0.059480
2 0.708798 0.307827 0.031599 0.052871
2 0.758055 0.462309 0.018587 0.080958
2 0.361564 0.158260 0.022718 0.070984
0 0.650357 0.117682 0.092248 0.235363
0 0.507165 0.062799 0.199642 0.124834
2 0.360929 0.200286 0.014298 0.071172
0 0.764436 0.045353 0.130112 0.087237
2 0.912020 0.164973 0.028253 0.062123
2 0.919083 0.069145 0.033457 0.044940
2 0.945477 0.088971 0.011896 0.076663
2 0.941760 0.112763 0.017844 0.050227
2 0.930607 0.116068 0.017844 0.054192
2 0.918340 0.108137 0.026022 0.038331
2 0.904957 0.114085 0.024535 0.047584
5 0.500000 0.499484 1.000000 0.998967