2 0.552900 0.120080 0.019472 0.054287
2 0.568832 0.069924 0.047796 0.083791
2 0.569717 0.138963 0.019472 0.059007
2 0.591403 0.142503 0.029209 0.066088
2 0.607335 0.098838 0.032749 0.063728
2 0.644952 0.058122 0.033634 0.090872
2 0.666195 0.037470 0.033634 0.063728
2 0.627250 0.162566 0.058417 0.115655
2 0.793208 0.283175 0.032749 0.071989
2 0.820647 0.363425 0.029209 0.083791
2 0.839234 0.373456 0.050451 0.106213
2 0.494945 0.299678 0.036400 0.089839
2 0.516243 0.310521 0.023234 0.080545
2 0.533281 0.311037 0.020136 0.073317
2 0.548384 0.296064 0.016264 0.076415
2 0.563873 0.291417 0.020911 0.071252
2 0.630865 0.502375 0.024783 0.084676
2 0.685853 0.402726 0.027881 0.067121
2 0.609252 0.496653 0.038724 0.073231
2 0.574788 0.493512 0.027107 0.087774
2 0.591052 0.559084 0.033302 0.057827
2 0.527933 0.528621 0.029430 0.079513
2 0.548069 0.529137 0.024783 0.092937
2 0.572465 0.575089 0.027107 0.069186
2 0.553490 0.480087 0.032528 0.058860
2 0.407975 0.535687 0.017899 0.058745
2 0.425530 0.539359 0.019964 0.073432
2 0.424512 0.600465 0.012420 0.048515
2 0.433476 0.604204 0.016522 0.063335
2 0.444835 0.598238 0.026848 0.078939
2 0.457570 0.583092 0.034421 0.085364
2 0.478911 0.597320 0.016522 0.080775
2 0.495433 0.592271 0.020653 0.074349
2 0.494401 0.562899 0.018587 0.065170
2 0.452063 0.682493 0.017899 0.071596
2 0.466176 0.689836 0.021341 0.075267
2 0.498187 0.720126 0.022029 0.073432
2 0.515742 0.719667 0.021341 0.078021
2 0.456882 0.972907 0.042682 0.054186
2 0.473748 0.919654 0.033733 0.078021
2 0.454472 0.818226 0.037863 0.051402
2 0.384452 0.843927 0.025075 0.066088
2 0.418675 0.878807 0.041994 0.073432
2 0.454128 0.243070 0.167975 0.186333
2 0.526757 0.228843 0.000688 0.000000
0 0.478223 0.142560 0.001377 0.000000
2 0.347299 0.798475 0.019090 0.048227
2 0.361114 0.798810 0.021602 0.052915
2 0.361365 0.844357 0.027127 0.058274
0 0.331475 0.341388 0.401487 0.366791
0 0.028278 0.859943 0.035268 0.054015
2 0.006514 0.848505 0.013027 0.098497
5 0.500000 0.500000 1.000000 1.000000