0 0.500000 0.500000 1.000000 1.000000
1 0.488806 0.522275 0.008698 0.013615
1 0.468573 0.504626 0.009076 0.008572
5 0.472733 0.516224 0.010589 0.016640
5 0.525868 0.525553 0.029877 0.053450
5 0.515657 0.556312 0.025338 0.045382
5 0.504879 0.565641 0.037819 0.066057
5 0.516413 0.617326 0.023826 0.055467
5 0.541563 0.625898 0.023448 0.064544
1 0.574843 0.581272 0.007564 0.012606
1 0.673550 0.333182 0.012858 0.012606
5 0.673739 0.447142 0.015506 0.053955
5 0.688110 0.439831 0.019287 0.040340
5 0.493911 0.894915 0.011346 0.022691
5 0.505446 0.897436 0.008698 0.029751
5 0.425459 0.871719 0.011346 0.019666
5 0.442100 0.870206 0.013615 0.010589
5 0.437372 0.878527 0.013237 0.013110
5 0.264352 0.354613 0.010589 0.028238
5 0.281749 0.450924 0.013615 0.037314
5 0.287422 0.442352 0.012102 0.044374
3 0.297065 0.430250 0.014749 0.010085
5 0.185879 0.896680 0.014749 0.047399
5 0.086037 0.697249 0.017775 0.032776
5 0.035360 0.721957 0.019287 0.035802
5 0.053135 0.717167 0.012480 0.042357
3 0.065993 0.722462 0.015506 0.026725
5 0.031389 0.259814 0.006807 0.012102