2 0.225197 0.277192 0.042861 0.088064
2 0.274030 0.256581 0.026700 0.056211
2 0.183741 0.391489 0.027403 0.048717
2 0.390552 0.333091 0.035835 0.073075
2 0.376850 0.371034 0.039348 0.062769
2 0.399686 0.430993 0.035835 0.036537
2 0.413388 0.360260 0.044969 0.082443
2 0.442547 0.393987 0.028808 0.071201
2 0.441493 0.475493 0.025295 0.076822
2 0.461870 0.449261 0.029511 0.082443
2 0.473112 0.435677 0.043564 0.094622
2 0.528270 0.455351 0.044266 0.068390
2 0.551105 0.433803 0.033727 0.057148
2 0.509650 0.394924 0.022485 0.056211
2 0.585175 0.047780 0.030268 0.068030
2 0.609389 0.017836 0.019890 0.035672
2 0.619982 0.042591 0.017728 0.069183
2 0.610686 0.071417 0.024214 0.062265
2 0.642899 0.085542 0.020323 0.045546
2 0.639440 0.034520 0.024647 0.048428
2 0.662790 0.062193 0.026376 0.074948
2 0.679653 0.066805 0.030700 0.057653
2 0.703218 0.052104 0.015566 0.066301
5 0.503654 0.502108 0.992692 0.995784