2 0.306938 0.664118 0.029983 0.144679
2 0.287663 0.652696 0.028555 0.147217
2 0.257680 0.648888 0.028555 0.159909
2 0.387606 0.617161 0.028555 0.106606
1 0.411878 0.619699 0.019989 0.131988
2 0.429145 0.620624 0.028287 0.114908
1 0.561976 0.484027 0.035305 0.090223
1 0.586248 0.531100 0.028685 0.109836
2 0.605555 0.548752 0.036408 0.086300
1 0.680089 0.354589 0.026969 0.073515
1 0.590643 0.231531 0.017080 0.070318
1 0.566821 0.227536 0.008990 0.049543
1 0.573113 0.239522 0.010787 0.086300
1 0.334890 0.317831 0.019777 0.070318
2 0.231847 0.849177 0.028823 0.102481
2 0.197714 0.870752 0.036408 0.102481
2 0.118662 0.583198 0.022249 0.102481
1 0.143440 0.306320 0.079895 0.275081
0 0.072647 0.425881 0.023261 0.082704
2 0.249123 0.212828 0.020227 0.052140
1 0.160632 0.757596 0.035396 0.089896
1 0.199063 0.771980 0.037419 0.122258
0 0.193501 0.476223 0.086974 0.118662
5 0.500000 0.500000 1.000000 1.000000