1 0.242285 0.960069 0.019025 0.018449
1 0.208342 0.989664 0.009945 0.019218
1 0.154509 0.966603 0.016431 0.016143
0 0.194652 0.943021 0.124307 0.106213
2 0.512100 0.372396 0.020755 0.054578
2 0.537827 0.521140 0.018593 0.033823
2 0.471239 0.533439 0.021187 0.035360
2 0.460861 0.475018 0.011675 0.041510
2 0.464536 0.495389 0.017296 0.026905
2 0.476860 0.477708 0.013404 0.014605
2 0.478373 0.460413 0.024214 0.021524
2 0.506263 0.500770 0.017728 0.033054
2 0.529179 0.480399 0.009945 0.015374
2 0.524639 0.469637 0.014701 0.038435
2 0.489399 0.537667 0.011675 0.036129
5 0.500026 0.505380 0.958148 0.989240