0 0.186362 0.465794 0.076102 0.103006
2 0.209423 0.317434 0.013837 0.023061
2 0.220449 0.344339 0.009080 0.036898
2 0.229313 0.318971 0.012107 0.024598
2 0.248123 0.384311 0.021187 0.047660
2 0.247042 0.113344 0.019890 0.026905
0 0.265851 0.131408 0.096424 0.061496
0 0.399245 0.079136 0.134042 0.101469
2 0.545034 0.501666 0.026376 0.069183
2 0.569032 0.506663 0.016431 0.063802
2 0.566870 0.389051 0.032862 0.073027
2 0.541359 0.410575 0.026808 0.074564
2 0.527522 0.405579 0.019890 0.066108
2 0.520604 0.225958 0.016431 0.035360
2 0.555195 0.209047 0.012972 0.016911
2 0.537251 0.231339 0.010810 0.027673
2 0.550006 0.237489 0.007783 0.024598
2 0.538548 0.243639 0.007351 0.018449
0 0.670140 0.311413 0.057509 0.054578
2 0.804183 0.018557 0.026376 0.037114
2 0.857584 0.027013 0.023349 0.054025
2 0.843747 0.058638 0.018161 0.043047
2 0.849368 0.090154 0.015566 0.032285
2 0.877690 0.043264 0.033294 0.075333
2 0.869474 0.081314 0.026376 0.066877
2 0.951485 0.544457 0.035889 0.061496
5 0.502811 0.503420 0.994378 0.993160