2 0.506223 0.581673 0.029995 0.067035
2 0.507667 0.635843 0.028656 0.039240
2 0.523544 0.577499 0.017038 0.054729
2 0.551425 0.582662 0.026332 0.054729
2 0.588600 0.489209 0.020136 0.045436
2 0.609511 0.488693 0.023234 0.046468
2 0.401177 0.692325 0.024783 0.049566
2 0.402726 0.744990 0.020136 0.030979
2 0.456165 0.257168 0.018587 0.053697
2 0.429833 0.279789 0.029430 0.059893
2 0.327215 0.300442 0.037949 0.045436
0 0.686571 0.580694 0.172708 0.120818
2 0.346577 0.354859 0.027107 0.052664
2 0.475139 0.208226 0.033302 0.062990
0 0.622677 0.374372 0.078996 0.136307
0 0.649396 0.079254 0.166512 0.156960
2 0.393045 0.031753 0.017813 0.037175
2 0.403501 0.136350 0.023234 0.038207
5 0.498761 0.500929 0.996283 0.998141