5 0.803737 0.236225 0.009002 0.020731
1 0.790235 0.319149 0.016367 0.024004
1 0.788393 0.349427 0.006956 0.019094
1 0.781233 0.299236 0.009820 0.013639
1 0.680169 0.420349 0.022095 0.027823
1 0.702673 0.410802 0.021277 0.020731
1 0.699809 0.494544 0.034370 0.043099
1 0.738271 0.487179 0.013912 0.038189
2 0.724973 0.443808 0.006956 0.020185
2 0.729269 0.450900 0.008183 0.021277
2 0.736839 0.428260 0.007774 0.026187
2 0.724154 0.403983 0.010229 0.015821
2 0.760366 0.398254 0.007365 0.016367
1 0.756069 0.416258 0.009411 0.019640
1 0.765276 0.729133 0.018822 0.055101
1 0.741339 0.721768 0.020049 0.031642
1 0.683852 0.627660 0.038462 0.030005
5 0.888230 0.870977 0.013502 0.023459
5 0.901323 0.876432 0.012684 0.023459
5 0.893344 0.876705 0.006547 0.027278
5 0.774482 0.875614 0.009411 0.028369
5 0.785734 0.881342 0.007365 0.028914
5 0.791667 0.866612 0.007774 0.024550
5 0.664212 0.924168 0.006547 0.020731
5 0.668508 0.930442 0.009411 0.018003
5 0.675668 0.919804 0.008183 0.020731
5 0.687943 0.925532 0.009002 0.020185
5 0.680783 0.924714 0.006956 0.022913
1 0.571945 0.907256 0.042962 0.056738
1 0.607951 0.739771 0.034779 0.049100
1 0.535529 0.630387 0.032324 0.036552
1 0.552919 0.614021 0.038462 0.043099
1 0.568262 0.652209 0.011866 0.022368
5 0.601814 0.312875 0.008592 0.015821
5 0.616953 0.322695 0.009411 0.022368
2 0.493181 0.402891 0.007365 0.014730
2 0.501364 0.408347 0.006547 0.018003
2 0.505456 0.402891 0.008183 0.014730
2 0.511184 0.402891 0.005728 0.013639
5 0.597927 0.473813 0.006547 0.023459
5 0.501568 0.658483 0.011047 0.033824
5 0.509138 0.668576 0.008183 0.036552
5 0.517526 0.668303 0.011047 0.037098
1 0.388230 0.806328 0.024959 0.029460
1 0.398459 0.756683 0.026596 0.037098
2 0.361839 0.752864 0.009002 0.020731
2 0.355701 0.773322 0.005728 0.021277
5 0.366135 0.794053 0.008592 0.028914
5 0.343426 0.770867 0.006547 0.017458
5 0.348745 0.773595 0.007365 0.024004
5 0.348745 0.802237 0.017185 0.023459
1 0.374932 0.966176 0.035188 0.055646
1 0.406642 0.945990 0.039689 0.055646
5 0.424850 0.488816 0.006547 0.021822
5 0.431192 0.487725 0.006956 0.021822
5 0.408074 0.410802 0.004910 0.012002
5 0.380660 0.569013 0.010638 0.025095
1 0.258729 0.648391 0.027823 0.039825
1 0.249727 0.619749 0.026187 0.036007
1 0.169735 0.478178 0.019231 0.063830
5 0.205537 0.566830 0.010638 0.015276
5 0.213721 0.551282 0.004910 0.014730
1 0.188966 0.541462 0.014321 0.020185
1 0.205333 0.538462 0.020867 0.014184
1 0.240316 0.734043 0.039280 0.033279
5 0.115112 0.566285 0.007365 0.017458
5 0.129023 0.549373 0.008183 0.013093
5 0.537575 0.406438 0.003682 0.010911
5 0.545758 0.407256 0.003682 0.010366
2 0.540848 0.407801 0.004501 0.022368
0 0.536702 0.571277 0.915957 0.840426