3 0.794380 0.017018 0.007186 0.015632
3 0.778875 0.233089 0.005673 0.014119
3 0.804591 0.286791 0.004160 0.009581
4 0.804024 0.225525 0.007564 0.023195
4 0.808751 0.245947 0.012480 0.022691
1 0.756183 0.230820 0.022313 0.022691
1 0.811020 0.275446 0.014749 0.026221
1 0.779064 0.277715 0.007564 0.012606
1 0.794380 0.277715 0.010967 0.009581
1 0.784358 0.223256 0.029499 0.011598
1 0.814991 0.206868 0.024204 0.020170
1 0.816126 0.237627 0.011346 0.020170
3 0.692837 0.490255 0.009833 0.027229
3 0.612473 0.483196 0.009455 0.025212
3 0.613607 0.108035 0.006429 0.016136
5 0.619469 0.116355 0.004538 0.016640
4 0.624385 0.123667 0.009076 0.014119
3 0.515468 0.572448 0.008320 0.020170
2 0.522464 0.573708 0.007186 0.034793
1 0.513766 0.273177 0.011724 0.017649
5 0.488806 0.122154 0.004160 0.020170
1 0.459496 0.186194 0.012102 0.016136
1 0.454769 0.218466 0.013237 0.019161
1 0.476326 0.375791 0.011724 0.017144
1 0.496559 0.418652 0.010589 0.017144
1 0.506580 0.391675 0.009455 0.012606
3 0.458551 0.495046 0.021557 0.032776
3 0.414492 0.438570 0.022691 0.071099
4 0.376484 0.468825 0.008698 0.031768
4 0.412034 0.518493 0.007942 0.018153
4 0.409197 0.509669 0.004538 0.007564
4 0.369299 0.472859 0.006429 0.011598
4 0.366084 0.460253 0.005295 0.010589
4 0.396717 0.433780 0.012102 0.014119
4 0.402390 0.466304 0.005295 0.012606
1 0.366841 0.445125 0.031011 0.038827
1 0.404281 0.454454 0.009076 0.010085
1 0.416005 0.514459 0.008320 0.008068
1 0.420354 0.496811 0.004916 0.008068
1 0.382157 0.244182 0.018531 0.013110
3 0.468005 0.177874 0.004916 0.018657
3 0.367408 0.307718 0.007186 0.021178
1 0.275130 0.240652 0.017775 0.031263
3 0.203086 0.432015 0.006807 0.023700
3 0.197224 0.435292 0.006429 0.016136
3 0.191740 0.429998 0.005295 0.017649
4 0.177748 0.414114 0.010589 0.019161
3 0.206490 0.482187 0.009833 0.018153
3 0.143522 0.446890 0.007186 0.017144
3 0.137471 0.447899 0.005673 0.014119
1 0.192119 0.499080 0.032524 0.015632
1 0.179828 0.514711 0.014749 0.016640
1 0.190984 0.523536 0.017397 0.018153
1 0.174722 0.535638 0.011346 0.007059
1 0.206490 0.254771 0.015127 0.017144
1 0.195522 0.286287 0.023448 0.019666
1 0.169049 0.264100 0.022691 0.029751
1 0.163376 0.297380 0.012102 0.018657
1 0.179071 0.306709 0.011724 0.013110
4 0.110998 0.445377 0.005673 0.013110
4 0.108539 0.457731 0.005295 0.011598
1 0.115347 0.450168 0.009076 0.013615
1 0.127260 0.452185 0.005673 0.010589
1 0.103434 0.438822 0.008698 0.007059
1 0.091710 0.446638 0.010967 0.010589
4 0.098518 0.587071 0.007186 0.007059
4 0.094357 0.595895 0.013993 0.007564
4 0.088496 0.605980 0.007564 0.029751
4 0.077150 0.604216 0.008320 0.025212
4 0.070721 0.602451 0.008320 0.026725
1 0.056728 0.465295 0.029499 0.020674
1 0.009833 0.422938 0.019666 0.018657
1 0.024582 0.439207 0.015884 0.004274
1 0.020611 0.445377 0.017775 0.007059
0 0.500000 0.502212 1.000000 0.995575