0 0.500000 0.500000 1.000000 1.000000
1 0.500340 0.600434 0.031011 0.050929
1 0.503555 0.561354 0.024582 0.027229
1 0.566334 0.542445 0.066939 0.070091
1 0.549883 0.605224 0.049164 0.055467
1 0.620414 0.579003 0.033659 0.084714
1 0.629302 0.680105 0.028742 0.057989
1 0.530028 0.485465 0.044248 0.018657
1 0.510930 0.435292 0.022691 0.015127
1 0.477082 0.722462 0.029877 0.063031
1 0.505446 0.725739 0.023069 0.027229
1 0.968724 0.028112 0.019287 0.037819
1 0.803457 0.526309 0.049542 0.044878
1 0.787195 0.565641 0.045761 0.036810
1 0.823122 0.816252 0.012480 0.017649
1 0.884199 0.808688 0.012102 0.026725
1 0.813479 0.888107 0.012102 0.017144
1 0.801377 0.794317 0.015884 0.017144
1 0.791544 0.769609 0.012858 0.018153
4 0.688299 0.158712 0.024204 0.021683
1 0.736707 0.436301 0.023448 0.035297
1 0.738787 0.943070 0.013993 0.024204
1 0.677142 0.840708 0.029120 0.024204
4 0.602640 0.006681 0.007942 0.009076
5 0.596400 0.020296 0.009076 0.016136
5 0.636487 0.037440 0.006807 0.018153
5 0.606989 0.031389 0.008320 0.020170
5 0.565010 0.043491 0.007564 0.016136
4 0.526624 0.452689 0.018531 0.027734
4 0.504122 0.447142 0.006807 0.020674
4 0.511308 0.452689 0.005295 0.011598
4 0.414303 0.348057 0.011724 0.030255
4 0.423758 0.353604 0.008698 0.022187
4 0.434725 0.297633 0.011724 0.023195
4 0.421489 0.274941 0.012480 0.009076
4 0.414492 0.290825 0.011346 0.023700
4 0.403714 0.288304 0.010967 0.021683
4 0.396906 0.267378 0.009455 0.022187
1 0.447016 0.456723 0.018153 0.018657
1 0.411845 0.273429 0.013615 0.019161
1 0.377808 0.273429 0.014371 0.029246
5 0.390477 0.311247 0.013237 0.027229
5 0.290636 0.272420 0.010211 0.032272
5 0.297254 0.282757 0.009076 0.026725
5 0.279669 0.096690 0.015506 0.041853
5 0.262839 0.101228 0.012858 0.021683
4 0.259436 0.084083 0.014371 0.012606
5 0.251494 0.077276 0.005295 0.014119
5 0.356441 0.211658 0.009455 0.018657
1 0.347175 0.010148 0.013615 0.020296
1 0.172453 0.021557 0.012102 0.018657
4 0.123856 0.104758 0.020800 0.033785
4 0.133311 0.084588 0.019287 0.027734