2 0.529637 0.502817 0.041075 0.123918
1 0.521546 0.401580 0.026139 0.098470
2 0.498519 0.429241 0.028628 0.156004
2 0.455888 0.395495 0.023027 0.095151
2 0.474247 0.391623 0.017426 0.127237
2 0.494163 0.316387 0.034852 0.105109
2 0.665779 0.686049 0.033667 0.114139
3 0.683787 0.651947 0.024272 0.076556
2 0.688094 0.702753 0.017225 0.075164
2 0.705710 0.689529 0.038365 0.084908
1 0.729591 0.622716 0.037582 0.079340
2 0.794185 0.945645 0.025838 0.101611
1 0.812976 0.935205 0.016442 0.055677
2 0.878354 0.939764 0.040714 0.120472
2 0.859171 0.949508 0.022706 0.100984
1 0.829027 0.959947 0.017225 0.080106
1 0.845078 0.943940 0.013310 0.112120
2 0.816500 0.939764 0.029753 0.120472
5 0.501618 0.500000 0.996764 1.000000