4 0.986634 0.171304 0.007365 0.015276
4 0.916258 0.141571 0.004910 0.010366
4 0.887411 0.422804 0.009411 0.020731
5 0.915439 0.412711 0.009820 0.019094
5 0.889048 0.334424 0.009411 0.026187
3 0.989089 0.281506 0.005728 0.018549
3 0.984179 0.279596 0.004910 0.014730
5 0.621045 0.806328 0.011047 0.048009
5 0.743181 0.021549 0.008183 0.026732
3 0.751364 0.025641 0.006547 0.025095
3 0.755251 0.034643 0.004501 0.020185
5 0.692853 0.017458 0.011457 0.025095
5 0.657460 0.006274 0.006137 0.012548
5 0.664621 0.010366 0.005728 0.020731
3 0.650914 0.425805 0.007774 0.022368
5 0.691421 0.447354 0.006137 0.017458
4 0.505865 0.612657 0.013912 0.029460
4 0.573786 0.446809 0.006547 0.024004
4 0.584629 0.429078 0.005319 0.016912
3 0.582174 0.447354 0.009411 0.021822
3 0.468426 0.540917 0.006956 0.014730
4 0.463721 0.585379 0.010638 0.033824
4 0.393344 0.595472 0.009002 0.023459
4 0.385161 0.597109 0.011457 0.015821
4 0.375546 0.591380 0.010229 0.013093
5 0.302714 0.546645 0.005319 0.010911
4 0.328901 0.027550 0.012684 0.037643
5 0.141912 0.202946 0.007774 0.024004
5 0.150095 0.197763 0.008592 0.022368
3 0.130456 0.240589 0.005319 0.025095
3 0.135570 0.240044 0.006547 0.018549
3 0.138434 0.243863 0.005728 0.021822
5 0.142730 0.243863 0.009411 0.020731
5 0.164825 0.436170 0.015957 0.045281
3 0.149891 0.429624 0.009002 0.038734
3 0.156847 0.417621 0.009002 0.030005
3 0.087902 0.361429 0.006956 0.019094
3 0.095472 0.359793 0.007365 0.026732
3 0.099564 0.365521 0.006547 0.014184
4 0.093017 0.373159 0.009820 0.010911
4 0.035734 0.289143 0.009002 0.021822
4 0.046167 0.568740 0.008592 0.014730
4 0.064171 0.542008 0.015139 0.011457
4 0.041871 0.706492 0.017185 0.029460
1 0.073786 0.198309 0.034370 0.037643
0 0.498936 0.496809 0.997872 0.993617