5 0.706292 0.026386 0.008847 0.019246
5 0.868101 0.535171 0.008381 0.013659
5 0.934454 0.605327 0.008847 0.022351
5 0.941671 0.601291 0.009313 0.021730
5 0.979853 0.582355 0.006519 0.013659
5 0.920485 0.473397 0.006053 0.019246
4 0.931893 0.871671 0.009313 0.018625
1 0.681846 0.049668 0.031663 0.023592
1 0.406423 0.060533 0.063792 0.055255
5 0.463696 0.247098 0.013503 0.039734
5 0.401301 0.483330 0.007916 0.024213
5 0.398507 0.506922 0.011641 0.034147
4 0.410381 0.695350 0.023282 0.044701
3 0.375458 0.752157 0.018625 0.029180
1 0.259747 0.548830 0.036785 0.042218
5 0.237397 0.485193 0.006053 0.026696
5 0.326799 0.457875 0.007916 0.029180
5 0.248572 0.124790 0.006985 0.021109
1 0.169647 0.371267 0.025144 0.038493
1 0.021109 0.099025 0.020488 0.016763
1 0.005898 0.129136 0.011796 0.026076
5 0.524694 0.309182 0.009778 0.021109
5 0.586391 0.401378 0.013038 0.031663
5 0.886493 0.124480 0.013503 0.024213
5 0.921882 0.163904 0.008847 0.018625
5 0.914199 0.162662 0.009313 0.016142
0 0.502119 0.478208 0.995762 0.946731