2 0.915644 0.510366 0.016776 0.037643
2 0.880046 0.516094 0.019231 0.033824
2 0.868590 0.512002 0.024959 0.045281
2 0.893753 0.521277 0.011457 0.045281
2 0.903573 0.522368 0.009820 0.038734
2 0.869408 0.548827 0.015957 0.030551
2 0.891298 0.559193 0.013093 0.020731
2 0.845676 0.530824 0.015139 0.031642
1 0.829105 0.138843 0.027005 0.042008
2 0.490726 0.189034 0.011457 0.019094
2 0.483361 0.180033 0.008183 0.017458
2 0.460857 0.178123 0.007365 0.018003
2 0.449400 0.180578 0.005728 0.025095
2 0.443262 0.186579 0.006547 0.024004
2 0.437534 0.183033 0.005728 0.024550
2 0.433442 0.169940 0.005728 0.016912
2 0.501568 0.186852 0.004501 0.024550
2 0.507297 0.186034 0.004501 0.016367
2 0.513639 0.184943 0.004910 0.017458
2 0.507092 0.193399 0.009002 0.024550
2 0.519981 0.197490 0.007774 0.016367
2 0.532256 0.250136 0.007774 0.019094
3 0.563148 0.458538 0.016367 0.060556
3 0.543508 0.450355 0.015548 0.060556
2 0.414825 0.436989 0.007774 0.033824
2 0.427919 0.466176 0.008592 0.027823
2 0.392730 0.469449 0.007774 0.022368
2 0.404596 0.475450 0.007774 0.028914
2 0.397027 0.475723 0.007365 0.028369
2 0.417485 0.474905 0.011457 0.027823
2 0.410529 0.483088 0.008183 0.037643
2 0.384547 0.314512 0.010229 0.019094
2 0.401528 0.328151 0.012275 0.022368
2 0.241544 0.086743 0.009820 0.027278
2 0.255251 0.075559 0.007774 0.020185
2 0.231110 0.020458 0.011866 0.006001
2 0.256478 0.037370 0.011866 0.012548
2 0.259547 0.050736 0.007365 0.015276
2 0.248909 0.047736 0.004910 0.015821
2 0.239703 0.052919 0.007774 0.019640
2 0.233565 0.049100 0.007774 0.015276
2 0.224154 0.034915 0.005319 0.019640
2 0.319285 0.270867 0.011457 0.019094
2 0.331969 0.272504 0.008183 0.019094
2 0.325014 0.275232 0.007365 0.022368
2 0.338516 0.263775 0.008183 0.014730
2 0.339539 0.286143 0.010229 0.018003
2 0.280824 0.333061 0.008183 0.025641
2 0.252182 0.319694 0.009002 0.021822
2 0.268344 0.317512 0.008592 0.016367
2 0.265071 0.321877 0.004501 0.019640
2 0.285325 0.408620 0.009820 0.025095
2 0.260775 0.449809 0.007365 0.022368
2 0.305987 0.445717 0.008592 0.021822
2 0.301077 0.398800 0.005319 0.020731
2 0.293508 0.415439 0.008183 0.022368
2 0.240726 0.454719 0.006547 0.023459
2 0.221699 0.433442 0.003682 0.020185
2 0.233361 0.452537 0.011457 0.007092
2 0.225586 0.439989 0.005728 0.020185
2 0.318262 0.444899 0.008592 0.019094
2 0.249113 0.441899 0.016776 0.012002
1 0.346904 0.394163 0.015139 0.028914
1 0.322559 0.382433 0.018822 0.027278
1 0.323582 0.349700 0.040507 0.034915
1 0.296167 0.324332 0.016776 0.034370
2 0.012207 0.346972 0.009411 0.022913
3 0.090971 0.539007 0.023732 0.038189
1 0.055987 0.432897 0.033142 0.050736
3 0.049236 0.446809 0.012275 0.018549
2 0.103860 0.329787 0.007774 0.021277
5 0.031847 0.355428 0.007774 0.024550
5 0.036961 0.351882 0.012275 0.016367
2 0.480701 0.590289 0.008592 0.028369
2 0.481929 0.545827 0.011866 0.013639
2 0.494408 0.558374 0.008183 0.025641
2 0.487248 0.561102 0.006956 0.032188
2 0.504228 0.552373 0.005728 0.022368
2 0.523663 0.566285 0.003682 0.020731
2 0.513639 0.564648 0.009002 0.024004
2 0.511593 0.557829 0.008183 0.023459
2 0.527141 0.559465 0.006547 0.021277
2 0.498704 0.579924 0.008592 0.026187
1 0.314580 0.516094 0.051146 0.051282
0 0.500266 0.312766 0.999468 0.625532