2 0.053623 0.557339 0.019970 0.037080
2 0.038534 0.539982 0.020857 0.027613
2 0.209683 0.871728 0.014645 0.045758
2 0.218337 0.883562 0.013313 0.037869
2 0.254282 0.876067 0.018639 0.051281
2 0.212346 0.491858 0.014645 0.044969
2 0.221221 0.473318 0.018195 0.031557
2 0.228322 0.455172 0.017307 0.044180
2 0.251398 0.461089 0.014645 0.049703
2 0.252507 0.544716 0.020414 0.033924
2 0.329206 0.135261 0.014645 0.033924
2 0.320331 0.653194 0.021745 0.045758
1 0.274622 0.655561 0.018195 0.020512
2 0.431274 0.643069 0.019970 0.049703
2 0.482530 0.431899 0.016863 0.054436
2 0.425283 0.322632 0.014201 0.052069
2 0.437709 0.322632 0.014201 0.059959
2 0.446584 0.271746 0.017751 0.054436
2 0.429721 0.245711 0.018639 0.048125
2 0.647910 0.593630 0.015088 0.060748
2 0.638591 0.518287 0.015088 0.037869
2 0.651016 0.476473 0.020414 0.053647
2 0.753084 0.102914 0.011538 0.027613
2 0.757744 0.412964 0.027958 0.021301
2 0.694950 0.868572 0.025739 0.058381
4 0.976007 0.495145 0.027514 0.034713
0 0.043934 0.305801 0.081654 0.110450
0 0.114494 0.242292 0.027514 0.104928
0 0.164640 0.290812 0.049703 0.130963
0 0.120263 0.397317 0.049703 0.075737
0 0.101180 0.546031 0.084317 0.125440
0 0.255762 0.242555 0.094080 0.138063
0 0.314784 0.100942 0.102068 0.091516
0 0.476761 0.162479 0.131357 0.083627
0 0.563519 0.650564 0.084761 0.105717
0 0.774977 0.559311 0.084317 0.156208
0 0.709742 0.579034 0.041715 0.124651
0 0.680305 0.115932 0.060353 0.063115
0 0.777714 0.095420 0.114937 0.176721
0 0.916171 0.210341 0.067010 0.074160
0 0.816248 0.350770 0.061241 0.113606
0 0.442624 0.554574 0.074199 0.071094
2 0.393239 0.519455 0.025536 0.052250
0 0.341203 0.470204 0.069863 0.065098
0 0.327230 0.549435 0.073717 0.074520
0 0.268048 0.529734 0.054927 0.100217
0 0.882518 0.737078 0.147172 0.133545
0 0.933108 0.921043 0.119577 0.147172
5 0.505340 0.500000 0.989320 1.000000