5 0.856724 0.433442 0.019231 0.038734
5 0.981315 0.473813 0.017185 0.035461
5 0.666871 0.626568 0.008592 0.024550
5 0.662370 0.626841 0.007774 0.024004
5 0.804146 0.123295 0.019640 0.037098
5 0.551896 0.484452 0.010229 0.031642
5 0.471495 0.829242 0.015548 0.050191
5 0.436102 0.579924 0.006956 0.021822
5 0.443262 0.585379 0.009820 0.029460
4 0.422600 0.523732 0.008592 0.026187
5 0.438557 0.534097 0.008592 0.009820
5 0.442035 0.522640 0.008183 0.012002
5 0.454514 0.531915 0.008592 0.029460
5 0.463721 0.536279 0.008183 0.022913
5 0.452469 0.554010 0.012684 0.012548
5 0.465153 0.553191 0.007774 0.014184
5 0.469040 0.542280 0.010638 0.012002
5 0.422190 0.469449 0.008592 0.020185
5 0.437739 0.432079 0.009411 0.025095
5 0.443467 0.427169 0.007774 0.018549
5 0.455333 0.423622 0.006956 0.023459
5 0.447763 0.437807 0.004910 0.026732
5 0.460857 0.424441 0.006547 0.017458
5 0.201650 0.672395 0.021686 0.036552
5 0.069694 0.743317 0.010638 0.024550
5 0.067239 0.518549 0.010638 0.018003
5 0.111020 0.435079 0.010638 0.012548
5 0.087902 0.468358 0.007774 0.018003
5 0.094244 0.466721 0.006547 0.018003
5 0.100586 0.473268 0.006137 0.021277
0 0.494149 0.496809 0.988298 0.993617