0 0.053113 0.023682 0.085182 0.047363
0 0.106513 0.103479 0.103775 0.146053
2 0.205316 0.194954 0.031565 0.043047
2 0.209856 0.248379 0.028538 0.066877
2 0.150401 0.253760 0.018593 0.043816
2 0.187371 0.261063 0.014701 0.070721
2 0.160130 0.375984 0.022485 0.062265
2 0.188236 0.389820 0.030268 0.076102
2 0.135051 0.729587 0.015566 0.051503
2 0.147807 0.741886 0.011675 0.037666
2 0.155806 0.706910 0.019025 0.039973
0 0.260446 0.513748 0.231872 0.207357
2 0.455898 0.692792 0.038645 0.072450
2 0.512460 0.897235 0.030916 0.089938
2 0.461870 0.767324 0.015458 0.077447
2 0.434116 0.758580 0.025998 0.087440
2 0.467491 0.842897 0.032322 0.081194
2 0.376148 0.867880 0.035132 0.083692
2 0.441493 0.829781 0.025295 0.074948
2 0.503677 0.625546 0.023187 0.073699
2 0.520189 0.666144 0.023890 0.072450
2 0.599939 0.597441 0.024592 0.109924
2 0.630153 0.564963 0.016161 0.074948
2 0.653340 0.712362 0.021782 0.042471
2 0.453790 0.256425 0.031619 0.077447
2 0.478382 0.303268 0.031619 0.126163
2 0.510001 0.264545 0.024592 0.083692
2 0.615749 0.210207 0.028106 0.099931
2 0.630153 0.191470 0.027403 0.059959
2 0.656033 0.270374 0.019674 0.056211
2 0.693976 0.227279 0.033727 0.079945
2 0.661654 0.322838 0.028106 0.056211
2 0.714704 0.335329 0.017566 0.041222
2 0.692571 0.424643 0.035132 0.097433
2 0.838720 0.773570 0.044969 0.067454
2 0.885095 0.437551 0.025295 0.049966
2 0.823613 0.053648 0.020377 0.064955
5 0.500281 0.493583 0.999438 0.987165