1 0.516593 0.549463 0.028810 0.089219
1 0.559344 0.547604 0.023234 0.080545
2 0.531928 0.573627 0.024164 0.065675
2 0.520775 0.641161 0.024164 0.057001
2 0.541686 0.647976 0.023234 0.050805
2 0.575608 0.619353 0.018587 0.075343
2 0.557950 0.637443 0.013011 0.074349
2 0.530069 0.561235 0.016729 0.144981
0 0.395569 0.231018 0.051565 0.070352
1 0.341605 0.344141 0.022785 0.066355
2 0.323318 0.347739 0.019787 0.060759
2 0.302032 0.436878 0.010793 0.051965
1 0.311026 0.426085 0.010793 0.041572
2 0.320020 0.438877 0.013191 0.035176
2 0.308927 0.299771 0.020986 0.083143
2 0.293338 0.318958 0.017388 0.054363
2 0.278348 0.316160 0.017388 0.037574
4 0.275950 0.283782 0.018587 0.035176
1 0.387483 0.131786 0.011052 0.034830
2 0.369900 0.184367 0.017080 0.028802
1 0.394013 0.107673 0.022104 0.020094
0 0.390497 0.124753 0.043203 0.067651
1 0.275205 0.359718 0.019592 0.013396
0 0.960999 0.455975 0.062610 0.063914
1 0.772488 0.112954 0.010962 0.036857
2 0.783926 0.115496 0.013821 0.041941
2 0.787024 0.079592 0.013345 0.032409
2 0.776062 0.080863 0.020017 0.033680
1 0.772488 0.051632 0.010962 0.028596
1 0.766292 0.029073 0.026213 0.024148
1 0.812045 0.083087 0.020494 0.034315
2 0.882582 0.107235 0.016681 0.029231
1 0.887110 0.042417 0.012392 0.030502
2 0.884488 0.076732 0.014775 0.022877
2 0.870905 0.084676 0.012392 0.029867
2 0.858037 0.078321 0.024783 0.038763
2 0.876863 0.049407 0.014775 0.031773
2 0.861373 0.030343 0.012392 0.024148
2 0.876863 0.022400 0.011915 0.022241
2 0.852556 0.016681 0.017634 0.024783
1 0.864948 0.015728 0.007149 0.022877
0 0.828011 0.168047 0.018111 0.020335
1 0.933340 0.714356 0.024783 0.075620
1 0.953357 0.732215 0.017158 0.078162
2 0.921186 0.713469 0.016681 0.043212
1 0.932148 0.680107 0.020494 0.040034
2 0.965510 0.670257 0.027166 0.043212
2 0.968131 0.737934 0.018111 0.033680
2 0.981238 0.734121 0.023353 0.051473
2 0.992883 0.716586 0.014234 0.062911
0 0.954278 0.627939 0.091443 0.076256
2 0.728884 0.896800 0.013821 0.034951
0 0.692662 0.835160 0.052902 0.055285
5 0.500000 0.500000 1.000000 1.000000