5 0.797600 0.216858 0.013093 0.040917
5 0.778164 0.236770 0.013502 0.041462
5 0.768958 0.264866 0.009820 0.040917
1 0.741953 0.199673 0.029460 0.052373
1 0.799236 0.274959 0.028642 0.057829
1 0.772640 0.398254 0.021277 0.018549
1 0.793099 0.421986 0.012275 0.018003
1 0.771413 0.422531 0.019640 0.023459
1 0.743181 0.411893 0.011457 0.013093
1 0.730701 0.417076 0.007774 0.015821
1 0.731724 0.480087 0.015548 0.033824
1 0.729883 0.537916 0.009411 0.015276
5 0.747477 0.911620 0.008592 0.016367
5 0.738884 0.919804 0.010229 0.026187
5 0.732133 0.906983 0.009002 0.026732
5 0.833606 0.908620 0.012275 0.042008
5 0.819081 0.912439 0.013502 0.026732
5 0.818876 0.931533 0.018822 0.035461
5 0.803123 0.926896 0.014321 0.042553
5 0.562125 0.061102 0.013502 0.050191
5 0.574809 0.082924 0.014321 0.041462
5 0.554760 0.113475 0.013502 0.030551
5 0.578492 0.111293 0.013502 0.029460
5 0.588107 0.138571 0.011457 0.025095
5 0.515685 0.258865 0.010638 0.027823
5 0.517730 0.283142 0.017185 0.036007
5 0.701855 0.310147 0.007365 0.023459
5 0.712084 0.312602 0.018003 0.027278
5 0.667690 0.336607 0.014321 0.029460
5 0.680578 0.363339 0.008183 0.017458
5 0.663598 0.421167 0.010229 0.041462
5 0.654187 0.419258 0.009411 0.032188
5 0.647436 0.417894 0.009002 0.033824
5 0.645390 0.430169 0.007365 0.026732
5 0.629637 0.422259 0.015957 0.033824
5 0.605292 0.417894 0.013093 0.036007
5 0.645390 0.459629 0.018822 0.024550
5 0.630660 0.463175 0.012275 0.037098
5 0.619817 0.457720 0.012684 0.032733
5 0.613271 0.466994 0.016776 0.024004
5 0.645595 0.507365 0.012684 0.041462
5 0.682215 0.504637 0.004910 0.019640
5 0.674645 0.501637 0.007774 0.020185
3 0.633115 0.508183 0.013093 0.037643
1 0.691830 0.481724 0.020049 0.012002
1 0.719654 0.511184 0.015957 0.016367
1 0.708606 0.492635 0.008592 0.008729
1 0.585243 0.542280 0.034370 0.025095
1 0.628001 0.608838 0.033961 0.038189
1 0.515276 0.968085 0.075286 0.063830
1 0.452264 0.980633 0.011457 0.019094
5 0.545145 0.606656 0.006547 0.019640
5 0.554555 0.585925 0.004910 0.015276
5 0.357338 0.470813 0.018003 0.031642
5 0.344858 0.477905 0.018412 0.039280
5 0.340562 0.493181 0.009002 0.022913
5 0.331356 0.486361 0.017594 0.027823
5 0.319694 0.483633 0.017185 0.016912
5 0.329310 0.469449 0.015139 0.013639
5 0.436511 0.234315 0.014321 0.045281
5 0.341380 0.249318 0.017185 0.039280
0 0.439096 0.496809 0.878191 0.993617