2 0.328764 0.450580 0.046699 0.077255
2 0.328981 0.289537 0.027241 0.073795
4 0.300010 0.202481 0.011675 0.027673
2 0.281417 0.127629 0.024647 0.055923
2 0.228016 0.048644 0.025079 0.042086
2 0.272985 0.059598 0.025079 0.058229
2 0.401794 0.269854 0.049888 0.103991
2 0.447817 0.226290 0.051996 0.106802
2 0.338205 0.227227 0.035132 0.078696
4 0.468194 0.325909 0.042159 0.056211
2 0.414445 0.356537 0.040108 0.071100
2 0.631390 0.530336 0.042842 0.062592
2 0.845373 0.247051 0.077025 0.111815
5 0.505340 0.504356 0.989320 0.991287