0 0.500000 0.500000 1.000000 1.000000
5 0.494857 0.455967 0.014749 0.034289
5 0.557068 0.415879 0.015127 0.045887
5 0.540239 0.417896 0.017018 0.045887
5 0.495235 0.391171 0.020044 0.036810
5 0.489373 0.431510 0.013615 0.034793
5 0.472544 0.453193 0.016262 0.033785
5 0.475947 0.417644 0.016262 0.043365
5 0.463845 0.368732 0.010967 0.020170
5 0.476893 0.358142 0.015127 0.038323
5 0.410710 0.595139 0.010589 0.027229
5 0.399932 0.539924 0.014749 0.054963
5 0.378186 0.540932 0.015884 0.035802
5 0.366652 0.543454 0.011724 0.025717
5 0.359466 0.514964 0.019287 0.035297
5 0.433780 0.632453 0.012102 0.018153
5 0.483511 0.697501 0.017018 0.037314
5 0.942440 0.418148 0.018909 0.034289
5 0.910672 0.471598 0.020422 0.039331
5 0.895356 0.466556 0.016262 0.040340
5 0.877581 0.487482 0.024582 0.048912
5 0.901974 0.555051 0.018153 0.030759
5 0.788518 0.847263 0.014371 0.033280
5 0.772824 0.249729 0.009455 0.026221
5 0.745594 0.271160 0.010967 0.014623
5 0.752212 0.221239 0.013615 0.037819
1 0.924476 0.356882 0.014749 0.014623
1 0.954353 0.383103 0.009455 0.015632
1 0.943953 0.404029 0.027229 0.027229
1 0.924665 0.437814 0.015127 0.035297
1 0.907458 0.446134 0.017018 0.019666
1 0.844490 0.488491 0.025717 0.052946
1 0.751267 0.781963 0.019287 0.048912
1 0.774525 0.896932 0.037062 0.055972
1 0.800053 0.945339 0.015506 0.044878
1 0.775282 0.970300 0.028742 0.031263
1 0.703048 0.914328 0.059753 0.140181
1 0.652939 0.937524 0.044248 0.078663
1 0.659368 0.792804 0.032902 0.072612
1 0.693783 0.808688 0.021557 0.028742
1 0.713070 0.700275 0.064670 0.081184
1 0.700401 0.234602 0.042357 0.050425
1 0.732169 0.254771 0.009076 0.012102
1 0.774525 0.196027 0.042357 0.042861
1 0.787951 0.144593 0.020800 0.020674
1 0.739165 0.074251 0.021557 0.036306
1 0.729143 0.103749 0.018153 0.016640
1 0.677332 0.103245 0.034793 0.036810
1 0.669768 0.059123 0.039331 0.028238
1 0.707397 0.043491 0.023069 0.025212
1 0.688110 0.010400 0.034415 0.020800
1 0.719121 0.010463 0.012480 0.020674
5 0.697754 0.470085 0.015127 0.027229
5 0.692081 0.479918 0.012858 0.029751
5 0.681302 0.467816 0.014749 0.032776
5 0.665230 0.503114 0.015884 0.029751
1 0.655964 0.489499 0.011724 0.016640
5 0.682248 0.396465 0.008320 0.015127
1 0.586945 0.960719 0.032524 0.049416
1 0.566712 0.931725 0.026851 0.046895
1 0.551585 0.904495 0.021557 0.036810
1 0.543075 0.873988 0.024204 0.034289
1 0.573898 0.861130 0.015506 0.026725
1 0.551396 0.817513 0.006051 0.011093
5 0.576356 0.821547 0.018909 0.043365
5 0.576923 0.717419 0.012480 0.031768
5 0.603207 0.759020 0.012102 0.023195
1 0.451554 0.090891 0.058997 0.065552
1 0.420165 0.127197 0.033280 0.032272
1 0.398797 0.161738 0.030633 0.042861
1 0.472733 0.341502 0.028742 0.040340
1 0.447394 0.496306 0.021935 0.019161
1 0.401256 0.577995 0.008320 0.014119
1 0.296687 0.973804 0.030633 0.052391
1 0.227857 0.954139 0.078285 0.091722
1 0.254898 0.843733 0.027229 0.017144
4 0.243174 0.807932 0.014371 0.018153
4 0.172075 0.732042 0.012858 0.016640
4 0.155056 0.751708 0.015127 0.019666
4 0.138416 0.735824 0.016640 0.009076
4 0.132932 0.763558 0.006429 0.010085
4 0.125936 0.769609 0.008320 0.010085
4 0.201384 0.570179 0.007186 0.011598
4 0.216323 0.603963 0.006051 0.015632
5 0.183042 0.566901 0.007564 0.018153
5 0.214432 0.347049 0.004538 0.010085
5 0.084714 0.460505 0.015884 0.024204
5 0.086983 0.688425 0.011346 0.018153
5 0.128583 0.725739 0.005295 0.012102
1 0.009644 0.138542 0.017775 0.049921