2 0.476893 0.784597 0.027334 0.101076
2 0.456666 0.762244 0.021867 0.110795
2 0.442999 0.792372 0.016401 0.101076
2 0.435892 0.776822 0.032801 0.069976
2 0.235804 0.766131 0.030614 0.091357
2 0.195350 0.791400 0.019681 0.145783
2 0.212843 0.813754 0.024054 0.081639
1 0.275166 0.588276 0.021867 0.093301
1 0.252752 0.577585 0.016401 0.068032
1 0.218310 0.584388 0.017494 0.089414
1 0.364822 0.465818 0.030614 0.085526
2 0.220497 0.226085 0.019681 0.046651
2 0.213937 0.276624 0.021867 0.062201
0 0.244005 0.122093 0.071069 0.130233
5 0.500000 0.494527 1.000000 0.989054