2 0.055707 0.113504 0.014269 0.024214
2 0.042519 0.117828 0.012107 0.029403
2 0.068463 0.271856 0.017296 0.017296
2 0.062841 0.255714 0.016431 0.014990
2 0.253960 0.157608 0.014701 0.030556
2 0.263257 0.155590 0.013404 0.034592
2 0.272769 0.150690 0.015134 0.023638
2 0.295038 0.160779 0.015566 0.031132
2 0.343898 0.122440 0.016431 0.020178
2 0.362059 0.092172 0.014701 0.038051
2 0.344763 0.078624 0.009513 0.040933
2 0.324224 0.062193 0.016863 0.029979
2 0.314063 0.065364 0.015566 0.037474
2 0.331143 0.077471 0.007351 0.032862
2 0.334890 0.651115 0.017728 0.036321
2 0.348727 0.652556 0.016863 0.036898
2 0.365374 0.663798 0.025944 0.051311
2 0.381372 0.654862 0.019890 0.034592
2 0.521468 0.494876 0.030268 0.059382
2 0.513469 0.534945 0.028970 0.062265
2 0.533359 0.518514 0.024647 0.051311
2 0.551087 0.472392 0.033294 0.085902
2 0.543088 0.548781 0.035456 0.069183
2 0.580707 0.543016 0.025944 0.055347
2 0.575302 0.493723 0.019458 0.061688
2 0.611190 0.490840 0.031565 0.060535
2 0.630000 0.521396 0.022485 0.040933
2 0.604921 0.535810 0.023349 0.046699
5 0.501124 0.505481 0.997752 0.989038