5 0.827469 0.123295 0.018003 0.028369
5 0.796781 0.140207 0.015548 0.030551
5 0.813557 0.128478 0.012275 0.031097
5 0.810284 0.142662 0.012275 0.033279
2 0.602837 0.808238 0.028642 0.067103
1 0.504023 0.788598 0.029869 0.047463
1 0.496045 0.709220 0.038462 0.037098
1 0.519776 0.662302 0.058101 0.053464
5 0.473336 0.545827 0.022504 0.047463
5 0.655619 0.545281 0.023732 0.042008
5 0.631069 0.523732 0.031915 0.097109
2 0.682215 0.160666 0.013912 0.035461
2 0.714130 0.158483 0.016367 0.052919
1 0.726200 0.221768 0.023322 0.030005
1 0.678123 0.208129 0.026187 0.030005
1 0.691421 0.135570 0.034779 0.033279
1 0.724768 0.114294 0.036825 0.051828
1 0.730906 0.167758 0.023732 0.020185
1 0.764866 0.323241 0.022913 0.051828
1 0.741544 0.329514 0.021277 0.027278
1 0.718221 0.320786 0.017185 0.026187
1 0.749113 0.373704 0.023322 0.027278
5 0.581765 0.066012 0.011047 0.031642
5 0.092812 0.458811 0.042144 0.040371
0 0.497340 0.497872 0.994680 0.995744