0 0.500000 0.500000 1.000000 1.000000
1 0.442516 0.426903 0.200514 0.144858
1 0.417707 0.307970 0.015506 0.020674
5 0.375728 0.478910 0.051055 0.129592
5 0.409387 0.539420 0.034415 0.084209
5 0.437183 0.506896 0.042357 0.117994
5 0.447394 0.568162 0.027986 0.079167
5 0.529839 0.511182 0.046895 0.134634
1 0.555177 0.439074 0.011346 0.022691
1 0.562552 0.410080 0.017018 0.024204
1 0.821799 0.842725 0.028742 0.035297
1 0.869828 0.831379 0.042357 0.042861
5 0.904432 0.835918 0.011724 0.018657
5 0.888738 0.868694 0.015127 0.015632
5 0.836926 0.900714 0.035550 0.041348
1 0.880796 0.884325 0.020422 0.027734