0 0.386114 0.883313 0.132590 0.233374
2 0.343363 0.910918 0.032218 0.121162
2 0.366907 0.923035 0.029740 0.136583
2 0.473474 0.849236 0.039653 0.143192
2 0.505073 0.836018 0.028501 0.182845
2 0.461702 0.734683 0.018587 0.059480
2 0.474713 0.711552 0.022305 0.079306
2 0.330352 0.566157 0.028501 0.105741
2 0.363189 0.598100 0.019827 0.116756
2 0.400364 0.596998 0.032218 0.145394
2 0.383635 0.626738 0.023544 0.174033
4 0.490203 0.467025 0.021066 0.088118
2 0.477811 0.513287 0.026022 0.123365
4 0.427006 0.495663 0.026022 0.110147
0 0.680414 0.632246 0.275093 0.436183
2 0.599868 0.801873 0.029740 0.105741
2 0.635804 0.816192 0.061958 0.138786
0 0.786981 0.283767 0.141264 0.288586
0 0.435060 0.139130 0.143742 0.278260
2 0.465943 0.541615 0.029740 0.104089
2 0.453396 0.515180 0.030669 0.143742
2 0.488712 0.178129 0.025093 0.080958
2 0.492894 0.240913 0.035316 0.067741
2 0.511946 0.175651 0.019517 0.066088
2 0.041512 0.480173 0.029740 0.099133
2 0.066605 0.476869 0.027881 0.171830
0 0.085192 0.359562 0.131970 0.261049
0 0.938971 0.571045 0.122057 0.333746
0 0.934325 0.242255 0.131350 0.422966
5 0.500310 0.500000 0.999380 1.000000