0 0.117748 0.188776 0.073666 0.082246
2 0.180098 0.391433 0.015532 0.023668
2 0.192302 0.386995 0.018639 0.027810
2 0.203618 0.400900 0.023520 0.020118
2 0.203174 0.326642 0.011094 0.028993
2 0.216044 0.329601 0.014645 0.023076
2 0.250436 0.344097 0.021301 0.031952
2 0.247774 0.370428 0.017751 0.020709
2 0.228248 0.509477 0.020414 0.038460
2 0.285938 0.463620 0.026626 0.047336
2 0.301027 0.349127 0.022189 0.051478
2 0.322772 0.369540 0.027514 0.063903
2 0.317002 0.403267 0.015976 0.037869
2 0.322772 0.451786 0.018639 0.047336
2 0.340522 0.442911 0.022189 0.044969
2 0.362933 0.451786 0.022632 0.050886
2 0.379796 0.413622 0.019970 0.038460
2 0.411304 0.389362 0.017307 0.065679
2 0.502574 0.112743 0.008432 0.018934
2 0.509230 0.103276 0.013757 0.011834
2 0.429573 0.332263 0.022189 0.048519
2 0.449099 0.555827 0.027514 0.059762
2 0.380314 0.572690 0.026626 0.057986
2 0.459972 0.947334 0.022632 0.056211
2 0.649833 0.916861 0.021301 0.055620
2 0.674906 0.949405 0.025295 0.063903
2 0.648058 0.875443 0.015088 0.041419
2 0.716843 0.936683 0.025739 0.056211
2 0.863066 0.055447 0.029733 0.032543
2 0.861735 0.116096 0.035058 0.048519
2 0.906334 0.051009 0.037277 0.053253
2 0.878376 0.208105 0.017751 0.033727
2 0.895462 0.257808 0.042159 0.051478
2 0.932295 0.249524 0.017307 0.031360
2 0.613665 0.357805 0.019970 0.027810
2 0.610559 0.471707 0.017307 0.040235
2 0.538446 0.411650 0.016863 0.018343
0 0.771249 0.810909 0.095992 0.094550
0 0.902314 0.071731 0.178899 0.118288
5 0.499719 0.504356 0.978078 0.991287