0 0.500000 0.500000 1.000000 1.000000
4 0.478952 0.564591 0.017938 0.056340
4 0.351790 0.523665 0.029897 0.064844
4 0.307542 0.566451 0.026708 0.057934
4 0.333453 0.721119 0.027505 0.082383
1 0.496492 0.427729 0.042653 0.032422
1 0.562465 0.522868 0.015148 0.032422
1 0.484733 0.520210 0.059794 0.046241
1 0.444870 0.545988 0.027107 0.028701
1 0.515626 0.612692 0.025911 0.053682
1 0.399426 0.558213 0.035079 0.037205
1 0.342023 0.651226 0.027904 0.029764
1 0.306944 0.676473 0.033485 0.046241
1 0.338037 0.689229 0.009567 0.024981
1 0.256518 0.724574 0.039464 0.034016
1 0.227019 0.757262 0.061787 0.070690
1 0.192538 0.582397 0.059794 0.071753
4 0.197720 0.771878 0.029499 0.065907
4 0.183369 0.614287 0.024715 0.074942
4 0.238380 0.499482 0.055011 0.061123
1 0.344216 0.494964 0.051423 0.066970
1 0.307542 0.534827 0.037072 0.032953
1 0.263294 0.479550 0.088097 0.069096
1 0.988519 0.588243 0.022961 0.030296
1 0.742446 0.579208 0.028303 0.012225
1 0.756398 0.532967 0.017938 0.014351
1 0.695607 0.581334 0.035079 0.040926
5 0.727497 0.555821 0.011959 0.020729
5 0.756597 0.557416 0.020729 0.019666
5 0.763573 0.547317 0.019533 0.024981
5 0.761182 0.598342 0.025911 0.029233
5 0.736666 0.594887 0.011162 0.031890
1 0.722315 0.542268 0.025512 0.017008
1 0.483935 0.724043 0.015945 0.045709
1 0.455633 0.701719 0.019134 0.036142
1 0.036076 0.571766 0.026708 0.022855
1 0.084908 0.564325 0.022323 0.016477
5 0.080324 0.591166 0.012357 0.046772
5 0.094475 0.593558 0.011959 0.044115