2 0.043860 0.175496 0.027958 0.032346
2 0.028771 0.267012 0.027070 0.076526
2 0.054066 0.256362 0.025295 0.034713
2 0.175217 0.497775 0.023520 0.053647
1 0.197627 0.480418 0.008875 0.025246
2 0.152584 0.042167 0.012869 0.029190
2 0.180542 0.074513 0.017307 0.038658
2 0.360270 0.332888 0.022632 0.067848
2 0.360714 0.402314 0.011982 0.023668
2 0.435564 0.108042 0.027070 0.064692
2 0.457531 0.137233 0.023076 0.058381
2 0.480533 0.368784 0.018195 0.098616
2 0.498728 0.380618 0.018195 0.085994
2 0.518920 0.389297 0.020414 0.089149
2 0.500725 0.412570 0.015088 0.066270
2 0.534008 0.359317 0.020414 0.048125
2 0.549318 0.449255 0.016420 0.019723
2 0.571886 0.860839 0.012740 0.033446
2 0.786959 0.591657 0.020414 0.042602
2 0.788956 0.623609 0.022632 0.021301
2 0.747907 0.612959 0.021301 0.044180
2 0.786959 0.247420 0.020414 0.069426
4 0.865951 0.416646 0.019526 0.027613
2 0.992278 0.199164 0.015088 0.079682
0 0.082227 0.055967 0.099018 0.111934
0 0.073147 0.467459 0.091235 0.108387
0 0.115954 0.820678 0.076534 0.141441
0 0.195947 0.699992 0.039348 0.063034
0 0.262320 0.670397 0.041510 0.060727
0 0.264265 0.585839 0.066156 0.079176
0 0.320261 0.658097 0.054482 0.148360
0 0.317450 0.348566 0.062697 0.066877
0 0.371716 0.214940 0.070048 0.072258
0 0.380364 0.321790 0.038916 0.087632
0 0.393624 0.936752 0.194578 0.101469
2 0.568960 0.714213 0.012539 0.036129
0 0.557285 0.706141 0.111990 0.103006
0 0.671654 0.670781 0.076966 0.146053
0 0.560312 0.814913 0.045401 0.057653
0 0.610254 0.902929 0.036321 0.081482
0 0.885048 0.745831 0.099494 0.236837
5 0.501967 0.495503 0.996065 0.977328