0 0.500000 0.500000 1.000000 1.000000
5 0.428674 0.451176 0.029120 0.089252
5 0.453445 0.488238 0.020422 0.057484
5 0.807995 0.595391 0.014749 0.032776
5 0.796460 0.588836 0.012858 0.036810
5 0.725550 0.708847 0.009455 0.016640
5 0.740867 0.715150 0.012858 0.029246
3 0.715528 0.706830 0.010589 0.011598
5 0.608313 0.136525 0.026095 0.068074
1 0.586000 0.134508 0.018531 0.018657
1 0.523599 0.272420 0.018531 0.032272
1 0.481053 0.267630 0.015127 0.025717
1 0.484835 0.218213 0.021935 0.020674
1 0.472165 0.200061 0.013993 0.017649
1 0.486347 0.186446 0.026473 0.021683
1 0.464791 0.163250 0.024204 0.034793
1 0.531919 0.096437 0.023069 0.023195
1 0.503555 0.041474 0.035928 0.036306
1 0.516035 0.015758 0.022313 0.016136
1 0.451554 0.014497 0.023448 0.012606
1 0.424514 0.169049 0.017018 0.014119
1 0.434158 0.060384 0.022691 0.043870
1 0.396150 0.033091 0.057862 0.066182
1 0.343204 0.061896 0.032146 0.037819
1 0.187013 0.655901 0.040466 0.056980
1 0.163755 0.548496 0.023448 0.031768
1 0.163755 0.498323 0.028742 0.042357
1 0.249414 0.237375 0.067695 0.085218
1 0.181529 0.349318 0.027986 0.027734
1 0.303684 0.226281 0.037062 0.039836
1 0.308222 0.086857 0.009833 0.014119
1 0.319189 0.099463 0.022691 0.021178
1 0.262461 0.020800 0.016640 0.041348
1 0.301604 0.015695 0.054081 0.031389
1 0.165646 0.008446 0.009076 0.013615
1 0.181908 0.007186 0.010589 0.010085
1 0.022691 0.205607 0.045382 0.070091
1 0.069397 0.106522 0.045004 0.039331
1 0.071855 0.076772 0.034037 0.019161