2 0.631500 0.423915 0.035396 0.118662
2 0.603183 0.440770 0.023261 0.084951
2 0.574360 0.482571 0.026294 0.103830
2 0.591552 0.494707 0.026294 0.082255
2 0.549582 0.492685 0.033374 0.094391
2 0.516209 0.499427 0.031351 0.107875
2 0.489408 0.380765 0.034385 0.113269
2 0.454012 0.465042 0.044498 0.084951
2 0.489914 0.469087 0.031351 0.068770
1 0.365015 0.666802 0.032362 0.107875
4 0.341249 0.693096 0.041464 0.068770
4 0.308887 0.700512 0.025283 0.045847
2 0.337783 0.187657 0.040453 0.091694
2 0.717251 0.528118 0.016885 0.050654
2 0.696672 0.523897 0.024272 0.064725
0 0.850218 0.044792 0.088645 0.074574
1 0.252464 0.662220 0.025375 0.076493
2 0.276736 0.678401 0.020962 0.067667
0 0.298249 0.610734 0.123566 0.132392
2 0.093042 0.743862 0.030891 0.057370
2 0.070425 0.758572 0.020962 0.057370
2 0.045602 0.770340 0.019859 0.042660
2 0.043395 0.746068 0.041924 0.032362
2 0.119520 0.744597 0.022065 0.088261
2 0.216056 0.135319 0.036408 0.100029
2 0.265703 0.194159 0.034201 0.073551
5 0.500000 0.500809 1.000000 0.998382