1 0.911143 0.478996 0.067512 0.062193
1 0.768344 0.296236 0.017594 0.025095
3 0.765071 0.314512 0.018412 0.011457
1 0.937943 0.289143 0.013093 0.042553
1 0.863271 0.650027 0.058511 0.071468
1 0.938966 0.723677 0.015957 0.036552
1 0.985611 0.728860 0.025777 0.027278
5 0.681601 0.618112 0.022504 0.043644
5 0.619408 0.669667 0.031506 0.043099
5 0.646822 0.685488 0.022504 0.052919
5 0.667690 0.667485 0.021686 0.039825
5 0.705333 0.723131 0.020049 0.032188
1 0.559465 0.262411 0.027823 0.036007
1 0.543099 0.293508 0.028642 0.028369
1 0.463516 0.268685 0.024959 0.038734
1 0.484179 0.233497 0.027823 0.025095
1 0.517117 0.206765 0.041326 0.064375
5 0.480292 0.471358 0.026596 0.085106
5 0.453492 0.476814 0.036007 0.080742
5 0.460038 0.616203 0.029460 0.079105
5 0.379842 0.475996 0.040917 0.095472
5 0.435693 0.550464 0.017594 0.032733
5 0.416258 0.561648 0.024550 0.058374
5 0.386593 0.610202 0.031506 0.070376
5 0.418917 0.629296 0.035597 0.062739
5 0.315194 0.774686 0.027005 0.079651
5 0.285734 0.686852 0.036007 0.076378
1 0.391708 0.311511 0.023732 0.024004
1 0.403778 0.263502 0.028232 0.031642
1 0.362452 0.242226 0.053601 0.069831
1 0.315603 0.292962 0.032733 0.050191
1 0.243181 0.287507 0.042553 0.054555
1 0.246045 0.215221 0.042553 0.035461
1 0.275914 0.150300 0.070376 0.096563
1 0.223336 0.387343 0.055237 0.056738
1 0.089334 0.635297 0.050736 0.056192
1 0.134138 0.701855 0.038052 0.040917
1 0.136593 0.659029 0.020049 0.028369
1 0.046577 0.662302 0.023322 0.025095
1 0.046781 0.713039 0.025368 0.041462
1 0.073991 0.685215 0.018412 0.018549
5 0.014866 0.794599 0.014730 0.032188
5 0.006001 0.760775 0.012002 0.031097
5 0.130046 0.838516 0.011047 0.037098
5 0.140685 0.835788 0.010229 0.034915
5 0.150709 0.828151 0.012275 0.034915
5 0.162166 0.840426 0.012275 0.043099
5 0.192035 0.912439 0.009820 0.028914
0 0.498936 0.498936 0.997872 0.997872