5 0.959015 0.148118 0.016776 0.066012
5 0.975791 0.152209 0.014321 0.061102
5 0.991067 0.128478 0.017866 0.082379
2 0.989634 0.195854 0.020731 0.041462
5 0.846904 0.237861 0.023322 0.085106
5 0.855701 0.266776 0.035188 0.098200
5 0.925055 0.343699 0.015957 0.034915
1 0.879637 0.343972 0.042144 0.039825
1 0.950014 0.312330 0.011866 0.039825
5 0.962493 0.346972 0.022913 0.079651
2 0.990657 0.327059 0.018685 0.042008
2 0.980087 0.333606 0.020458 0.034370
2 0.981929 0.359520 0.022504 0.036007
5 0.709424 0.102019 0.014321 0.039280
5 0.571740 0.106656 0.021277 0.047463
5 0.665644 0.032733 0.014321 0.050191
5 0.672804 0.014730 0.009002 0.022913
5 0.650300 0.016367 0.013912 0.028369
5 0.648868 0.035461 0.008592 0.042553
5 0.600177 0.027550 0.011866 0.037643
5 0.610816 0.043099 0.012684 0.060011
5 0.623295 0.012002 0.009002 0.024004
5 0.624318 0.034370 0.010229 0.014184
5 0.636388 0.606110 0.030278 0.062193
5 0.488475 0.555374 0.012684 0.074195
5 0.555374 0.535461 0.024550 0.092199
5 0.532665 0.530005 0.020867 0.085652
5 0.521822 0.507638 0.013093 0.056192
1 0.540235 0.611566 0.044190 0.039280
5 0.447149 0.660120 0.019231 0.050191
5 0.433442 0.656574 0.012275 0.034370
5 0.552510 0.570922 0.000000 0.002728
1 0.567853 0.416530 0.039689 0.043099
1 0.490112 0.481451 0.051964 0.083470
1 0.649891 0.533006 0.064648 0.067649
5 0.481724 0.406983 0.011457 0.032733
5 0.450014 0.394163 0.013502 0.043099
5 0.462902 0.405346 0.019640 0.077469
1 0.488066 0.238953 0.027414 0.074195
5 0.438966 0.254501 0.011866 0.021277
5 0.419735 0.310420 0.009411 0.032733
5 0.425668 0.312602 0.008183 0.025095
5 0.110638 0.368085 0.035106 0.080851
5 0.153562 0.522664 0.015264 0.059204
5 0.248959 0.509251 0.011795 0.050879
5 0.261448 0.466698 0.015957 0.024977
5 0.228839 0.487974 0.009019 0.036078
5 0.236818 0.481961 0.011101 0.025902
5 0.269426 0.565680 0.015264 0.063830
5 0.284690 0.567993 0.016651 0.062905
5 0.317993 0.544866 0.018039 0.057354
5 0.230496 0.511457 0.016367 0.036552
1 0.231929 0.436443 0.042144 0.062193
1 0.368181 0.469722 0.049509 0.073104
1 0.487657 0.042553 0.026596 0.027278
1 0.433647 0.356519 0.043781 0.038734
5 0.245431 0.243863 0.004501 0.012002
5 0.250341 0.244408 0.005319 0.014184
5 0.320104 0.299782 0.007365 0.014730
5 0.327878 0.300600 0.004910 0.016367
5 0.399686 0.409711 0.012684 0.032733
5 0.362657 0.405074 0.011457 0.033279
5 0.369408 0.399891 0.010229 0.032733
5 0.376773 0.397709 0.010229 0.033824
5 0.383729 0.415712 0.007774 0.018549
5 0.385570 0.393071 0.008183 0.023459
5 0.264866 0.674032 0.012275 0.028914
5 0.364703 0.812875 0.018822 0.067649
5 0.304965 0.879160 0.009820 0.020185
5 0.293508 0.877796 0.009002 0.021822
5 0.284097 0.875341 0.007365 0.023459
5 0.440807 0.745499 0.013912 0.011457
5 0.440398 0.761047 0.009820 0.018549
1 0.483156 0.800873 0.089607 0.108020
5 0.803191 0.842553 0.028723 0.097872
0 0.545479 0.496809 0.901596 0.993617