2 0.537040 0.704087 0.051389 0.132663
2 0.584055 0.726684 0.036081 0.180771
2 0.643644 0.523316 0.032801 0.115169
2 0.664413 0.537857 0.032813 0.088852
2 0.568190 0.553126 0.048108 0.122458
2 0.796705 0.929732 0.056855 0.137036
2 0.408011 0.333175 0.022961 0.083096
2 0.375756 0.355043 0.039361 0.097675
0 0.545776 0.300374 0.141045 0.145783
0 0.761171 0.441784 0.123551 0.195350
0 0.281179 0.360874 0.156353 0.126831
2 0.393797 0.500097 0.038268 0.113711
2 0.339128 0.558410 0.057949 0.107880
2 0.473067 0.729281 0.032801 0.091843
2 0.243458 0.767184 0.083096 0.123916
0 0.500310 0.500000 0.999380 1.000000
0 0.021258 0.523651 0.042516 0.101696
2 0.132248 0.339994 0.120497 0.152972
2 0.098919 0.756945 0.025638 0.064949
4 0.143144 0.635682 0.042302 0.066658
5 0.893432 0.465417 0.139777 0.131846