2 0.146137 0.529978 0.035745 0.152512
1 0.187601 0.421949 0.035745 0.073714
1 0.173303 0.568106 0.050043 0.086423
1 0.210478 0.463890 0.032885 0.091507
1 0.224776 0.566835 0.032885 0.114384
2 0.228350 0.482954 0.025736 0.104216
2 0.301270 0.528707 0.037175 0.114384
2 0.252657 0.494392 0.031456 0.071172
2 0.235499 0.430845 0.028596 0.127093
2 0.720201 0.965796 0.025736 0.068408
2 0.743077 0.948003 0.020017 0.103994
2 0.783827 0.950545 0.024307 0.098910
2 0.766669 0.918772 0.021447 0.162456
2 0.870329 0.789248 0.028596 0.111842
2 0.886772 0.798144 0.032885 0.139802
2 0.675162 0.466432 0.015728 0.106758
2 0.615111 0.624027 0.038605 0.106758
2 0.659434 0.577003 0.032885 0.068630
2 0.585800 0.491850 0.054332 0.116926
2 0.637987 0.480412 0.015728 0.114384
2 0.651570 0.484225 0.037175 0.193181
2 0.437101 0.421949 0.040034 0.088965
2 0.433526 0.488037 0.038605 0.083881
2 0.484999 0.412576 0.050043 0.132177
2 0.497867 0.254980 0.027166 0.122009
2 0.467127 0.227020 0.034315 0.076256
2 0.412794 0.280399 0.062911 0.101674
0 0.270529 0.196120 0.270232 0.392240
2 0.055921 0.255298 0.037175 0.086423
2 0.048772 0.175653 0.025736 0.066088
2 0.043768 0.088806 0.029073 0.090660
2 0.013186 0.040935 0.026372 0.067783
5 0.500000 0.500000 1.000000 1.000000
2 0.929058 0.790789 0.020446 0.092524
2 0.911400 0.764354 0.029740 0.178439