1 0.516094 0.285597 0.047463 0.066012
1 0.556806 0.328696 0.015139 0.044190
1 0.526323 0.379705 0.024550 0.043644
5 0.586470 0.482542 0.024550 0.090016
5 0.566830 0.487179 0.031915 0.082924
5 0.543099 0.503819 0.022095 0.079105
5 0.526118 0.484724 0.020867 0.044190
5 0.519367 0.469449 0.024550 0.045281
5 0.499932 0.470813 0.018412 0.031642
5 0.495840 0.491271 0.037234 0.070376
5 0.461266 0.495363 0.022095 0.074195
5 0.596290 0.692308 0.021277 0.044735
5 0.397845 0.487998 0.033552 0.067103
0 0.502660 0.501064 0.994680 0.997872