5 0.933647 0.501364 0.010229 0.019640
5 0.974154 0.477632 0.011047 0.021277
5 0.994613 0.391162 0.008592 0.025095
5 0.995567 0.419531 0.008865 0.021822
5 0.998227 0.458811 0.003546 0.026187
5 0.995772 0.522368 0.008456 0.018003
1 0.927100 0.489907 0.030687 0.041462
1 0.967199 0.447354 0.051964 0.044735
1 0.988202 0.501909 0.023595 0.048009
1 0.986361 0.391980 0.027278 0.035461
4 0.966176 0.462630 0.005728 0.015276
1 0.785938 0.396618 0.017594 0.036007
1 0.755865 0.395254 0.022913 0.012548
1 0.762821 0.374250 0.024550 0.017458
1 0.623295 0.701855 0.024550 0.020185
1 0.654801 0.672668 0.019640 0.041462
1 0.677714 0.696127 0.018822 0.029460
1 0.620226 0.686307 0.020049 0.041462
1 0.652960 0.326787 0.027414 0.031642
1 0.682829 0.326241 0.024141 0.039280
1 0.698172 0.298145 0.039280 0.018003
1 0.716789 0.321877 0.020049 0.030551
1 0.723336 0.366885 0.028232 0.042008
1 0.684056 0.221495 0.018412 0.040371
1 0.672600 0.181669 0.024959 0.029460
1 0.665030 0.162575 0.014730 0.022913
1 0.626159 0.159302 0.026187 0.021822
1 0.624113 0.192035 0.028642 0.036007
1 0.652346 0.134479 0.032733 0.044190
4 0.685897 0.740589 0.017185 0.056192
4 0.673418 0.744408 0.013502 0.051828
4 0.659711 0.743044 0.017185 0.065466
4 0.618385 0.733497 0.010638 0.046372
4 0.629228 0.744954 0.015957 0.059465
5 0.507092 0.121658 0.012275 0.026187
5 0.528778 0.389525 0.013912 0.022913
5 0.460857 0.406710 0.009820 0.036552
5 0.472722 0.388980 0.015548 0.029460
4 0.444490 0.350518 0.015548 0.043099
5 0.439580 0.401800 0.022095 0.040917
5 0.455128 0.430715 0.018822 0.032188
5 0.429555 0.436989 0.011866 0.040371
5 0.443467 0.496181 0.021686 0.037643
5 0.458197 0.533279 0.012684 0.046372
1 0.469449 0.502455 0.039280 0.037098
1 0.478041 0.477360 0.023732 0.024004
1 0.456151 0.317785 0.050327 0.042008
1 0.508933 0.328969 0.039689 0.049100
1 0.508320 0.380251 0.038462 0.051282
1 0.462084 0.369885 0.027823 0.030551
1 0.424441 0.225859 0.020458 0.018549
1 0.416462 0.207856 0.024141 0.021822
1 0.423009 0.183852 0.027414 0.030551
1 0.473336 0.208402 0.019231 0.030551
1 0.547190 0.174304 0.031915 0.039825
1 0.512207 0.169667 0.031506 0.053464
1 0.538393 0.129569 0.024959 0.051828
1 0.502182 0.127387 0.042553 0.052919
1 0.376773 0.336607 0.028232 0.034915
1 0.406438 0.309056 0.030278 0.030005
5 0.406642 0.315876 0.011047 0.014184
1 0.321127 0.409984 0.032324 0.024550
1 0.296167 0.447354 0.035597 0.034915
1 0.297190 0.389253 0.036825 0.039825
5 0.285120 0.394708 0.011047 0.021277
1 0.264048 0.419531 0.029460 0.039280
1 0.172804 0.193399 0.018003 0.030005
1 0.153164 0.179487 0.018003 0.019640
1 0.120431 0.206492 0.014730 0.023459
1 0.129842 0.178396 0.018003 0.028369
5 0.133320 0.204310 0.011866 0.025641
0 0.500000 0.487234 1.000000 0.902128