5 0.834220 0.252591 0.011047 0.033824
5 0.857542 0.231042 0.012684 0.012548
5 0.877591 0.191489 0.008592 0.021822
1 0.893344 0.196945 0.022913 0.052373
1 0.912166 0.254228 0.031097 0.034915
1 0.889253 0.281779 0.028642 0.046372
1 0.844244 0.212766 0.034370 0.028369
2 0.871249 0.465630 0.018003 0.044190
5 0.770595 0.481178 0.027005 0.075286
5 0.807829 0.516912 0.034370 0.083470
5 0.739089 0.447081 0.036825 0.068194
5 0.763843 0.620567 0.029869 0.069285
5 0.742771 0.553191 0.028642 0.073104
5 0.698991 0.531642 0.042553 0.072559
5 0.385775 0.874523 0.015139 0.040371
5 0.345063 0.870977 0.012275 0.032188
5 0.354269 0.870431 0.010229 0.038734
5 0.329719 0.854883 0.025777 0.027278
5 0.331969 0.264321 0.016367 0.052919
5 0.347722 0.267867 0.018412 0.053464
1 0.300259 0.301418 0.047872 0.054010
5 0.318058 0.432079 0.011457 0.022913
2 0.365726 0.613202 0.006956 0.016367
5 0.193467 0.629023 0.016776 0.040371
5 0.091176 0.602019 0.008592 0.026732
5 0.099973 0.600655 0.006547 0.017458
5 0.145799 0.557283 0.009820 0.016912
5 0.198582 0.555374 0.012275 0.027278
1 0.125955 0.593017 0.035597 0.070922
1 0.169531 0.520458 0.036825 0.039280
2 0.163598 0.795417 0.012684 0.033824
2 0.176487 0.798691 0.009820 0.034915
0 0.494947 0.498936 0.989894 0.997872