1 0.565401 0.555074 0.027036 0.085615
1 0.670166 0.503255 0.043934 0.045060
1 0.653691 0.622665 0.027881 0.054072
1 0.649044 0.658713 0.021967 0.031542
1 0.584833 0.666599 0.035485 0.060831
1 0.589480 0.562960 0.043089 0.056325
1 0.631301 0.344981 0.027036 0.048440
1 0.564556 0.386098 0.025346 0.049566
1 0.521889 0.466080 0.021122 0.027036
1 0.395580 0.557891 0.032105 0.064211
0 0.385019 0.543809 0.136026 0.387518
1 0.518510 0.418204 0.022812 0.025910
0 0.582721 0.507761 0.183339 0.405542
1 0.401072 0.957812 0.032950 0.048440
2 0.423883 0.952743 0.024502 0.065337
1 0.458101 0.963417 0.035485 0.073166
1 0.570048 0.918948 0.031261 0.049566
0 0.553150 0.910499 0.092092 0.152078
0 0.405718 0.846851 0.136871 0.141940
2 0.489362 0.073505 0.016898 0.046187
4 0.202963 0.047197 0.028428 0.036446
1 0.178636 0.010478 0.025694 0.020956
1 0.278406 0.053029 0.019681 0.024783
4 0.291800 0.040637 0.020227 0.026241
5 0.751095 0.500000 0.497810 1.000000