2 0.020467 0.282810 0.034592 0.064571
2 0.047059 0.308754 0.028106 0.086479
2 0.102045 0.391390 0.021620 0.036898
2 0.264121 0.384279 0.015999 0.043816
2 0.279471 0.375055 0.020755 0.032285
2 0.277526 0.409358 0.033294 0.047852
2 0.295038 0.458651 0.019025 0.043816
2 0.323359 0.426654 0.016863 0.045546
2 0.341304 0.462975 0.027673 0.042086
2 0.362491 0.450868 0.021620 0.047852
2 0.334385 0.332968 0.023349 0.042663
2 0.448177 0.043744 0.020323 0.048428
2 0.488606 0.049797 0.031997 0.058229
2 0.521901 0.051239 0.020755 0.069183
2 0.762096 0.661012 0.052320 0.104928
2 0.813119 0.502659 0.041078 0.089938
2 0.775284 0.426558 0.032862 0.068030
2 0.803174 0.368329 0.016863 0.035745
2 0.514486 0.533172 0.021421 0.032208
2 0.516081 0.609134 0.020054 0.043146
2 0.508333 0.559607 0.022788 0.049831
2 0.531805 0.587864 0.025979 0.062592
2 0.547985 0.627060 0.023700 0.046184
2 0.560290 0.597891 0.020965 0.051046
0 0.709455 0.069753 0.087894 0.097433
5 0.501967 0.502108 0.996065 0.995784