1 0.769776 0.132842 0.025368 0.044190
5 0.920349 0.294326 0.009002 0.020185
5 0.976405 0.319149 0.009002 0.014184
5 0.907460 0.309602 0.006956 0.010366
5 0.915439 0.308783 0.009002 0.012002
5 0.906642 0.295963 0.011047 0.010366
5 0.920554 0.345608 0.006956 0.018003
5 0.925464 0.327605 0.007774 0.012548
5 0.941012 0.328151 0.006956 0.011457
5 0.782051 0.595472 0.011457 0.028914
5 0.792485 0.587834 0.011047 0.031097
5 0.861020 0.547190 0.007365 0.020731
5 0.880046 0.531642 0.011047 0.030005
2 0.884956 0.502182 0.015139 0.012548
2 0.960447 0.625477 0.009002 0.024550
2 0.936307 0.690125 0.010638 0.022913
2 0.930578 0.596563 0.010638 0.021277
2 0.902141 0.794053 0.013502 0.020185
5 0.921577 0.832788 0.010638 0.027823
5 0.930783 0.834970 0.011047 0.021277
5 0.794531 0.835243 0.007774 0.022913
5 0.757297 0.736225 0.006956 0.019094
5 0.773663 0.744681 0.007774 0.017458
5 0.786348 0.460175 0.015139 0.013639
5 0.794531 0.469995 0.008592 0.016912
1 0.766503 0.440807 0.036825 0.034915
5 0.736839 0.423350 0.011866 0.025095
5 0.620022 0.089471 0.012275 0.025095
5 0.684056 0.092471 0.005319 0.013639
5 0.685079 0.110202 0.004910 0.018549
5 0.643958 0.149755 0.009411 0.015821
5 0.640071 0.165848 0.007365 0.017458
5 0.602837 0.156847 0.009002 0.020185
5 0.610611 0.184943 0.006547 0.018549
5 0.598745 0.178669 0.009002 0.016912
5 0.628410 0.187398 0.006137 0.018003
5 0.635979 0.186579 0.006547 0.019640
5 0.658074 0.153028 0.005728 0.018003
5 0.652346 0.156301 0.009002 0.021277
5 0.648254 0.166667 0.009002 0.019094
5 0.654596 0.183579 0.007774 0.020185
5 0.648663 0.179487 0.009820 0.019640
5 0.568876 0.257774 0.019640 0.048554
5 0.585652 0.269776 0.014730 0.046372
5 0.640276 0.390071 0.015139 0.029460
5 0.651118 0.403710 0.013912 0.034915
5 0.618385 0.789416 0.012275 0.021822
5 0.626364 0.794053 0.008592 0.024550
5 0.496454 0.648936 0.017185 0.035461
5 0.498909 0.676214 0.010638 0.022368
5 0.507911 0.656301 0.012275 0.031642
5 0.518753 0.631478 0.017594 0.063830
5 0.537370 0.635843 0.015548 0.059465
5 0.546372 0.653846 0.013093 0.028914
5 0.562125 0.654937 0.017594 0.063830
5 0.551077 0.666939 0.015139 0.071468
5 0.508524 0.680578 0.011047 0.031097
5 0.519572 0.681942 0.014321 0.037098
5 0.533074 0.683306 0.010229 0.038734
5 0.523868 0.698309 0.017185 0.027278
5 0.432420 0.488271 0.024141 0.076378
5 0.470881 0.492089 0.019231 0.078560
5 0.486225 0.483361 0.016367 0.066558
5 0.505456 0.468903 0.027005 0.083470
5 0.498091 0.526187 0.022095 0.037643
5 0.519981 0.238953 0.008592 0.041462
5 0.528369 0.243317 0.013912 0.032733
5 0.455947 0.099291 0.016367 0.050191
5 0.444081 0.081560 0.014730 0.036552
5 0.421167 0.061648 0.018822 0.073104
5 0.447968 0.035188 0.021686 0.042008
1 0.484384 0.166394 0.052782 0.052373
1 0.562943 0.123841 0.033142 0.036007
5 0.611839 0.108292 0.007365 0.022368
5 0.144163 0.084288 0.022913 0.062739
5 0.126159 0.060829 0.011457 0.038734
5 0.170145 0.066285 0.029869 0.078014
5 0.163189 0.110475 0.020867 0.069285
5 0.188762 0.174850 0.040098 0.095472
5 0.231929 0.213857 0.030687 0.076378
3 0.237861 0.113748 0.023732 0.054010
2 0.070104 0.022913 0.018822 0.045826
5 0.084424 0.041189 0.012275 0.040917
5 0.103246 0.055919 0.015548 0.014730
5 0.059056 0.102291 0.009820 0.021277
5 0.069490 0.113748 0.007774 0.021277
5 0.239907 0.429078 0.009002 0.033279
5 0.228451 0.457720 0.009820 0.025095
5 0.217403 0.460447 0.013912 0.026187
5 0.157665 0.804692 0.004910 0.017458
5 0.160325 0.812057 0.008592 0.019094
5 0.048213 0.817785 0.011047 0.026187
5 0.014662 0.796508 0.015957 0.022913
5 0.004569 0.786688 0.009138 0.027278
5 0.517730 0.732679 0.013912 0.020731
5 0.302919 0.475177 0.013912 0.020731
5 0.334834 0.580196 0.009820 0.022368
5 0.343631 0.583470 0.009411 0.028914
5 0.349973 0.576650 0.012275 0.022913
5 0.355292 0.548009 0.009820 0.020185
5 0.361020 0.558101 0.014730 0.020731
5 0.369408 0.545281 0.012684 0.031097
5 0.389457 0.572831 0.013502 0.028369
5 0.381069 0.576378 0.010638 0.036552
5 0.361634 0.582106 0.009411 0.018549
5 0.372272 0.580469 0.012684 0.034915
5 0.315807 0.752046 0.005319 0.016912
5 0.320104 0.762411 0.008183 0.034370
5 0.325218 0.752864 0.009411 0.024004
5 0.326650 0.775232 0.009820 0.026187
5 0.335447 0.780415 0.009411 0.027823
5 0.343835 0.776596 0.009002 0.024550
5 0.280415 0.579378 0.013093 0.025095
5 0.287984 0.600109 0.007774 0.026187
0 0.495745 0.497872 0.991489 0.995744