5 0.532665 0.838789 0.013502 0.022368
5 0.521618 0.841789 0.011866 0.036007
3 0.506683 0.910802 0.014730 0.034370
5 0.569899 0.621658 0.010229 0.026732
5 0.562125 0.596017 0.010229 0.028914
5 0.545349 0.548827 0.011866 0.032733
3 0.530824 0.549918 0.011457 0.043644
3 0.504023 0.506274 0.013502 0.041462
3 0.515071 0.511457 0.006956 0.039825
3 0.544326 0.504092 0.018822 0.032733
3 0.413189 0.482270 0.009411 0.058920
3 0.428532 0.495363 0.012275 0.049100
5 0.457174 0.481997 0.018003 0.042008
1 0.496249 0.262411 0.050327 0.058920
1 0.522640 0.331697 0.018003 0.028369
1 0.438966 0.327059 0.056056 0.048554
5 0.415030 0.353246 0.020458 0.054010
5 0.388230 0.299509 0.033961 0.037098
5 0.381888 0.336879 0.018003 0.052919
5 0.344449 0.247409 0.021686 0.056192
3 0.320922 0.345063 0.021277 0.058374
3 0.343426 0.293508 0.021277 0.054555
3 0.346495 0.438625 0.017594 0.031642
3 0.335038 0.780415 0.012684 0.038734
3 0.281233 0.385979 0.012275 0.030005
5 0.143344 0.118658 0.009820 0.033279
5 0.154187 0.110475 0.009411 0.016912
5 0.183442 0.384888 0.016367 0.048554
5 0.231110 0.360338 0.026596 0.020185
5 0.093835 0.344244 0.012275 0.027278
3 0.053737 0.778232 0.018003 0.048554
3 0.018549 0.815330 0.028642 0.044190
3 0.008456 0.738407 0.016912 0.054010
3 0.096086 0.786688 0.019231 0.024004
3 0.082788 0.797872 0.018003 0.028914
3 0.086470 0.783961 0.013093 0.034915
5 0.177100 0.985270 0.016776 0.029460
0 0.388298 0.501064 0.775532 0.997872