1 0.558238 0.921986 0.022095 0.057829
1 0.558442 0.844244 0.012684 0.043099
1 0.529187 0.924714 0.022095 0.037098
1 0.631069 0.169667 0.033552 0.033824
5 0.500546 0.181669 0.005728 0.018549
5 0.506274 0.180033 0.006547 0.013093
5 0.503819 0.199127 0.005728 0.019640
5 0.508933 0.208947 0.007774 0.019640
5 0.539416 0.180306 0.004092 0.011457
4 0.492158 0.434534 0.006956 0.014730
4 0.542076 0.807965 0.010229 0.019640
1 0.568058 0.752864 0.018822 0.031642
3 0.403983 0.929624 0.008183 0.024004
5 0.414825 0.475177 0.015957 0.056738
4 0.428328 0.484452 0.013502 0.052373
5 0.418917 0.127387 0.004501 0.010366
5 0.412984 0.123841 0.004910 0.012002
5 0.417280 0.112657 0.004501 0.009274
5 0.420349 0.103110 0.005728 0.013093
4 0.312534 0.685488 0.010229 0.020185
5 0.302919 0.487998 0.013912 0.034370
3 0.204105 0.567921 0.012684 0.056738
3 0.214539 0.567921 0.013093 0.030551
4 0.111020 0.289689 0.016367 0.041462
5 0.015276 0.252591 0.009820 0.019640
1 0.661143 0.336879 0.036416 0.055101
0 0.421011 0.498936 0.840957 0.997872