0 0.500000 0.424287 1.000000 0.839725
4 0.875312 0.394196 0.013993 0.018657
5 0.906891 0.397222 0.006051 0.014623
5 0.902920 0.403525 0.006429 0.019161
5 0.897247 0.403525 0.005673 0.015127
5 0.893087 0.401256 0.004916 0.015632
5 0.745027 0.260066 0.011346 0.035802
5 0.742758 0.224517 0.014371 0.038323
5 0.730467 0.211658 0.011724 0.029751
5 0.683950 0.270907 0.015506 0.033280
5 0.626655 0.330661 0.019666 0.041853
5 0.622305 0.241409 0.010211 0.029751
5 0.604720 0.236619 0.013615 0.025212
5 0.610393 0.274689 0.005295 0.022691
5 0.616444 0.553791 0.009076 0.023195
5 0.605287 0.555051 0.008698 0.024708
5 0.600182 0.561607 0.009076 0.020674
5 0.592618 0.553286 0.012102 0.023195
5 0.590538 0.542697 0.005673 0.013110
3 0.552341 0.392683 0.010211 0.019666
4 0.538159 0.382346 0.014371 0.025212
5 0.526435 0.528830 0.011346 0.027734
5 0.515279 0.529587 0.013237 0.035297
5 0.506959 0.530091 0.011724 0.027229
5 0.501097 0.520510 0.009076 0.035297
3 0.506391 0.545975 0.012858 0.009581
5 0.509417 0.573456 0.006807 0.019161
5 0.502042 0.578751 0.007942 0.019666
5 0.494478 0.577995 0.009455 0.019161
5 0.565956 0.491768 0.007942 0.015127
5 0.471409 0.390414 0.010211 0.023195
5 0.460820 0.387893 0.013237 0.035297
5 0.405794 0.223004 0.006807 0.015127
5 0.407874 0.235106 0.006429 0.016136
5 0.413736 0.234602 0.006807 0.016136
5 0.411656 0.223760 0.004160 0.013615
3 0.419409 0.229307 0.006051 0.019666
5 0.339800 0.236619 0.007942 0.018153
5 0.222563 0.387137 0.009455 0.022691
5 0.241094 0.369740 0.004916 0.009076
5 0.235610 0.374530 0.006051 0.012606
5 0.229937 0.373018 0.003782 0.009581
5 0.169049 0.642791 0.006807 0.018657
5 0.173587 0.636235 0.004538 0.014623