5 0.775206 0.022661 0.006985 0.026696
5 0.779863 0.027007 0.006985 0.027938
1 0.786847 0.009623 0.018160 0.019246
5 0.882070 0.016763 0.016763 0.031042
1 0.818511 0.030111 0.017229 0.036630
1 0.842724 0.017694 0.019091 0.034147
1 0.850639 0.049047 0.035854 0.029801
1 0.934221 0.026696 0.036320 0.053392
1 0.950053 0.118582 0.036320 0.032284
1 0.954709 0.080089 0.011175 0.036009
1 0.919088 0.108959 0.018160 0.026696
1 0.814087 0.374682 0.013969 0.057739
5 0.728643 0.743155 0.014435 0.027317
5 0.727712 0.773887 0.014435 0.034147
5 0.625737 0.707767 0.007916 0.026076
5 0.634352 0.705904 0.006519 0.027317
5 0.628997 0.726703 0.009778 0.026696
5 0.609207 0.724530 0.009313 0.031042
5 0.618054 0.731359 0.005588 0.029801
5 0.607345 0.750916 0.004656 0.021730
5 0.598963 0.751847 0.008381 0.027317
5 0.591280 0.745018 0.008847 0.026076
5 0.596169 0.711492 0.011175 0.038493
5 0.589650 0.695039 0.007450 0.025455
5 0.582200 0.711802 0.011175 0.037872
5 0.577311 0.693177 0.008847 0.020488
5 0.569861 0.700317 0.008847 0.042218
5 0.560083 0.695350 0.009778 0.036009
5 0.554728 0.604706 0.017694 0.053393
5 0.571956 0.605327 0.014900 0.047184
5 0.595238 0.582045 0.020488 0.044080
5 0.586857 0.529583 0.016763 0.031042
5 0.593841 0.548209 0.016763 0.044701
1 0.690228 0.325014 0.032595 0.071398
5 0.499084 0.501024 0.012572 0.036009
5 0.481390 0.486434 0.011641 0.036630
5 0.457410 0.499162 0.020488 0.042218
5 0.430869 0.620848 0.020488 0.058360
5 0.453918 0.658099 0.018160 0.088160
5 0.473474 0.652822 0.023747 0.071398
5 0.506767 0.630161 0.015832 0.049668
1 0.502809 0.683243 0.025610 0.030422
5 0.689529 0.634507 0.007916 0.032284
1 0.622943 0.825728 0.027473 0.049668
5 0.368241 0.203638 0.010710 0.038493
1 0.317486 0.483020 0.041442 0.073260
1 0.352176 0.477122 0.028869 0.021730
1 0.339371 0.507543 0.020954 0.011796
1 0.379416 0.477743 0.028404 0.036630
5 0.267896 0.677035 0.020488 0.042839
5 0.266965 0.665549 0.017694 0.042218
5 0.221332 0.658720 0.015832 0.024834
5 0.206199 0.992022 0.009778 0.015956
5 0.109813 0.200224 0.011641 0.020488
1 0.134491 0.310424 0.047961 0.042218
5 0.133793 0.425902 0.009313 0.033526
1 0.156376 0.437387 0.032129 0.039113
1 0.182685 0.464705 0.021419 0.021730
1 0.103061 0.434904 0.032595 0.041597
1 0.094214 0.500093 0.027007 0.032905
1 0.063016 0.507854 0.022351 0.032284
1 0.032051 0.393618 0.023747 0.047184
1 0.011951 0.368163 0.023902 0.032284
1 0.026696 0.434283 0.027007 0.020488
1 0.012184 0.413485 0.024368 0.022351
5 0.112606 0.805550 0.017229 0.026696
5 0.069069 0.827590 0.013038 0.031042
5 0.078848 0.824486 0.011175 0.038493
5 0.029025 0.356677 0.006519 0.024213
5 0.035078 0.355746 0.009313 0.018625
5 0.037639 0.367852 0.009778 0.018005
0 0.495157 0.497579 0.990314 0.995157