2 0.305805 0.374040 0.037006 0.116170
2 0.316813 0.389966 0.033727 0.106802
2 0.305337 0.464915 0.041690 0.081819
2 0.357567 0.398710 0.030916 0.108051
2 0.343982 0.453985 0.044969 0.088689
2 0.349838 0.523312 0.048248 0.127412
2 0.388483 0.510196 0.044969 0.088689
2 0.381456 0.384345 0.041222 0.104303
2 0.388717 0.438683 0.035132 0.056836
2 0.417525 0.384033 0.041222 0.123665
2 0.513085 0.337190 0.032790 0.044969
2 0.533461 0.355927 0.038880 0.042471
2 0.536506 0.332193 0.015927 0.027481
2 0.568359 0.414949 0.029043 0.039348
0 0.240444 0.060568 0.132378 0.080944
5 0.503654 0.504356 0.992692 0.991287