5 0.756478 0.040917 0.015139 0.039280
5 0.771618 0.010911 0.017594 0.016367
5 0.876773 0.188762 0.010229 0.017458
5 0.856315 0.205947 0.010229 0.013639
5 0.857542 0.219040 0.007774 0.019094
5 0.786348 0.424441 0.012684 0.010911
5 0.855292 0.445717 0.009002 0.010911
5 0.864703 0.473813 0.008183 0.016912
5 0.905824 0.465630 0.012684 0.015821
1 0.969995 0.343699 0.060010 0.086197
5 0.759343 0.584834 0.018412 0.031642
5 0.733974 0.602291 0.020867 0.064375
5 0.742976 0.544735 0.006956 0.018003
5 0.814171 0.827878 0.033142 0.046372
5 0.806601 0.872340 0.022913 0.045827
5 0.774686 0.862248 0.015548 0.070376
5 0.767321 0.844244 0.009002 0.061648
5 0.758320 0.858702 0.013093 0.031642
5 0.742362 0.867976 0.027823 0.063284
5 0.750136 0.816421 0.019640 0.057283
5 0.691012 0.893617 0.020867 0.060011
5 0.708402 0.893344 0.017185 0.061648
5 0.715971 0.909711 0.015139 0.066012
5 0.727223 0.892253 0.014730 0.066012
5 0.663803 0.447900 0.027005 0.053464
5 0.681397 0.437534 0.006547 0.032733
5 0.594244 0.519913 0.022095 0.070922
5 0.575014 0.524277 0.013093 0.093835
5 0.554351 0.504637 0.029869 0.069831
5 0.527141 0.483633 0.024550 0.070376
5 0.527960 0.536279 0.034370 0.066558
5 0.484997 0.520731 0.017185 0.073650
5 0.628001 0.227223 0.011866 0.043099
5 0.290030 0.581560 0.003682 0.012002
5 0.285734 0.579924 0.005728 0.008729
5 0.098131 0.461266 0.009411 0.023459
5 0.122886 0.459356 0.010638 0.020731
5 0.131683 0.481724 0.009411 0.019640
5 0.140276 0.480906 0.007774 0.021277
5 0.052510 0.609111 0.014730 0.018003
5 0.074604 0.600109 0.023732 0.031642
0 0.501862 0.498936 0.996276 0.993617