2 0.665757 0.825107 0.033457 0.099133
2 0.639270 0.827585 0.034387 0.094176
2 0.405998 0.666495 0.036245 0.105741
2 0.401351 0.427750 0.064126 0.097480
2 0.383693 0.497969 0.052974 0.092524
2 0.479883 0.507882 0.065056 0.112350
2 0.474307 0.417837 0.046468 0.107394
2 0.437132 0.529361 0.053903 0.125568
2 0.393917 0.564058 0.034387 0.076002
2 0.426444 0.445098 0.038104 0.211483
2 0.674586 0.642538 0.064126 0.114002
0 0.100682 0.258777 0.201363 0.350268
0 0.337980 0.339736 0.131970 0.366791
5 0.402726 0.519827 0.805452 0.958282