1 0.533621 0.437814 0.012102 0.016136
1 0.521330 0.463782 0.026851 0.021683
1 0.537403 0.491264 0.005295 0.009076
1 0.517359 0.508913 0.034793 0.026221
1 0.478216 0.509921 0.013237 0.037314
4 0.522464 0.481431 0.012480 0.036810
4 0.513766 0.524292 0.012480 0.031768
4 0.495235 0.527066 0.019287 0.042357
4 0.523410 0.546731 0.016640 0.027229
3 0.522086 0.533873 0.014749 0.045887
3 0.511119 0.549252 0.016262 0.039331
3 0.498260 0.563119 0.014749 0.029751
3 0.483322 0.550513 0.021178 0.033785
5 0.478027 0.523284 0.007564 0.019666
3 0.391612 0.720949 0.004160 0.024708
3 0.397663 0.720193 0.004916 0.019161
0 0.500000 0.422075 1.000000 0.844149