5 0.971495 0.186307 0.020458 0.018003
5 0.948582 0.204037 0.017185 0.039280
5 0.796372 0.635570 0.013093 0.045827
2 0.936511 0.567103 0.014321 0.031097
2 0.899482 0.564921 0.022913 0.048554
2 0.859179 0.570104 0.023322 0.048009
2 0.916871 0.513093 0.019231 0.043099
2 0.898050 0.509547 0.020049 0.043644
2 0.974973 0.641844 0.029869 0.034370
2 0.991271 0.656847 0.017458 0.060011
2 0.815194 0.631751 0.016367 0.036007
2 0.778164 0.304419 0.011047 0.043644
5 0.773868 0.333606 0.022913 0.047463
5 0.635979 0.075832 0.010638 0.064375
5 0.650300 0.072559 0.012275 0.061102
5 0.654801 0.066558 0.005728 0.029460
5 0.661348 0.052100 0.009820 0.024550
5 0.474154 0.774686 0.008592 0.044735
5 0.483974 0.802782 0.013502 0.057283
5 0.491953 0.796508 0.009002 0.041462
5 0.503205 0.807965 0.014321 0.063284
5 0.505865 0.788871 0.009820 0.043644
5 0.515071 0.792962 0.008592 0.057283
5 0.520799 0.775777 0.007774 0.032733
5 0.525300 0.779869 0.006956 0.036552
5 0.533483 0.792144 0.013502 0.063284
5 0.457992 0.617840 0.012275 0.044190
5 0.428532 0.331151 0.012275 0.054555
5 0.446536 0.342335 0.014730 0.079105
5 0.461266 0.348609 0.017185 0.077469
5 0.414416 0.220404 0.016776 0.058920
5 0.405619 0.221768 0.007365 0.039825
5 0.399073 0.217676 0.006547 0.036007
5 0.395185 0.215494 0.015957 0.068740
5 0.383320 0.238407 0.012684 0.055646
5 0.379637 0.247681 0.019231 0.084015
5 0.348131 0.185215 0.011866 0.044190
5 0.359793 0.190671 0.010638 0.049645
5 0.292690 0.241680 0.017185 0.056738
5 0.287166 0.026187 0.010229 0.020731
5 0.296577 0.052373 0.009411 0.027278
5 0.309670 0.050736 0.007774 0.020731
5 0.267117 0.258320 0.017594 0.049645
5 0.260775 0.238407 0.008183 0.029460
5 0.250136 0.255046 0.011457 0.049645
5 0.240112 0.238680 0.017594 0.069285
5 0.231315 0.311511 0.018003 0.058920
5 0.204514 0.240044 0.010229 0.057829
5 0.213721 0.216858 0.013912 0.032188
5 0.221086 0.234315 0.013093 0.060556
5 0.182420 0.251500 0.013502 0.057829
5 0.129433 0.212220 0.009002 0.039280
5 0.147027 0.204583 0.010638 0.041462
5 0.157460 0.198854 0.012684 0.036552
5 0.170554 0.230496 0.011866 0.044190
2 0.139457 0.219313 0.011047 0.043644
5 0.209629 0.491271 0.013912 0.057283
5 0.158074 0.477360 0.011457 0.044735
5 0.176896 0.471086 0.013093 0.047463
5 0.266094 0.438352 0.015548 0.043099
5 0.282051 0.439989 0.019640 0.043099
5 0.106110 0.745772 0.022913 0.042553
5 0.182215 0.724495 0.016367 0.061102
5 0.207992 0.697763 0.013912 0.064375
5 0.189580 0.646481 0.013912 0.038189
5 0.213925 0.714130 0.021686 0.075286
5 0.230701 0.722040 0.005319 0.026732
5 0.223541 0.740589 0.008183 0.028914
5 0.237452 0.854337 0.006547 0.021822
5 0.219858 0.788052 0.009002 0.012548
5 0.029596 0.454446 0.008183 0.024004
5 0.037370 0.461811 0.009002 0.035461
5 0.047190 0.468085 0.014730 0.042553
5 0.026937 0.138025 0.016776 0.043644
5 0.046781 0.244135 0.014730 0.036552
5 0.030415 0.225586 0.010638 0.044190
5 0.007433 0.194490 0.014866 0.026732
2 0.013843 0.220404 0.010229 0.033824
2 0.158893 0.227769 0.011457 0.019094
2 0.045963 0.212493 0.009820 0.010366
2 0.340357 0.955810 0.010229 0.020731
2 0.319081 0.953355 0.003682 0.014730
5 0.328492 0.960720 0.006956 0.019640
2 0.334834 0.957720 0.006547 0.020185
2 0.360202 0.923622 0.007365 0.030551
5 0.459220 0.987725 0.013093 0.016912
0 0.498138 0.498936 0.996276 0.993617