2 0.263381 0.565564 0.038605 0.116926
2 0.249500 0.564055 0.044324 0.125028
2 0.217329 0.544753 0.037175 0.091507
0 0.203031 0.537127 0.105805 0.259270
2 0.175865 0.534585 0.020017 0.061005
2 0.277381 0.743018 0.031456 0.101674
2 0.250214 0.777333 0.074349 0.124551
2 0.201601 0.768436 0.060051 0.106758
2 0.563340 0.449433 0.051473 0.175388
2 0.601945 0.415118 0.062911 0.132177
2 0.525450 0.439265 0.047183 0.134719
2 0.501144 0.446891 0.035745 0.104216
2 0.395339 0.954119 0.024307 0.091761
2 0.376037 0.963016 0.034315 0.073968
0 0.544038 0.924888 0.158707 0.150224
0 0.545468 0.308360 0.250214 0.452451
0 0.922267 0.599403 0.155466 0.495663
2 0.936360 0.260400 0.027084 0.055703
2 0.831342 0.350283 0.023898 0.074349
5 0.502169 0.500000 0.995662 1.000000