4 0.585211 0.222532 0.018007 0.088373
3 0.619040 0.435531 0.033942 0.084766
3 0.535397 0.171896 0.000808 0.000000
3 0.549135 0.190812 0.028285 0.067525
4 0.547923 0.243970 0.032326 0.053158
4 0.616615 0.246844 0.030710 0.081892
4 0.695006 0.274141 0.024244 0.064652
4 0.646517 0.240379 0.030710 0.094822
2 0.569613 0.196466 0.017988 0.115122
0 0.604989 0.163422 0.125914 0.117254
2 0.506655 0.290802 0.033577 0.067154
2 0.471879 0.403892 0.021585 0.040506
2 0.736591 0.143456 0.028452 0.030502
2 0.179988 0.199298 0.135688 0.105741
5 0.500000 0.500000 1.000000 1.000000