5 0.602428 0.516367 0.029460 0.050736
5 0.612043 0.545008 0.020867 0.044735
5 0.642730 0.540371 0.017594 0.040917
5 0.663189 0.522640 0.024141 0.060011
5 0.674236 0.496999 0.014321 0.050191
2 0.628205 0.548282 0.019640 0.073104
1 0.447559 0.887070 0.024959 0.036007
1 0.554146 0.145117 0.036007 0.028369
1 0.565194 0.105019 0.029460 0.035461
1 0.576037 0.064103 0.026596 0.033279
5 0.309056 0.509274 0.018003 0.038734
5 0.463721 0.615930 0.023732 0.058920
5 0.297600 0.500273 0.013912 0.027278
5 0.236839 0.437261 0.011047 0.021277
5 0.244203 0.421713 0.014321 0.009820
5 0.111839 0.486907 0.013093 0.025641
5 0.124318 0.399618 0.016776 0.012548
5 0.102428 0.023186 0.006547 0.026732
5 0.112657 0.037370 0.013912 0.025641
5 0.095472 0.046918 0.012275 0.021822
1 0.165235 0.089198 0.026596 0.027823
1 0.120226 0.055919 0.041326 0.058374
5 0.205947 0.790780 0.028642 0.064921
5 0.226814 0.756683 0.032733 0.051282
0 0.498138 0.497872 0.996276 0.995744