1 0.451507 0.377724 0.024272 0.077670
1 0.506847 0.363916 0.020388 0.091478
1 0.578585 0.307821 0.028368 0.051780
1 0.563916 0.349874 0.018447 0.043150
0 0.554693 0.538008 0.133981 0.343474
1 0.545955 0.310176 0.015534 0.060410
0 0.375081 0.287738 0.085437 0.274434
0 0.528964 0.344696 0.166019 0.181230
1 0.640552 0.132078 0.011825 0.047576
1 0.618621 0.135397 0.011202 0.047576
2 0.606796 0.119354 0.007468 0.048682
0 0.613331 0.108359 0.245830 0.216718
0 0.395573 0.871944 0.188974 0.256112
2 0.974919 0.548287 0.037925 0.137358
1 0.900207 0.477585 0.026547 0.052589
1 0.993528 0.420951 0.012944 0.068770
0 0.813739 0.241201 0.179763 0.466559
2 0.947234 0.533363 0.015928 0.064725
2 0.932064 0.545498 0.017445 0.097087
0 0.092772 0.751079 0.174757 0.491909
0 0.209277 0.385113 0.171521 0.379720
2 0.139926 0.082842 0.020538 0.059746
2 0.105697 0.071778 0.023027 0.055320
1 0.060887 0.122120 0.020538 0.069704
2 0.084848 0.139269 0.022405 0.044256
2 0.137126 0.184632 0.022405 0.050895
0 0.074268 0.123779 0.100822 0.112854
5 0.500000 0.500000 1.000000 1.000000