2 0.426099 0.436176 0.067711 0.224819
4 0.482525 0.425555 0.061073 0.263763
2 0.534967 0.283937 0.080988 0.228359
2 0.615291 0.371563 0.087626 0.247831
2 0.513061 0.517606 0.053107 0.242521
2 0.554219 0.510525 0.055762 0.238980
2 0.616619 0.542390 0.084971 0.154010
2 0.729471 0.660995 0.077005 0.143388
4 0.800501 0.695090 0.073022 0.215119
2 0.849625 0.744232 0.054434 0.230129
2 0.901177 0.835812 0.046468 0.180917
2 0.890025 0.701983 0.050186 0.195787
2 0.951363 0.849442 0.065056 0.198265
2 0.905824 0.388476 0.074349 0.168525
5 0.500000 0.500000 1.000000 1.000000