2 0.112783 0.182399 0.018593 0.046699
2 0.133754 0.193641 0.026808 0.053040
2 0.144564 0.160202 0.019025 0.041510
2 0.183263 0.184416 0.035024 0.057653
2 0.018953 0.576166 0.014269 0.029403
2 0.049005 0.567807 0.016431 0.026520
2 0.057653 0.579914 0.018161 0.025367
2 0.089434 0.539269 0.013404 0.027097
2 0.095920 0.559159 0.009080 0.025367
2 0.104135 0.541287 0.019458 0.028826
2 0.100676 0.565501 0.016863 0.033439
2 0.121215 0.537539 0.017296 0.054770
2 0.108027 0.597786 0.022917 0.042663
2 0.122512 0.612776 0.018161 0.047275
2 0.134835 0.622577 0.014269 0.036898
2 0.156887 0.604993 0.021187 0.055923
2 0.087704 0.514766 0.019458 0.019602
2 0.202505 0.390333 0.017296 0.030556
2 0.216774 0.468164 0.030268 0.040933
2 0.252879 0.454039 0.025511 0.059959
2 0.271256 0.475082 0.019025 0.040933
2 0.316729 0.093614 0.012539 0.022485
2 0.306568 0.070264 0.012107 0.009224
2 0.326674 0.078624 0.010810 0.012107
2 0.260734 0.242357 0.029403 0.051311
2 0.376616 0.574245 0.012107 0.034015
2 0.391966 0.516880 0.017728 0.029979
2 0.406235 0.524663 0.015134 0.038627
2 0.400182 0.551760 0.008216 0.036321
2 0.416613 0.548877 0.025511 0.046699
2 0.428936 0.694354 0.012972 0.022485
2 0.481256 0.692625 0.012107 0.044393
2 0.499416 0.715686 0.017296 0.037474
2 0.521036 0.705020 0.019025 0.031132
2 0.513253 0.726352 0.019025 0.033439
2 0.468716 0.666105 0.020755 0.024791
2 0.389372 0.400134 0.020323 0.047852
2 0.476283 0.382838 0.027241 0.030556
2 0.458123 0.418294 0.011675 0.036898
2 0.469581 0.425212 0.019890 0.040357
2 0.469797 0.455480 0.025511 0.031709
2 0.484499 0.432996 0.018593 0.047852
2 0.500065 0.452886 0.015134 0.035745
2 0.507632 0.440490 0.017296 0.036321
2 0.517361 0.445391 0.022917 0.042663
2 0.538332 0.345652 0.015566 0.020755
2 0.546115 0.368425 0.017296 0.021331
2 0.555844 0.382838 0.020323 0.028250
2 0.578328 0.418871 0.015134 0.027673
2 0.598867 0.350264 0.017296 0.035745
2 0.625387 0.668795 0.025079 0.038627
2 0.668194 0.384663 0.019890 0.043816
0 0.920785 0.665336 0.111990 0.098586
2 0.920929 0.833333 0.022485 0.041971
0 0.911655 0.533290 0.038786 0.064456
5 0.505340 0.502108 0.989320 0.995784