2 0.908688 0.132842 0.006137 0.021277
2 0.891912 0.119203 0.004501 0.019094
2 0.897640 0.126023 0.007774 0.021822
2 0.879433 0.162302 0.005728 0.027823
2 0.892730 0.150027 0.009411 0.017458
2 0.881478 0.135297 0.016367 0.012002
5 0.794735 0.215494 0.013093 0.025095
1 0.836061 0.196127 0.035188 0.068194
1 0.800464 0.326787 0.047463 0.043644
2 0.806397 0.322695 0.013502 0.012548
2 0.811511 0.375614 0.027823 0.021277
5 0.821127 0.711129 0.029869 0.048554
5 0.772231 0.840426 0.021277 0.076923
5 0.792076 0.832788 0.027414 0.082379
5 0.791871 0.792962 0.020458 0.026732
5 0.812534 0.797600 0.038052 0.045827
5 0.820104 0.755319 0.039280 0.055101
2 0.629228 0.160120 0.019231 0.042008
5 0.663189 0.195581 0.010229 0.031097
5 0.681397 0.205674 0.016367 0.027278
1 0.659302 0.364157 0.026187 0.033279
5 0.554351 0.669667 0.017594 0.040917
5 0.544122 0.675941 0.015139 0.022913
5 0.541462 0.708402 0.027823 0.038734
5 0.506478 0.641298 0.021686 0.023459
2 0.357133 0.537098 0.033142 0.080196
5 0.386184 0.560829 0.038052 0.056738
5 0.344449 0.584288 0.023322 0.028369
2 0.343631 0.449809 0.024141 0.058374
5 0.346904 0.459902 0.015957 0.031642
5 0.361020 0.433988 0.012275 0.028914
5 0.366953 0.451991 0.019231 0.016912
5 0.380046 0.453901 0.022504 0.063284
5 0.402141 0.454992 0.022504 0.085106
5 0.405619 0.425532 0.049100 0.022913
5 0.422395 0.433988 0.010638 0.031097
1 0.359588 0.495908 0.043781 0.043644
1 0.357542 0.420349 0.050327 0.038734
1 0.296577 0.027005 0.045417 0.040917
1 0.317239 0.007365 0.028642 0.014730
1 0.323377 0.128751 0.034370 0.070922
5 0.297190 0.062739 0.027823 0.040371
1 0.226405 0.013912 0.030278 0.027823
5 0.042280 0.017458 0.027823 0.034915
1 0.263230 0.463448 0.040917 0.052919
1 0.078492 0.633933 0.029051 0.054555
0 0.495745 0.497872 0.991489 0.995744