0 0.500000 0.500000 1.000000 1.000000
1 0.493533 0.506643 0.012102 0.018657
1 0.468573 0.510173 0.009833 0.015632
1 0.433780 0.517989 0.021178 0.024204
1 0.457038 0.540680 0.011724 0.012102
1 0.473678 0.528326 0.017775 0.017649
1 0.454580 0.395709 0.015884 0.024708
1 0.471787 0.369740 0.012480 0.018153
1 0.489373 0.412349 0.014371 0.026725
1 0.468762 0.390666 0.012480 0.021683
1 0.361924 0.676827 0.025717 0.032272
1 0.321836 0.663213 0.024204 0.029246
1 0.339422 0.685399 0.023069 0.016136
4 0.474435 0.553286 0.008698 0.035297
4 0.464413 0.553286 0.015884 0.036306
4 0.354928 0.695737 0.009455 0.033785
4 0.471976 0.410332 0.012858 0.042861
4 0.475758 0.396969 0.007564 0.033280
1 0.520384 0.724983 0.034793 0.018657
1 0.561796 0.695484 0.007942 0.018153
1 0.551585 0.705822 0.011724 0.011598
1 0.510930 0.774399 0.015127 0.014623
3 0.343771 0.710108 0.021178 0.048408
3 0.331480 0.711116 0.015506 0.046391
3 0.325618 0.686156 0.020422 0.045887
3 0.433780 0.495298 0.013615 0.047399
3 0.450798 0.408819 0.015884 0.050929
3 0.465547 0.450420 0.014371 0.040340
3 0.454958 0.450420 0.014371 0.044374
4 0.693026 0.082319 0.004160 0.010085
4 0.694161 0.092908 0.006429 0.016136
4 0.699834 0.090639 0.004160 0.019666
4 0.703805 0.112826 0.004538 0.012606
4 0.711936 0.088370 0.004160 0.013110
4 0.709099 0.087109 0.003782 0.012606
4 0.718743 0.530343 0.005673 0.018657
4 0.712503 0.531856 0.006051 0.019666
3 0.696052 0.537403 0.006429 0.017649
3 0.704183 0.531856 0.006051 0.019666
3 0.708154 0.528830 0.004916 0.023700
3 0.731223 0.825833 0.011724 0.027734
3 0.736518 0.838187 0.009455 0.021178
5 0.606233 0.706830 0.015127 0.040844
5 0.624196 0.707839 0.013993 0.047904
5 0.645186 0.699518 0.012102 0.049416
3 0.620225 0.662204 0.009076 0.023195
3 0.635542 0.687669 0.019287 0.042861
4 0.634596 0.683887 0.015884 0.032272
4 0.648968 0.686912 0.013615 0.042357
1 0.642538 0.664725 0.034037 0.027229
1 0.617200 0.674306 0.009076 0.010085
1 0.628545 0.594887 0.021178 0.017649
1 0.499395 0.826085 0.010967 0.019161
4 0.149762 0.733807 0.013615 0.034289
4 0.158649 0.736329 0.013237 0.028238
3 0.173020 0.738598 0.016262 0.031768
3 0.179449 0.009392 0.007942 0.018783
3 0.169617 0.009896 0.009455 0.019792