1 0.880456 0.085652 0.020049 0.021822
1 0.870226 0.059738 0.038871 0.023459
1 0.839744 0.066012 0.026187 0.067649
1 0.971222 0.551009 0.057556 0.056738
1 0.819694 0.542280 0.038462 0.042553
1 0.841789 0.530278 0.032733 0.036007
1 0.814785 0.489089 0.040917 0.019094
1 0.878819 0.513093 0.024141 0.021277
1 0.865316 0.484724 0.051964 0.030005
5 0.721495 0.524550 0.024550 0.076923
5 0.698377 0.509547 0.017594 0.070922
5 0.679351 0.545008 0.024550 0.066558
3 0.701241 0.560284 0.026596 0.032733
1 0.692853 0.022368 0.039280 0.036007
1 0.738475 0.020731 0.024141 0.027278
1 0.508524 0.178123 0.030687 0.062739
1 0.534915 0.149482 0.017185 0.030551
2 0.681806 0.431806 0.012275 0.030005
5 0.689580 0.424441 0.009820 0.028369
5 0.364294 0.275505 0.010638 0.036007
1 0.141503 0.756410 0.030687 0.044190
1 0.212289 0.141026 0.053601 0.047463
5 0.036552 0.038189 0.022095 0.032733
1 0.020936 0.171304 0.041871 0.048009
2 0.049441 0.558374 0.013502 0.044190
5 0.049645 0.521004 0.014730 0.029460
5 0.059875 0.526459 0.012275 0.038189
5 0.025095 0.500000 0.018822 0.035461
1 0.150505 0.507365 0.033961 0.066558
1 0.096290 0.587834 0.025368 0.013639
1 0.087902 0.552919 0.024959 0.039825
1 0.127591 0.536279 0.023322 0.034915
5 0.057829 0.364703 0.027823 0.082379
2 0.064171 0.296236 0.040507 0.086197
0 0.499734 0.492553 0.999468 0.985106