2 0.362996 0.025103 0.033294 0.040357
2 0.380291 0.436743 0.028970 0.064571
3 0.344403 0.496990 0.027241 0.046699
2 0.363644 0.527258 0.025944 0.044969
2 0.379859 0.497855 0.015134 0.047275
2 0.395641 0.515727 0.024214 0.043816
2 0.418558 0.508232 0.031997 0.065724
2 0.389588 0.552913 0.018161 0.053617
2 0.369698 0.559255 0.020755 0.045546
2 0.334025 0.601822 0.030700 0.072642
2 0.448322 0.911225 0.015999 0.023061
2 0.436647 0.899694 0.014269 0.023061
2 0.406379 0.728754 0.015134 0.016719
2 0.488751 0.056428 0.019025 0.029979
2 0.474698 0.028178 0.017728 0.031132
0 0.660988 0.535521 0.080425 0.172958
0 0.489187 0.077081 0.047928 0.154162
2 0.589787 0.346997 0.017296 0.055347
2 0.582004 0.374670 0.012972 0.034592
2 0.595192 0.385913 0.028106 0.032862
2 0.614433 0.384471 0.018161 0.032285
2 0.608164 0.350456 0.018593 0.032285
2 0.624378 0.344114 0.035456 0.033439
5 0.498033 0.497752 0.984823 0.982574