2 0.426535 0.529240 0.017544 0.101365
2 0.448465 0.522417 0.024123 0.099415
2 0.471491 0.525341 0.019737 0.101365
2 0.490680 0.531189 0.018640 0.085770
2 0.509320 0.510721 0.027412 0.122807
2 0.767544 0.874269 0.026316 0.066277
2 0.729167 0.854776 0.024123 0.132554
5 0.794408 0.875244 0.029605 0.064327
2 0.930373 0.421053 0.036184 0.107212
2 0.963268 0.422027 0.020833 0.113060
2 0.928728 0.148148 0.030702 0.126706
2 0.974781 0.146199 0.024123 0.138402
2 0.950658 0.159844 0.013158 0.157895
2 0.454496 0.157895 0.016447 0.079922
2 0.470395 0.156920 0.019737 0.070175
2 0.248904 0.538012 0.017544 0.025341
2 0.515899 0.080897 0.012061 0.042885
2 0.498355 0.034113 0.018640 0.035088
0 0.493421 0.507797 0.956140 0.923977