2 0.356993 0.957111 0.034696 0.085777
2 0.305568 0.931846 0.030979 0.083712
2 0.539447 0.472876 0.047088 0.113039
2 0.509087 0.518381 0.038414 0.110147
2 0.482445 0.531599 0.037175 0.114553
1 0.445890 0.495250 0.026022 0.107944
2 0.463238 0.566846 0.023544 0.096930
2 0.409955 0.555831 0.045849 0.114553
2 0.442173 0.713548 0.053284 0.094727
4 0.305246 0.233099 0.032218 0.068291
2 0.466336 0.174721 0.029740 0.083712
2 0.590489 0.844123 0.041020 0.069507
2 0.455284 0.697376 0.025638 0.076070
2 0.511366 0.597810 0.040379 0.045578
2 0.736777 0.388666 0.017872 0.041941
2 0.757472 0.391208 0.019377 0.044483
4 0.873606 0.959314 0.032885 0.049566
5 0.500000 0.500000 1.000000 1.000000