1 0.965971 0.196672 0.023322 0.028914
1 0.993522 0.162848 0.012956 0.037643
5 0.693876 0.218767 0.007774 0.016367
5 0.588107 0.381888 0.022913 0.043644
5 0.589130 0.448172 0.020867 0.052919
5 0.570922 0.444354 0.018003 0.049645
4 0.447763 0.870431 0.012275 0.018003
4 0.505456 0.744135 0.010638 0.018549
4 0.355701 0.410256 0.009002 0.017458
4 0.341176 0.994544 0.008592 0.010911
4 0.072354 0.399345 0.011047 0.016367
4 0.106929 0.588107 0.008183 0.018549
3 0.114703 0.585925 0.008183 0.009820
4 0.034506 0.524550 0.003273 0.009274
4 0.037370 0.523732 0.005728 0.010911
4 0.026937 0.436989 0.006137 0.008729
0 0.500000 0.504255 0.995745 0.987234