5 0.885979 0.960447 0.027005 0.022368
5 0.587698 0.095745 0.012275 0.034370
3 0.576037 0.124659 0.014321 0.035461
3 0.562330 0.120840 0.016367 0.044190
4 0.464130 0.201582 0.009002 0.013639
4 0.553532 0.234315 0.005319 0.007092
4 0.528573 0.433988 0.015957 0.032188
5 0.510979 0.434534 0.009411 0.024550
5 0.657051 0.441899 0.007774 0.025095
4 0.454719 0.579924 0.014730 0.037098
5 0.370022 0.014457 0.007365 0.019094
5 0.347722 0.058101 0.010229 0.021277
5 0.314580 0.017458 0.011047 0.021822
5 0.330947 0.048009 0.007774 0.025095
5 0.335857 0.055374 0.006137 0.023459
3 0.241748 0.555374 0.022504 0.043644
5 0.256683 0.503819 0.009820 0.022368
5 0.239498 0.505456 0.009820 0.019094
5 0.040848 0.210857 0.006956 0.015821
5 0.046167 0.203219 0.012684 0.013639
4 0.027346 0.221768 0.012684 0.015821
0 0.501862 0.500000 0.996276 1.000000