4 0.061022 0.497466 0.084882 0.163851
4 0.043285 0.781250 0.051943 0.069257
4 0.715372 0.755068 0.055743 0.081081
4 0.075591 0.234797 0.093750 0.091216
2 0.159840 0.545608 0.029139 0.057432
2 0.195946 0.550676 0.030405 0.070946
2 0.228252 0.560811 0.013936 0.054054
2 0.218750 0.503378 0.020270 0.043919
2 0.249155 0.586993 0.015203 0.038851
2 0.248522 0.526182 0.021537 0.045608
2 0.275760 0.610642 0.022804 0.045608
2 0.294764 0.585304 0.025338 0.062500
2 0.268792 0.570101 0.016470 0.076014
2 0.480363 0.509291 0.039274 0.045608
2 0.467694 0.452703 0.024071 0.074324
2 0.481630 0.471284 0.019003 0.070946
2 0.523438 0.497466 0.024071 0.079392
2 0.504434 0.510135 0.024071 0.101351
2 0.534840 0.430743 0.036740 0.074324
2 0.586782 0.425676 0.029139 0.097973
2 0.550042 0.386824 0.034206 0.047297
2 0.560177 0.474662 0.034206 0.074324
2 0.647593 0.286318 0.024071 0.045608
2 0.643159 0.310811 0.025338 0.047297
2 0.672931 0.298142 0.031672 0.065878
2 0.679265 0.355574 0.011402 0.028716
2 0.653927 0.361486 0.011402 0.060811
2 0.670397 0.365709 0.011402 0.052365
2 0.642525 0.415541 0.024071 0.064189
2 0.864865 0.263514 0.017736 0.040541
2 0.909840 0.251689 0.034206 0.070946
2 0.884502 0.272804 0.029139 0.086149
2 0.961782 0.500000 0.026605 0.064189
2 0.819257 0.440034 0.027872 0.035473
2 0.866132 0.423986 0.022804 0.060811
2 0.793919 0.455236 0.027872 0.059122
2 0.513302 0.877534 0.031672 0.042230
2 0.610220 0.971284 0.022804 0.057432
5 0.634291 0.926520 0.027872 0.079392
5 0.582348 0.946791 0.020270 0.042230
5 0.586782 0.918074 0.029139 0.038851
5 0.541174 0.971284 0.039274 0.057432
0 0.497466 0.954392 0.030405 0.064189
5 0.507601 0.578547 0.940034 0.788851