5 0.496658 0.503546 0.012684 0.048009
5 0.486634 0.498636 0.013093 0.045827
5 0.462698 0.503819 0.012684 0.051828
4 0.449604 0.515821 0.022504 0.068194
4 0.448172 0.470540 0.027005 0.019094
5 0.296372 0.744135 0.015548 0.038189
5 0.292280 0.396890 0.012275 0.019094
5 0.312125 0.296236 0.009411 0.027278
3 0.304555 0.304146 0.009002 0.036552
3 0.396822 0.356519 0.017594 0.048554
4 0.239703 0.546372 0.020049 0.044190
4 0.164825 0.553191 0.013502 0.019640
5 0.177100 0.562193 0.007774 0.028914
3 0.179760 0.180851 0.007365 0.024550
3 0.126773 0.233497 0.008592 0.020731
5 0.098336 0.656574 0.010638 0.036552
3 0.046986 0.650846 0.011866 0.026187
5 0.023254 0.756410 0.016776 0.031097
3 0.064375 0.199400 0.006547 0.022368
5 0.130660 0.883524 0.012275 0.026732
5 0.116748 0.876432 0.013093 0.024550
3 0.478246 0.510093 0.020049 0.060011
0 0.497606 0.500000 0.994149 0.995745