2 0.063274 0.671582 0.027673 0.049581
2 0.090947 0.659186 0.027673 0.032862
2 0.090731 0.633819 0.020323 0.019025
2 0.361482 0.894794 0.017296 0.028250
2 0.335971 0.902865 0.017296 0.019025
2 0.335971 0.885857 0.019890 0.016143
2 0.220305 0.535906 0.014269 0.031132
2 0.250357 0.526969 0.012972 0.035168
2 0.256843 0.503044 0.019890 0.011531
2 0.221170 0.505638 0.016863 0.022485
2 0.253167 0.363140 0.021187 0.034592
2 0.195443 0.222179 0.009513 0.015566
2 0.185497 0.216414 0.015566 0.023638
2 0.211874 0.008612 0.006054 0.017224
2 0.218359 0.009152 0.010377 0.016143
2 0.228953 0.010053 0.009080 0.020106
2 0.307937 0.152131 0.009945 0.027673
2 0.279399 0.151843 0.009945 0.020178
2 0.277021 0.134835 0.007783 0.023061
3 0.409910 0.524567 0.040645 0.071489
2 0.366094 0.477292 0.019890 0.032285
2 0.309451 0.424540 0.015566 0.025944
2 0.352186 0.397155 0.020323 0.021908
2 0.346348 0.440971 0.009513 0.019602
2 0.305487 0.359104 0.009080 0.017296
2 0.300515 0.349591 0.015566 0.017872
2 0.416901 0.269839 0.016863 0.034015
2 0.460130 0.107203 0.013491 0.016703
2 0.446639 0.112985 0.017345 0.035975
2 0.430980 0.114912 0.018791 0.041115
2 0.631153 0.934862 0.027673 0.043816
2 0.606722 0.913819 0.032430 0.045546
2 0.667690 0.927944 0.021187 0.033439
2 0.728442 0.223044 0.012972 0.028826
2 0.714605 0.220161 0.016431 0.027673
2 0.716767 0.184416 0.015566 0.020755
2 0.927055 0.036826 0.012972 0.025367
2 0.906084 0.037979 0.015134 0.031132
2 0.939594 0.704251 0.034592 0.024214
2 0.927055 0.686379 0.030268 0.035745
2 0.929217 0.313655 0.018161 0.017872
2 0.986077 0.296071 0.016863 0.031132
0 0.613424 0.483057 0.031997 0.055347
5 0.503092 0.495644 0.991568 0.991287