0 0.501475 0.326696 0.994100 0.653392
1 0.907269 0.027355 0.015884 0.048408
1 0.786060 0.166276 0.037440 0.057989
1 0.731601 0.244434 0.023069 0.030759
4 0.798351 0.194514 0.010589 0.023700
4 0.786060 0.197539 0.006429 0.022691
4 0.773769 0.182916 0.006807 0.018657
4 0.775660 0.153922 0.005295 0.020170
4 0.772824 0.202834 0.013993 0.017144
4 0.748052 0.226786 0.015127 0.042861
5 0.769798 0.232080 0.013237 0.032272
5 0.755994 0.236619 0.012858 0.021178
1 0.763936 0.210398 0.018909 0.027229
1 0.537403 0.450168 0.046139 0.074124
1 0.488617 0.494037 0.037062 0.035802
4 0.541941 0.565388 0.021178 0.057484
4 0.525301 0.570431 0.012102 0.036306
4 0.516035 0.574213 0.007186 0.040844
4 0.505824 0.564632 0.013993 0.058997
4 0.519061 0.600686 0.015506 0.024204
5 0.501097 0.577995 0.019666 0.061518
4 0.464413 0.519250 0.010589 0.030759
4 0.477082 0.523788 0.007942 0.012606
1 0.460820 0.556564 0.019287 0.032776
4 0.648211 0.173083 0.009076 0.041348
4 0.657666 0.176865 0.009833 0.036810
4 0.636109 0.190228 0.006807 0.034289
1 0.561039 0.055845 0.032146 0.055972
1 0.511497 0.060132 0.010211 0.019161
1 0.238825 0.461765 0.021557 0.037819
1 0.277589 0.077528 0.033280 0.043870
1 0.272483 0.116860 0.015506 0.019666
1 0.303116 0.104253 0.007186 0.007564