5 0.493794 0.679487 0.033142 0.096563
5 0.508320 0.583470 0.038462 0.071468
5 0.436920 0.640207 0.036416 0.096563
5 0.415644 0.557010 0.042144 0.085106
5 0.443467 0.462630 0.030687 0.081833
5 0.482338 0.459629 0.012684 0.064921
5 0.479474 0.419258 0.031506 0.035461
5 0.481315 0.467812 0.043372 0.047463
5 0.489089 0.334152 0.007365 0.009274
5 0.486634 0.319149 0.008183 0.016367
1 0.478041 0.321604 0.049918 0.068194
1 0.625546 0.506547 0.089607 0.142390
4 0.363680 0.261047 0.014321 0.047463
5 0.271618 0.258047 0.018412 0.049100
5 0.307420 0.271413 0.017185 0.033279
5 0.319081 0.241135 0.011047 0.032733
5 0.332174 0.264594 0.008592 0.034915
5 0.148663 0.419258 0.013912 0.047463
5 0.159915 0.409165 0.017594 0.046918
5 0.170145 0.397709 0.018412 0.049100
5 0.121045 0.256683 0.019231 0.052919
5 0.150505 0.243044 0.019231 0.055101
5 0.169940 0.241953 0.018003 0.039825
5 0.174441 0.255319 0.019640 0.042553
0 0.342021 0.548936 0.682979 0.897872