2 0.375442 0.398424 0.039498 0.066088
2 0.402161 0.413397 0.017038 0.075382
2 0.390544 0.451045 0.034077 0.029000
2 0.466233 0.419506 0.032528 0.052664
2 0.516961 0.309531 0.027107 0.059893
2 0.573110 0.309531 0.037175 0.064023
2 0.638553 0.768019 0.027107 0.078480
2 0.642038 0.826879 0.037175 0.049566
2 0.682311 0.781444 0.024783 0.076415
2 0.712903 0.780411 0.025558 0.074349
2 0.509603 0.942534 0.032528 0.053697
2 0.601572 0.205081 0.037175 0.053697
2 0.595686 0.252169 0.032838 0.040479
2 0.559383 0.135513 0.019541 0.041305
2 0.533885 0.094525 0.017158 0.040670
0 0.553426 0.101516 0.029549 0.041941
2 0.422599 0.032568 0.038605 0.048931
2 0.051155 0.129476 0.021924 0.039399
2 0.752059 0.614142 0.029521 0.075807
2 0.781580 0.624453 0.031708 0.061442
0 0.932065 0.848094 0.135870 0.201181
2 0.857023 0.101684 0.038268 0.061229
0 0.764633 0.404913 0.115898 0.125374
0 0.660626 0.256196 0.065985 0.094176
5 0.500000 0.495043 1.000000 0.976456