4 0.793246 0.159973 0.006429 0.012102
4 0.802322 0.170310 0.010967 0.013615
4 0.797406 0.178378 0.005673 0.009581
4 0.718176 0.456975 0.008320 0.027229
4 0.734627 0.454958 0.006429 0.012102
3 0.731034 0.460757 0.008320 0.010589
1 0.726307 0.459748 0.007186 0.005547
1 0.732169 0.448403 0.007564 0.008068
1 0.719688 0.436553 0.006051 0.008572
1 0.718176 0.521015 0.012102 0.022187
1 0.708910 0.454706 0.005673 0.007564
1 0.526624 0.621612 0.009455 0.014623
1 0.574654 0.619343 0.004160 0.008068
1 0.522842 0.558329 0.016262 0.013110
1 0.486726 0.569927 0.009076 0.009076
1 0.474246 0.551017 0.006051 0.007564
1 0.484646 0.533621 0.007942 0.009076
1 0.506770 0.504374 0.006807 0.009076
1 0.521708 0.483196 0.010967 0.028238
1 0.533810 0.455714 0.005673 0.008572
1 0.548559 0.429493 0.004160 0.019666
1 0.528704 0.415375 0.006051 0.011598
1 0.526057 0.401256 0.005295 0.009581
1 0.576923 0.410080 0.005673 0.009076
1 0.626844 0.338729 0.004160 0.004538
5 0.624764 0.413610 0.009076 0.028238
3 0.655964 0.427729 0.009455 0.017144
3 0.592807 0.184429 0.007942 0.020674
1 0.478784 0.252754 0.006051 0.012102
1 0.442667 0.271664 0.009455 0.010589
1 0.473867 0.305196 0.008320 0.006051
1 0.428485 0.253511 0.008320 0.014623
1 0.443991 0.436049 0.009076 0.031768
1 0.422623 0.464539 0.010211 0.013110
1 0.416761 0.516728 0.014371 0.017649
1 0.394259 0.419913 0.005673 0.007564
1 0.416005 0.398482 0.006807 0.006051
4 0.426216 0.405542 0.009076 0.007059
4 0.396717 0.440839 0.013615 0.027229
4 0.431321 0.457731 0.005673 0.022691
1 0.429809 0.444621 0.004160 0.006555
1 0.391801 0.435292 0.005295 0.011093
4 0.446638 0.491012 0.017397 0.054963
4 0.431321 0.491516 0.011724 0.052946
1 0.433590 0.488995 0.006429 0.008572
4 0.415816 0.546479 0.023826 0.058997
1 0.282883 0.408567 0.008320 0.006051
1 0.252250 0.455210 0.006051 0.009581
1 0.251305 0.410080 0.006429 0.009076
1 0.313327 0.263344 0.005673 0.008068
1 0.244308 0.218718 0.008320 0.010589
1 0.256599 0.229055 0.004916 0.007059
1 0.290258 0.228046 0.004160 0.010085
1 0.251683 0.247460 0.005673 0.005547
4 0.256032 0.283009 0.014371 0.034289
4 0.277967 0.259310 0.011346 0.030255
4 0.281371 0.237123 0.009076 0.019161
4 0.239770 0.255780 0.015884 0.034289
3 0.291014 0.242669 0.006429 0.021178
3 0.253574 0.205859 0.006429 0.013110
4 0.132743 0.344276 0.024960 0.042861
1 0.164511 0.230820 0.008320 0.010589
1 0.160918 0.269395 0.004916 0.010085
1 0.171318 0.244939 0.007564 0.006555
1 0.135769 0.318055 0.010589 0.012606
1 0.110619 0.307970 0.006429 0.008572
1 0.096059 0.313012 0.005295 0.008572
1 0.096059 0.328896 0.009076 0.011093
1 0.137849 0.350579 0.016262 0.017144
1 0.133311 0.372261 0.004916 0.009076
1 0.124991 0.359151 0.006429 0.010085
1 0.106649 0.363185 0.012102 0.007059
1 0.121965 0.539924 0.006429 0.010589
1 0.103623 0.550009 0.010589 0.008572
1 0.139173 0.547992 0.012858 0.013615
5 0.147304 0.594131 0.027608 0.052442
4 0.144089 0.617578 0.010589 0.010589
4 0.131231 0.584550 0.010589 0.018153
5 0.007942 0.287043 0.015884 0.037314
1 0.007375 0.239896 0.008698 0.007564
0 0.500000 0.500000 1.000000 1.000000