5 0.924236 0.208402 0.009411 0.017458
5 0.914212 0.199127 0.006547 0.018549
1 0.932420 0.179760 0.013502 0.015821
5 0.835857 0.687943 0.011047 0.024004
1 0.956151 0.989089 0.029869 0.021822
1 0.868385 0.924168 0.030278 0.025095
2 0.722927 0.498363 0.016776 0.026732
2 0.710447 0.488543 0.007365 0.014730
1 0.682215 0.489362 0.017185 0.018549
1 0.566217 0.874250 0.052782 0.091107
1 0.457379 0.406165 0.026596 0.024550
1 0.411143 0.432079 0.024141 0.022913
5 0.411757 0.462084 0.020458 0.034915
5 0.437739 0.464266 0.018412 0.044735
1 0.439580 0.435625 0.030278 0.020185
1 0.331356 0.331151 0.033961 0.037098
1 0.318058 0.259411 0.023732 0.027823
1 0.378410 0.232133 0.078969 0.054010
1 0.401732 0.259138 0.033142 0.046918
2 0.347109 0.275232 0.019640 0.028914
2 0.380660 0.282324 0.013912 0.036552
2 0.392730 0.303873 0.012684 0.051282
2 0.371863 0.330060 0.010229 0.032733
2 0.383729 0.349427 0.014321 0.050736
5 0.401323 0.350518 0.022504 0.060556
2 0.271618 0.269776 0.019231 0.046372
1 0.219654 0.220404 0.037234 0.031642
1 0.249727 0.249045 0.031915 0.037643
0 0.501862 0.553191 0.996276 0.893617