3 0.929393 0.432519 0.015506 0.036810
3 0.912752 0.445882 0.025338 0.042357
4 0.897814 0.442100 0.017397 0.029751
4 0.753158 0.400499 0.013237 0.035297
4 0.759965 0.422434 0.016262 0.035802
4 0.764882 0.441848 0.013237 0.025212
4 0.776227 0.423695 0.006429 0.035297
3 0.786060 0.428989 0.014749 0.040844
1 0.787762 0.442856 0.007564 0.009076
1 0.567468 0.585810 0.007942 0.008572
1 0.620036 0.540932 0.026851 0.014623
1 0.624385 0.562867 0.008320 0.009076
1 0.642349 0.627159 0.020800 0.043870
1 0.610203 0.625898 0.018531 0.021178
1 0.591861 0.648085 0.012858 0.025212
1 0.556690 0.634218 0.010589 0.015632
1 0.569548 0.602451 0.010589 0.011598
3 0.572196 0.631697 0.017397 0.058997
3 0.575978 0.630689 0.013615 0.045887
3 0.610582 0.692963 0.022313 0.037314
3 0.611527 0.656909 0.022691 0.052946
3 0.631004 0.667499 0.018531 0.043870
3 0.630247 0.689433 0.016262 0.028238
5 0.593752 0.675062 0.015127 0.039836
3 0.504311 0.790031 0.022313 0.056980
3 0.499584 0.846255 0.016640 0.053450
3 0.490886 0.881048 0.021935 0.062527
3 0.471787 0.864912 0.018531 0.053450
3 0.477460 0.895167 0.013237 0.009076
3 0.471976 0.911051 0.014371 0.031768
3 0.495235 0.886090 0.013993 0.054459
3 0.367219 0.330409 0.033280 0.049416
3 0.325807 0.394448 0.016262 0.075637
3 0.342637 0.404785 0.017397 0.070091
3 0.367219 0.407811 0.027229 0.073116
3 0.382346 0.446890 0.021935 0.062527
3 0.318622 0.464287 0.018531 0.063031
3 0.334506 0.472607 0.017018 0.060510
3 0.372513 0.482187 0.017397 0.037314
5 0.346986 0.474372 0.016262 0.055972
5 0.385183 0.374783 0.027608 0.043365
1 0.345662 0.357386 0.029499 0.041853
1 0.293473 0.426972 0.018153 0.017649
1 0.291960 0.387893 0.010589 0.017144
1 0.311436 0.425207 0.010211 0.014119
1 0.343582 0.447899 0.017775 0.021178
1 0.368921 0.368479 0.020800 0.021683
1 0.431291 0.359986 0.009516 0.013771
1 0.347175 0.309987 0.004538 0.007564
3 0.249792 0.920631 0.007942 0.018657
3 0.246388 0.935507 0.008698 0.022187
3 0.240148 0.938532 0.009833 0.024204
3 0.231639 0.943827 0.008698 0.021683
3 0.237690 0.773643 0.003404 0.021178
3 0.244308 0.776416 0.007564 0.020674
3 0.259436 0.777677 0.006807 0.018153
3 0.249981 0.768096 0.008320 0.019161
3 0.262839 0.602451 0.016640 0.049921
1 0.256788 0.561859 0.021935 0.023195
1 0.260003 0.535638 0.010967 0.012102
1 0.299334 0.562363 0.029120 0.021178
1 0.275509 0.519502 0.010967 0.019161
1 0.267189 0.483700 0.017775 0.016136
1 0.261516 0.498323 0.010211 0.012102
1 0.523001 0.042919 0.011162 0.020729
1 0.475564 0.026442 0.012756 0.011162
4 0.517021 0.077733 0.023120 0.055277
4 0.487922 0.052486 0.021526 0.062186
4 0.466994 0.053018 0.011560 0.058997
4 0.455832 0.033086 0.013155 0.040394
4 0.483537 0.007773 0.020729 0.015546
4 0.466595 0.012025 0.019533 0.024050
3 0.448856 0.015547 0.013553 0.029764
1 0.620864 0.232401 0.021127 0.017008
0 0.501475 0.501229 0.997050 0.997542