5 0.847722 0.511457 0.015139 0.040917
5 0.855292 0.510093 0.009820 0.025095
5 0.822559 0.519913 0.010638 0.033824
5 0.835243 0.506819 0.013093 0.028369
5 0.735406 0.580469 0.029460 0.049100
5 0.764253 0.561375 0.012684 0.040371
5 0.754842 0.578014 0.013502 0.048554
5 0.741135 0.617021 0.022095 0.030551
5 0.723950 0.608292 0.022095 0.061102
5 0.896208 0.627932 0.013093 0.019640
1 0.951855 0.597109 0.058101 0.045281
1 0.983497 0.650846 0.033006 0.044735
1 0.952469 0.690125 0.034779 0.043644
1 0.987248 0.699127 0.024959 0.034370
1 0.898254 0.618385 0.024550 0.028914
1 0.822968 0.770867 0.056465 0.057829
1 0.822559 0.827878 0.027005 0.043099
1 0.878614 0.902073 0.054828 0.073650
1 0.700218 0.856247 0.039280 0.051828
1 0.722518 0.779051 0.024959 0.030551
1 0.775095 0.975996 0.037643 0.048008
1 0.737452 0.965085 0.049100 0.069830
1 0.620840 0.699945 0.045827 0.097109
1 0.588312 0.457447 0.078151 0.104201
1 0.505456 0.456356 0.073650 0.068194
1 0.554351 0.587834 0.081424 0.073650
1 0.018071 0.757774 0.036142 0.069831
5 0.719858 0.809329 0.012275 0.035461
5 0.737657 0.814785 0.029051 0.019094
5 0.745022 0.825150 0.008592 0.023459
5 0.746045 0.799782 0.014730 0.027278
5 0.763639 0.840971 0.016367 0.030005
5 0.750955 0.833333 0.008183 0.024550
5 0.773459 0.827878 0.023732 0.040917
5 0.777960 0.863066 0.012275 0.029460
5 0.720676 0.924986 0.018822 0.024550
5 0.674850 0.606656 0.023732 0.061102
5 0.628410 0.214403 0.008592 0.018549
5 0.645799 0.213039 0.005728 0.014730
5 0.676077 0.361702 0.020458 0.061102
5 0.727428 0.365794 0.016776 0.051828
5 0.359588 0.394981 0.021686 0.085106
5 0.373091 0.411893 0.019231 0.076378
5 0.333402 0.391435 0.028232 0.075832
5 0.306601 0.425532 0.021277 0.067649
5 0.337698 0.453355 0.026187 0.052373
5 0.353860 0.455537 0.024959 0.051282
5 0.397027 0.403983 0.028642 0.079105
0 0.498936 0.555319 0.997872 0.889362