0 0.500000 0.500000 1.000000 1.000000
5 0.765449 0.898444 0.025717 0.057989
1 0.764314 0.855583 0.035550 0.066057
1 0.700779 0.867685 0.038575 0.067065
1 0.745594 0.799612 0.028364 0.041853
1 0.723848 0.754986 0.023448 0.039331
1 0.669011 0.753473 0.043113 0.045382
1 0.691514 0.399239 0.029877 0.036810
1 0.654262 0.372261 0.028742 0.039331
1 0.674684 0.428737 0.031011 0.034289
5 0.666364 0.468825 0.021178 0.067065
4 0.652560 0.455210 0.021557 0.030759
4 0.560472 0.313516 0.032524 0.038827
1 0.602072 0.285531 0.058997 0.050425
1 0.541374 0.219726 0.017018 0.031768
1 0.544399 0.184429 0.011724 0.015632
1 0.568981 0.189219 0.012480 0.016136
1 0.614364 0.206868 0.010967 0.021178
1 0.623062 0.136525 0.027608 0.046895
1 0.583352 0.155939 0.010967 0.022187
1 0.556501 0.147114 0.026095 0.032776
4 0.579949 0.146358 0.027608 0.028238
5 0.557257 0.242417 0.027608 0.083201
5 0.526624 0.169806 0.030633 0.076141
1 0.501286 0.177369 0.024582 0.022691
1 0.509984 0.112826 0.054081 0.037819
1 0.492588 0.339989 0.020044 0.037314
1 0.466115 0.354360 0.021557 0.032776
1 0.552152 0.419156 0.029499 0.042357
1 0.488428 0.445882 0.042735 0.050425
1 0.462522 0.439831 0.018909 0.020170
1 0.460442 0.500845 0.011724 0.021178
4 0.473111 0.469581 0.025717 0.058493
5 0.517548 0.458236 0.044248 0.060006
5 0.450042 0.455714 0.040844 0.063031
5 0.488049 0.522023 0.030633 0.054459
1 0.357953 0.306457 0.025338 0.052946
1 0.353226 0.214684 0.037062 0.080175
1 0.328266 0.119885 0.040088 0.062023
1 0.339989 0.035171 0.029499 0.041853
1 0.209893 0.362933 0.009833 0.020674
5 0.187769 0.416383 0.024582 0.048912
5 0.172453 0.396465 0.017397 0.062527