2 0.335928 0.659464 0.031366 0.065056
2 0.367875 0.695090 0.020911 0.080545
2 0.344641 0.707481 0.034851 0.083643
2 0.414343 0.690443 0.034851 0.108426
2 0.440482 0.720647 0.024396 0.091388
2 0.460812 0.726843 0.030204 0.085192
2 0.500891 0.695864 0.026719 0.091388
2 0.484046 0.759371 0.034851 0.072800
2 0.654817 0.708256 0.041822 0.119269
2 0.691411 0.725294 0.059247 0.150248
2 0.404469 0.465071 0.047630 0.103779
0 0.780359 0.667286 0.172862 0.106568
2 0.026332 0.244734 0.013207 0.034566
2 0.044675 0.244407 0.010761 0.026088
2 0.033425 0.249625 0.006848 0.039131
2 0.279080 0.590620 0.014547 0.033673
5 0.502169 0.500000 0.995662 1.000000
0 0.638166 0.222429 0.078067 0.143742