3 0.893276 0.113582 0.008320 0.025212
3 0.901596 0.111817 0.006807 0.019666
3 0.908214 0.142324 0.006429 0.017144
3 0.887414 0.151905 0.007186 0.017144
3 0.918993 0.100976 0.009833 0.027229
1 0.900083 0.118120 0.005295 0.009076
5 0.914265 0.352596 0.008698 0.022187
5 0.694728 0.418652 0.016640 0.056476
1 0.698699 0.380581 0.020800 0.030759
1 0.722147 0.398734 0.013993 0.032776
1 0.736139 0.354108 0.009455 0.015127
1 0.693026 0.339989 0.024582 0.020170
1 0.650669 0.352596 0.010967 0.018153
1 0.679979 0.389406 0.015127 0.019161
1 0.637811 0.399743 0.009455 0.009581
1 0.492777 0.269143 0.010589 0.028742
1 0.581650 0.344780 0.006807 0.008572
3 0.576545 0.377052 0.014749 0.058997
3 0.564632 0.369992 0.019666 0.048912
3 0.545534 0.370496 0.017775 0.020674
3 0.461576 0.358142 0.021557 0.047399
3 0.478406 0.368479 0.011346 0.045887
3 0.466115 0.383607 0.021557 0.026725
3 0.474624 0.409576 0.024960 0.041348
3 0.435860 0.343015 0.022313 0.056476
3 0.434914 0.371001 0.017397 0.071099
3 0.401256 0.385624 0.017397 0.020674
3 0.363437 0.465547 0.010589 0.023195
3 0.367408 0.462017 0.010211 0.022187
3 0.186824 0.238383 0.000000 0.001513
0 0.500000 0.500000 1.000000 1.000000