1 0.786757 0.126568 0.022504 0.034915
1 0.788598 0.077741 0.013912 0.019094
5 0.787370 0.090562 0.011457 0.010911
5 0.642935 0.438352 0.033552 0.073650
5 0.618999 0.442171 0.029051 0.083470
1 0.512002 0.043644 0.014730 0.031642
1 0.543508 0.033006 0.026187 0.039825
1 0.558647 0.086470 0.022913 0.039825
1 0.493181 0.119749 0.024550 0.032188
5 0.508115 0.103655 0.018412 0.025095
5 0.529801 0.240044 0.029051 0.049100
5 0.546577 0.296781 0.020867 0.040371
5 0.582788 0.293781 0.022913 0.039825
5 0.560284 0.236498 0.033552 0.043099
2 0.556192 0.261866 0.019640 0.040371
5 0.562739 0.383524 0.027005 0.057829
5 0.525095 0.476268 0.021277 0.061102
5 0.410529 0.349427 0.022913 0.063830
5 0.349564 0.361157 0.011457 0.050191
5 0.368181 0.383252 0.029869 0.043099
5 0.193876 0.288871 0.016776 0.031097
5 0.173213 0.260502 0.030278 0.038734
5 0.165848 0.305237 0.013093 0.043099
5 0.178328 0.305510 0.008592 0.024004
5 0.108565 0.307147 0.039280 0.073104
1 0.114294 0.238680 0.053191 0.051828
5 0.146208 0.248227 0.013093 0.036007
1 0.155619 0.291326 0.045008 0.049100
1 0.123500 0.439989 0.043781 0.051828
0 0.498936 0.379787 0.997872 0.759574