0 0.500000 0.500000 1.000000 1.000000
3 0.519439 0.411845 0.024582 0.082192
3 0.557257 0.507652 0.024582 0.071099
3 0.520006 0.465295 0.018909 0.029751
3 0.582407 0.407559 0.028742 0.074629
5 0.539294 0.384615 0.019666 0.071099
5 0.534566 0.451428 0.025338 0.059501
5 0.506959 0.399491 0.020044 0.069586
3 0.606422 0.926430 0.013993 0.034289
3 0.600371 0.914832 0.006429 0.021178
5 0.592240 0.927439 0.006807 0.021178
3 0.508093 0.168041 0.005673 0.019161
3 0.501097 0.162998 0.006807 0.015127
3 0.166969 0.723218 0.023826 0.063535
5 0.183988 0.728513 0.010211 0.062023
5 0.206868 0.697501 0.020422 0.046391
5 0.133689 0.732042 0.027608 0.025717