2 0.445474 0.711375 0.017652 0.071917
2 0.427086 0.734911 0.036776 0.035305
1 0.396930 0.702876 0.022065 0.054918
1 0.417157 0.702222 0.022801 0.064071
2 0.577866 0.549018 0.025007 0.091530
2 0.619790 0.525481 0.027949 0.070609
2 0.599931 0.536596 0.017652 0.121604
0 0.405021 0.124710 0.072080 0.105914
4 0.589634 0.449642 0.047073 0.094145
2 0.134447 0.899010 0.037122 0.090107
2 0.038430 0.703778 0.023558 0.062610
2 0.054493 0.525150 0.017133 0.050976
2 0.123382 0.290469 0.019275 0.041881
2 0.193342 0.254299 0.009280 0.032997
1 0.205121 0.248482 0.009994 0.031939
1 0.387717 0.670036 0.018384 0.068080
0 0.837855 0.163557 0.244146 0.322355
0 0.501618 0.500000 0.996764 1.000000