2 0.414494 0.446898 0.032362 0.099085
2 0.432024 0.461282 0.026070 0.115067
2 0.447756 0.486053 0.016181 0.091094
2 0.478320 0.481258 0.023373 0.100683
2 0.460341 0.514819 0.016181 0.087898
2 0.471128 0.358201 0.019777 0.094291
2 0.513829 0.470870 0.024272 0.089496
2 0.500794 0.393360 0.026969 0.081505
2 0.498097 0.486053 0.017979 0.132646
0 0.579003 0.569156 0.145631 0.196572
0 0.072478 0.069894 0.107201 0.139788
2 0.031014 0.233279 0.028317 0.079108
2 0.739829 0.086762 0.022885 0.099861
2 0.754392 0.099091 0.021498 0.102327
2 0.768262 0.094776 0.017337 0.115888
2 0.790800 0.020881 0.019417 0.041762
0 0.813338 0.072661 0.070042 0.145322
5 0.501618 0.500000 0.996764 1.000000