0 0.182921 0.140880 0.095559 0.105865
0 0.102622 0.371788 0.053617 0.058806
2 0.267148 0.895370 0.015999 0.055923
2 0.296335 0.902577 0.030268 0.072642
1 0.294173 0.887587 0.017296 0.040357
1 0.282066 0.900847 0.012107 0.057653
1 0.322062 0.904018 0.021187 0.053617
1 0.343898 0.891046 0.023349 0.029979
1 0.340439 0.871444 0.021620 0.025367
2 0.261311 0.038555 0.025079 0.031132
2 0.281633 0.059598 0.016431 0.044393
2 0.287254 0.094190 0.014701 0.037474
2 0.302172 0.108027 0.015999 0.052464
2 0.310820 0.098514 0.022052 0.047275
2 0.330926 0.101108 0.021620 0.037474
2 0.359248 0.034231 0.017728 0.047852
2 0.300442 0.142618 0.013404 0.032862
2 0.346060 0.209784 0.017296 0.078408
2 0.331575 0.202577 0.017728 0.045546
0 0.425176 0.682291 0.143339 0.274811
2 0.524952 0.548633 0.026232 0.079945
2 0.555868 0.569244 0.024358 0.071201
2 0.583974 0.544261 0.039348 0.071201
2 0.825586 0.018665 0.021620 0.035168
2 0.840072 0.071417 0.019458 0.053040
2 0.867096 0.028214 0.009513 0.056428
2 0.855638 0.019278 0.009080 0.038555
2 0.848719 0.020971 0.015134 0.036321
0 0.810885 0.711362 0.085614 0.076102
0 0.957042 0.257251 0.085916 0.126836
5 0.505340 0.500000 0.989320 1.000000