0 0.500000 0.500000 1.000000 1.000000
1 0.667404 0.903147 0.110619 0.078663
1 0.580383 0.899213 0.028024 0.066863
1 0.702065 0.820551 0.058997 0.043265
1 0.815634 0.904130 0.047198 0.076696
1 0.772124 0.969272 0.054572 0.061455
1 0.876106 0.778269 0.085546 0.143559
1 0.955752 0.727139 0.061947 0.139626
1 0.963864 0.603245 0.054572 0.064897
1 0.862832 0.554081 0.053097 0.060964
1 0.814159 0.338741 0.070796 0.086529
1 0.840708 0.244346 0.032448 0.047198
1 0.969027 0.049656 0.050147 0.086529
5 0.704183 0.636235 0.013615 0.025717
5 0.691514 0.658422 0.011724 0.025717
5 0.711557 0.637496 0.007942 0.027229
5 0.721579 0.638504 0.009833 0.025212
5 0.665986 0.644303 0.009833 0.030759
5 0.653884 0.612031 0.009833 0.026725
5 0.575978 0.353100 0.040088 0.127071
5 0.533999 0.372766 0.045382 0.063535
5 0.578436 0.301162 0.042735 0.106901
5 0.627411 0.283514 0.065048 0.157325
5 0.537403 0.284774 0.054459 0.171949
5 0.523977 0.237123 0.036684 0.105892
5 0.572763 0.182412 0.051812 0.139677
5 0.632327 0.181655 0.089252 0.082697