1 0.917280 0.125750 0.038052 0.023459
1 0.952878 0.170213 0.020867 0.044735
1 0.981929 0.079378 0.028232 0.030005
1 0.839334 0.225041 0.027005 0.021277
1 0.799645 0.218767 0.016367 0.031642
1 0.811716 0.185215 0.014321 0.021277
1 0.836470 0.194490 0.025368 0.038734
5 0.634343 0.220131 0.031915 0.038734
5 0.650095 0.242226 0.021686 0.066558
5 0.669735 0.246318 0.017594 0.056192
5 0.684670 0.230224 0.022913 0.064375
5 0.689171 0.166667 0.022095 0.067103
5 0.715357 0.167485 0.017185 0.060011
5 0.731724 0.157119 0.018003 0.063284
5 0.701446 0.097381 0.026187 0.074741
5 0.718017 0.088107 0.015139 0.057283
5 0.667690 0.072831 0.040507 0.042008
5 0.564989 0.043372 0.009411 0.032188
5 0.582788 0.030551 0.011457 0.025095
5 0.534302 0.031097 0.013502 0.033824
5 0.547190 0.060011 0.009002 0.028369
5 0.532665 0.102291 0.014321 0.034370
5 0.492567 0.014730 0.007774 0.029460
5 0.399073 0.342062 0.022095 0.057829
5 0.343631 0.334697 0.020867 0.068194
5 0.360406 0.326241 0.013502 0.038189
5 0.312330 0.333606 0.036825 0.063830
5 0.267935 0.376159 0.042962 0.067103
5 0.259752 0.399345 0.042962 0.082924
5 0.242362 0.408620 0.025368 0.080742
5 0.220063 0.381888 0.033142 0.060011
5 0.237452 0.468631 0.025368 0.036007
5 0.292280 0.390071 0.022913 0.068740
5 0.295349 0.441080 0.025777 0.058374
5 0.270390 0.470540 0.027414 0.044190
1 0.191217 0.476268 0.016367 0.028369
1 0.195104 0.609111 0.021686 0.039825
1 0.182215 0.540098 0.034370 0.036007
1 0.125136 0.533279 0.041326 0.081288
1 0.084220 0.712220 0.025777 0.050736
1 0.115521 0.820513 0.029460 0.030551
1 0.016298 0.691217 0.029051 0.039280
1 0.005592 0.763502 0.011184 0.032188
1 0.066217 0.581833 0.027414 0.019094
1 0.058647 0.521549 0.044190 0.024004
1 0.057215 0.106383 0.051146 0.020731
1 0.062739 0.075832 0.022095 0.025095
1 0.015889 0.035188 0.021686 0.031097
1 0.041258 0.047736 0.019231 0.021277
1 0.137821 0.056192 0.023322 0.018549
1 0.174645 0.052646 0.024959 0.022368
1 0.202469 0.099836 0.034779 0.050191
1 0.149482 0.028369 0.029460 0.031642
5 0.227632 0.047736 0.015548 0.040917
5 0.258115 0.097109 0.015957 0.033824
1 0.417280 0.505456 0.031506 0.025641
1 0.457992 0.445172 0.039280 0.045827
0 0.498138 0.498936 0.996276 0.997872