0 0.031925 0.078624 0.048861 0.061496
0 0.124025 0.147807 0.059238 0.064571
2 0.295470 0.166000 0.015566 0.041510
2 0.302388 0.178299 0.019890 0.026136
2 0.298281 0.224421 0.023782 0.041510
2 0.333953 0.323199 0.024214 0.076102
2 0.414379 0.271696 0.020755 0.039204
2 0.332440 0.227880 0.022917 0.031517
2 0.330278 0.179836 0.017728 0.023061
2 0.349519 0.470790 0.044969 0.103775
2 0.438593 0.370859 0.039780 0.131448
2 0.519523 0.678980 0.026376 0.058421
2 0.523630 0.738939 0.029403 0.103006
2 0.511956 0.375471 0.040645 0.182182
2 0.486661 0.430818 0.025511 0.134523
2 0.510226 0.482705 0.025079 0.086095
2 0.582580 0.834130 0.031997 0.033054
2 0.596849 0.906772 0.020755 0.046122
2 0.620847 0.819909 0.012539 0.047660
2 0.649818 0.818756 0.020323 0.031517
2 0.667978 0.811069 0.024647 0.016143
2 0.678356 0.762256 0.014269 0.043047
2 0.689454 0.757260 0.025511 0.043816
2 0.689021 0.789161 0.015999 0.019986
2 0.702426 0.780321 0.015134 0.039204
2 0.702210 0.725359 0.018161 0.052272
2 0.570761 0.470790 0.018161 0.045353
2 0.700840 0.256707 0.015134 0.023061
2 0.711434 0.213659 0.014701 0.038435
2 0.753160 0.223268 0.017728 0.014605
2 0.765916 0.229802 0.012972 0.021524
2 0.748188 0.192904 0.012972 0.024598
2 0.739756 0.302188 0.013404 0.017680
2 0.747323 0.310259 0.007783 0.024598
2 0.728514 0.330246 0.011675 0.024598
2 0.771537 0.321021 0.010377 0.036898
2 0.755538 0.337548 0.012972 0.036129
2 0.746890 0.341776 0.007783 0.032285
2 0.834306 0.363172 0.015134 0.040741
2 0.854845 0.387770 0.012107 0.034592
2 0.843819 0.168434 0.011675 0.037666
2 0.894769 0.749829 0.019890 0.046891
2 0.914660 0.748676 0.014701 0.038435
2 0.886770 0.642595 0.015999 0.041510
2 0.904282 0.660275 0.016431 0.047660
2 0.888716 0.672574 0.014701 0.061496
2 0.867745 0.666425 0.020323 0.067646
2 0.964385 0.489239 0.020755 0.056115
2 0.842954 0.332039 0.010810 0.029211
2 0.827388 0.322046 0.009080 0.015374
0 0.942621 0.583405 0.070913 0.083020
0 0.667041 0.665272 0.081290 0.114537
2 0.610974 0.970062 0.017296 0.050734
0 0.502717 0.609862 0.148398 0.127912
0 0.331085 0.201809 0.193367 0.155893
5 0.501124 0.503420 0.997752 0.993160