5 0.753001 0.744954 0.008183 0.027823
2 0.857133 0.992635 0.006956 0.014730
5 0.727223 0.775232 0.013912 0.036007
1 0.696740 0.652209 0.017594 0.019094
1 0.729269 0.633388 0.029460 0.026187
1 0.742771 0.586470 0.027005 0.024004
1 0.714334 0.601200 0.036416 0.034915
1 0.722927 0.564375 0.013502 0.037643
1 0.704924 0.521549 0.038052 0.029460
1 0.679351 0.544463 0.034370 0.021822
1 0.641708 0.551828 0.013093 0.034370
2 0.704924 0.527005 0.006956 0.022913
2 0.691217 0.629296 0.007365 0.015821
2 0.664416 0.439444 0.007774 0.022368
5 0.652550 0.286416 0.005319 0.014184
4 0.649482 0.274141 0.009820 0.020185
4 0.591789 0.241135 0.009002 0.026187
2 0.594040 0.266230 0.008592 0.014184
2 0.597927 0.259956 0.008183 0.010366
2 0.535325 0.256410 0.005728 0.013093
2 0.457788 0.264321 0.003682 0.014730
2 0.461675 0.266503 0.004910 0.015821
2 0.467199 0.262957 0.004501 0.014184
2 0.484997 0.311511 0.005728 0.026187
2 0.487452 0.330333 0.004910 0.021277
2 0.493794 0.324059 0.011047 0.018549
3 0.506069 0.315057 0.006137 0.027823
2 0.499523 0.324877 0.008592 0.027823
1 0.560693 0.153301 0.025368 0.025095
1 0.459834 0.236225 0.027414 0.026187
1 0.465767 0.355974 0.034370 0.021277
1 0.436511 0.326241 0.023322 0.051282
5 0.531642 0.439989 0.011457 0.028914
2 0.533893 0.410802 0.006137 0.016367
2 0.525095 0.391980 0.006547 0.015821
2 0.532460 0.390071 0.007365 0.015276
2 0.501978 0.386252 0.027414 0.025095
1 0.512207 0.528914 0.007774 0.013639
1 0.522436 0.501637 0.006956 0.010366
1 0.491544 0.510093 0.010638 0.016367
1 0.694694 0.513366 0.016776 0.013093
1 0.718426 0.531369 0.011047 0.009820
1 0.711061 0.514184 0.007774 0.022368
2 0.509752 0.733770 0.011047 0.044735
5 0.527550 0.720131 0.012275 0.043644
5 0.479064 0.893890 0.012684 0.044190
5 0.460243 0.894708 0.013502 0.051282
5 0.464948 0.879433 0.018822 0.038189
3 0.334424 0.879433 0.013912 0.039280
5 0.386184 0.506819 0.010229 0.020731
2 0.397027 0.316148 0.005728 0.016912
2 0.406233 0.312602 0.007774 0.016367
2 0.323172 0.062466 0.003682 0.012548
2 0.331356 0.073650 0.008592 0.013093
2 0.332379 0.064648 0.006547 0.013639
2 0.294531 0.111839 0.006956 0.017458
2 0.288598 0.130933 0.006547 0.012002
2 0.254228 0.024823 0.005728 0.027823
2 0.259547 0.018276 0.009002 0.028914
5 0.245431 0.241953 0.011866 0.024550
5 0.184261 0.274414 0.006547 0.015276
5 0.187125 0.370158 0.010638 0.034370
2 0.174850 0.273868 0.010638 0.021822
1 0.196127 0.478451 0.025368 0.020731
1 0.178532 0.433715 0.038462 0.029460
5 0.282870 0.504364 0.013912 0.057283
2 0.219858 0.411893 0.005728 0.010911
2 0.168099 0.739225 0.011047 0.048009
2 0.178737 0.728314 0.014321 0.040371
2 0.178532 0.705401 0.012275 0.039280
5 0.268549 0.923350 0.013912 0.044190
1 0.170758 0.941353 0.037643 0.033279
1 0.166871 0.886798 0.028232 0.035461
1 0.187330 0.895526 0.015139 0.021277
2 0.118999 0.303328 0.009411 0.018549
1 0.160734 0.098472 0.017594 0.022368
1 0.087289 0.232951 0.040098 0.039280
0 0.442553 0.497872 0.874468 0.995744