2 0.107810 0.398788 0.023349 0.033054
2 0.024142 0.958532 0.027241 0.064571
2 0.140240 0.959300 0.015566 0.059959
2 0.158401 0.960069 0.026808 0.058421
2 0.181318 0.955841 0.030268 0.066877
2 0.128565 0.838614 0.021620 0.023061
2 0.168778 0.553041 0.015566 0.022292
2 0.196235 0.492826 0.022917 0.029979
2 0.181750 0.400198 0.019025 0.029211
2 0.276084 0.291426 0.010810 0.034592
2 0.305919 0.289504 0.015999 0.044585
2 0.330566 0.260294 0.016863 0.029211
2 0.478373 0.706782 0.020755 0.060727
2 0.462374 0.570465 0.012107 0.046891
2 0.474049 0.567006 0.013837 0.053809
2 0.613713 0.241461 0.011242 0.034592
2 0.632522 0.335242 0.013404 0.026905
2 0.672518 0.415187 0.010377 0.039204
2 0.686787 0.405963 0.011242 0.059190
2 0.685490 0.334858 0.018161 0.066108
2 0.705597 0.468997 0.015999 0.049966
2 0.612416 0.666553 0.012107 0.053040
2 0.625820 0.673471 0.012972 0.062265
2 0.642683 0.663094 0.027673 0.078408
2 0.669059 0.645798 0.032862 0.048428
2 0.673599 0.619278 0.022052 0.036898
2 0.778239 0.721900 0.014269 0.046891
2 0.831424 0.481552 0.012539 0.051503
2 0.866231 0.508457 0.029403 0.026905
2 0.872501 0.571490 0.014269 0.053040
2 0.898517 0.425052 0.009513 0.033823
0 0.352809 0.483105 0.065470 0.179876
0 0.355785 0.158623 0.079357 0.151660
0 0.574017 0.241507 0.061502 0.162241
0 0.550210 0.522784 0.093245 0.139316
0 0.121365 0.582256 0.114978 0.193503
0 0.208749 0.393522 0.122643 0.088575
0 0.346949 0.657453 0.070576 0.118807
0 0.825891 0.608413 0.084942 0.139904
0 0.869611 0.720558 0.069952 0.155449
0 0.946745 0.864348 0.066829 0.178766
5 0.500281 0.503420 0.999438 0.993160