1 0.935693 0.162575 0.030687 0.049100
1 0.812534 0.085106 0.041326 0.049100
1 0.870022 0.105565 0.064648 0.090016
1 0.811307 0.148936 0.089607 0.088380
1 0.919735 0.477632 0.040507 0.039825
1 0.880456 0.579924 0.030687 0.039280
1 0.881888 0.658483 0.064648 0.073104
1 0.946945 0.741680 0.058101 0.045281
5 0.813352 0.651937 0.016776 0.048009
5 0.841585 0.752864 0.022504 0.039280
5 0.870840 0.831151 0.015548 0.038734
5 0.858565 0.824332 0.013093 0.033824
1 0.789416 0.855428 0.063830 0.049100
1 0.749318 0.716312 0.045008 0.060011
5 0.757092 0.675668 0.012275 0.028914
1 0.824400 0.720949 0.035597 0.037643
5 0.695717 0.642117 0.019640 0.040371
2 0.690194 0.603655 0.028232 0.027823
5 0.710857 0.611566 0.011457 0.022913
5 0.650095 0.744954 0.023322 0.049645
5 0.622886 0.756137 0.032733 0.067649
5 0.614703 0.743863 0.022095 0.022368
5 0.585038 0.834424 0.018412 0.031097
5 0.594654 0.852428 0.016367 0.043099
5 0.607133 0.860884 0.011866 0.044735
5 0.615521 0.889525 0.013912 0.027823
5 0.632501 0.873432 0.014321 0.033824
5 0.615521 0.463448 0.017185 0.038734
5 0.653983 0.492908 0.009820 0.026732
5 0.660120 0.493999 0.011457 0.018003
1 0.616953 0.397981 0.068331 0.056192
1 0.662166 0.459629 0.043372 0.049645
1 0.607951 0.449809 0.051146 0.044190
1 0.701446 0.152482 0.073650 0.119476
1 0.564989 0.039825 0.080606 0.043644
5 0.509138 0.575014 0.024550 0.066558
5 0.438557 0.471086 0.032324 0.082379
5 0.464744 0.463448 0.016776 0.076923
5 0.468426 0.399345 0.032324 0.108020
5 0.499113 0.408347 0.031506 0.093290
1 0.314580 0.323241 0.051146 0.058374
1 0.381478 0.319967 0.041735 0.040917
1 0.356110 0.266503 0.049100 0.056192
1 0.309875 0.214130 0.063011 0.051828
1 0.255251 0.259138 0.067512 0.061102
1 0.241544 0.165030 0.072831 0.068194
1 0.254842 0.068740 0.069967 0.093835
1 0.191626 0.035734 0.095745 0.071468
5 0.156028 0.053737 0.016367 0.028914
1 0.162166 0.115930 0.049918 0.057283
1 0.116135 0.187943 0.060147 0.073650
1 0.116339 0.286688 0.092471 0.073650
1 0.240112 0.415166 0.057692 0.070922
5 0.046577 0.376432 0.009411 0.015276
5 0.053328 0.342608 0.008183 0.028369
5 0.046372 0.359793 0.008183 0.027823
5 0.056601 0.369613 0.010638 0.028914
5 0.065807 0.371522 0.011866 0.027278
5 0.073377 0.363884 0.009002 0.027278
5 0.082992 0.364157 0.006137 0.021277
5 0.086266 0.372886 0.009411 0.018003
5 0.157870 0.348882 0.009411 0.024550
5 0.106724 0.387889 0.015139 0.024004
5 0.094449 0.870977 0.009411 0.015821
5 0.096699 0.880251 0.009002 0.025641
1 0.399891 0.845608 0.085925 0.063284
1 0.445513 0.914348 0.024141 0.036007
5 0.097722 0.129842 0.013502 0.036007
5 0.118181 0.111293 0.017594 0.033824
5 0.112248 0.120295 0.012275 0.033279
5 0.079924 0.071740 0.013093 0.027823
5 0.014866 0.083742 0.012275 0.034370
5 0.155005 0.546372 0.012684 0.027823
5 0.047804 0.566830 0.014321 0.016367
5 0.164007 0.639935 0.006956 0.018549
5 0.152550 0.644845 0.008592 0.021822
5 0.142117 0.640753 0.011457 0.019094
5 0.158893 0.644299 0.010638 0.029460
1 0.061102 0.750409 0.021277 0.044190
1 0.026732 0.012548 0.023732 0.025095
0 0.505851 0.491489 0.988298 0.982978