0 0.500000 0.500000 1.000000 1.000000
5 0.954542 0.444117 0.019666 0.032776
1 0.986310 0.412349 0.018153 0.030759
1 0.969669 0.425207 0.009076 0.023195
1 0.934120 0.414870 0.021935 0.014623
1 0.894789 0.422686 0.007564 0.011093
1 0.983133 0.151653 0.033734 0.037819
5 0.792678 0.274185 0.010589 0.010589
1 0.650669 0.560094 0.013993 0.013615
5 0.624385 0.591609 0.021178 0.033280
1 0.630436 0.570683 0.014371 0.018657
1 0.572763 0.566145 0.027608 0.013615
1 0.559716 0.436049 0.018153 0.028742
1 0.520384 0.408063 0.017397 0.032272
1 0.537024 0.379573 0.014371 0.021683
1 0.484267 0.493785 0.008698 0.016136
1 0.594509 0.401003 0.008320 0.014119
1 0.599236 0.446386 0.011724 0.013110
1 0.702103 0.297380 0.028364 0.033785
1 0.660124 0.285278 0.038197 0.041853
1 0.627411 0.299902 0.018153 0.015632
5 0.535701 0.431258 0.016262 0.039331
5 0.536646 0.462270 0.023448 0.030759
4 0.575599 0.441091 0.018153 0.025717
5 0.580327 0.475632 0.021557 0.032272
5 0.580894 0.463278 0.012858 0.014623
5 0.519250 0.397474 0.023448 0.036306
5 0.505068 0.479162 0.020800 0.042357
5 0.532675 0.494037 0.011724 0.032776
5 0.589403 0.581020 0.016262 0.025212
5 0.575978 0.381086 0.004538 0.014623
1 0.487293 0.268386 0.038953 0.035297
1 0.453634 0.280740 0.034415 0.020674
1 0.474435 0.314777 0.020044 0.016136
1 0.442289 0.301667 0.030633 0.018153
1 0.364193 0.406298 0.016640 0.024708
1 0.401066 0.374278 0.012480 0.011093
1 0.284396 0.385624 0.016640 0.040844
4 0.271727 0.383355 0.017775 0.014119
1 0.241661 0.324610 0.027229 0.019666
1 0.249225 0.533369 0.037819 0.024708
1 0.219537 0.529335 0.026851 0.037819
1 0.176613 0.474624 0.033280 0.019161
1 0.184744 0.447899 0.023826 0.039331
1 0.133689 0.464034 0.027608 0.026221
1 0.149762 0.513199 0.015884 0.024708
1 0.166591 0.546983 0.007942 0.024708
4 0.197413 0.485213 0.018153 0.022187
4 0.137093 0.412349 0.026851 0.028742
4 0.151274 0.476641 0.025717 0.036306
5 0.115536 0.447142 0.016262 0.027734
5 0.153355 0.469329 0.020044 0.055972
5 0.173587 0.501097 0.019666 0.035802
5 0.159027 0.502105 0.009455 0.023700
5 0.204599 0.457227 0.014371 0.029751
5 0.250927 0.419409 0.016262 0.022691
5 0.256410 0.546227 0.015127 0.025212
5 0.221617 0.553791 0.021178 0.026221
5 0.179071 0.571439 0.012480 0.024204
5 0.011346 0.402516 0.021178 0.039331
5 0.011535 0.309987 0.015506 0.020674
1 0.156947 0.293599 0.026473 0.035297
1 0.174911 0.266621 0.021557 0.028742
1 0.196468 0.276706 0.012480 0.017649