1 0.476756 0.332764 0.034790 0.092053
1 0.522927 0.265206 0.034891 0.105178
1 0.479693 0.231496 0.033374 0.059331
2 0.483485 0.294198 0.068265 0.066073
2 0.521410 0.244306 0.066748 0.052589
1 0.189235 0.217824 0.026761 0.077449
1 0.212573 0.214505 0.019915 0.053108
1 0.226265 0.264293 0.012447 0.073023
1 0.241513 0.260974 0.025517 0.070810
1 0.241824 0.174674 0.018671 0.066385
1 0.259250 0.178547 0.018671 0.067491
1 0.925327 0.744270 0.037756 0.132646
2 0.950497 0.730686 0.019777 0.067122
2 0.880217 0.387923 0.014937 0.050895
2 0.899510 0.397328 0.016181 0.045363
2 0.888930 0.391796 0.014937 0.071917
2 0.880529 0.474776 0.010580 0.036511
2 0.862169 0.465372 0.011202 0.055320
2 0.868704 0.472563 0.011825 0.063065
5 0.643474 0.500000 0.713052 1.000000