2 0.339026 0.586412 0.025435 0.052175
2 0.484301 0.502932 0.024457 0.080871
2 0.457398 0.474236 0.019566 0.080871
2 0.442724 0.403800 0.025435 0.099133
2 0.413375 0.453366 0.037175 0.093915
2 0.378157 0.443583 0.021522 0.048262
2 0.392831 0.486627 0.015653 0.074349
2 0.378646 0.487932 0.032283 0.050871
0 0.397233 0.390104 0.061632 0.050871
0 0.334623 0.527715 0.065545 0.054784
0 0.536639 0.561629 0.052827 0.096524
2 0.666156 0.014536 0.019064 0.029072
2 0.650190 0.018270 0.021447 0.035586
5 0.859801 0.132383 0.016729 0.050392
2 0.833469 0.129492 0.019827 0.062784
2 0.849578 0.133209 0.012392 0.070219
2 0.822626 0.100165 0.014250 0.057001
2 0.847100 0.077034 0.042131 0.045436
0 0.874361 0.092730 0.024783 0.019000
2 0.855422 0.015489 0.022305 0.030978
2 0.827541 0.024606 0.016463 0.033988
2 0.876665 0.009471 0.015932 0.018941
2 0.944642 0.752729 0.022305 0.050274
2 0.874010 0.742462 0.019118 0.059480
2 0.881976 0.746002 0.030802 0.067977
2 0.901360 0.747772 0.032395 0.065852
2 0.918619 0.747064 0.023367 0.074349
2 0.215377 0.707819 0.026553 0.064908
2 0.157845 0.660023 0.031864 0.044846
2 0.130407 0.703689 0.030094 0.042485
2 0.158730 0.711360 0.024783 0.053107
0 0.160500 0.619898 0.079660 0.084971
0 0.232194 0.796374 0.000000 0.078689
1 0.200503 0.014629 0.018587 0.022718
1 0.080717 0.280248 0.002065 0.007809
1 0.500000 0.500000 1.000000 1.000000