0 0.500000 0.498771 1.000000 0.997542
4 0.345851 0.281497 0.026851 0.066561
4 0.382346 0.325618 0.028742 0.073116
4 0.357953 0.333434 0.021557 0.044374
4 0.368732 0.360916 0.021178 0.037819
4 0.391423 0.361420 0.010589 0.011598
3 0.405983 0.316038 0.025338 0.075133
3 0.379321 0.382346 0.021935 0.040340
1 0.400499 0.270907 0.038575 0.054459
1 0.366273 0.284774 0.021557 0.023700
1 0.348499 0.327887 0.010211 0.013110
1 0.339611 0.246451 0.009833 0.007564
1 0.346040 0.229055 0.009076 0.010085
1 0.391801 0.314021 0.006807 0.008572