1 0.733795 0.156341 0.019908 0.030260
4 0.638239 0.528216 0.020704 0.062643
5 0.624303 0.542549 0.015926 0.061581
1 0.640030 0.046982 0.017917 0.023889
1 0.624900 0.056803 0.012343 0.015926
1 0.646600 0.071402 0.020704 0.021766
5 0.392180 0.721452 0.010352 0.030790
5 0.405120 0.723045 0.008361 0.039284
5 0.402731 0.747465 0.009954 0.016988
1 0.229137 0.657483 0.008361 0.010087
1 0.241480 0.669162 0.021102 0.024951
1 0.219382 0.643680 0.013537 0.016457
3 0.020306 0.529808 0.017519 0.037161
3 0.009158 0.514679 0.011148 0.035568
0 0.500000 0.500000 1.000000 1.000000