0 0.500000 0.500000 1.000000 1.000000
1 0.484646 0.544714 0.051055 0.033280
1 0.527948 0.539672 0.015884 0.017144
1 0.519439 0.508408 0.041979 0.037314
1 0.453634 0.610519 0.013993 0.023700
1 0.470653 0.622116 0.010967 0.025717
1 0.495802 0.615309 0.019666 0.024204
1 0.488617 0.636992 0.015884 0.017144
1 0.511686 0.636235 0.034037 0.030759
1 0.464980 0.669768 0.035928 0.023195
1 0.490129 0.711368 0.036306 0.027734
1 0.440587 0.647581 0.009833 0.024204
3 0.462522 0.639261 0.012102 0.048912
3 0.470464 0.682626 0.015884 0.045887
3 0.446260 0.675567 0.015127 0.039836
4 0.514144 0.662960 0.015506 0.044878
4 0.497126 0.604468 0.026851 0.023700
4 0.556690 0.471598 0.013615 0.025212
4 0.564254 0.384111 0.013615 0.030759
3 0.595832 0.407307 0.014749 0.036810
5 0.582596 0.411088 0.013237 0.048408
5 0.572007 0.410584 0.013237 0.037314
5 0.565767 0.411088 0.012858 0.025212
3 0.564254 0.429998 0.009833 0.011598
1 0.564632 0.364698 0.013615 0.028238
1 0.597156 0.387641 0.003025 0.009581
1 0.583730 0.392431 0.004916 0.008068
1 0.618334 0.314021 0.003782 0.010589
5 0.346040 0.410836 0.007564 0.019666
5 0.333749 0.401256 0.009455 0.021683
4 0.325997 0.409071 0.006807 0.016136