1 0.931876 0.046982 0.033843 0.033445
1 0.930283 0.078569 0.010750 0.041408
1 0.964724 0.084674 0.027871 0.012210
1 0.945612 0.083612 0.011148 0.021766
1 0.913163 0.127674 0.029861 0.039815
1 0.776995 0.095557 0.060121 0.052025
1 0.927496 0.307639 0.015528 0.031321
1 0.947603 0.301534 0.008759 0.009556
1 0.884098 0.472209 0.012343 0.011148
1 0.770624 0.532197 0.027473 0.040877
1 0.718665 0.522642 0.015130 0.016457
1 0.718665 0.483888 0.016722 0.011148
1 0.746536 0.433455 0.015926 0.011148
1 0.714286 0.461326 0.011148 0.006370
4 0.842292 0.036365 0.013139 0.038754
4 0.850056 0.043000 0.011148 0.037161
4 0.923316 0.089452 0.021500 0.023889
4 0.938645 0.072995 0.007565 0.045124
4 0.985428 0.092371 0.007167 0.014864
4 0.925506 0.131125 0.010750 0.013803
4 0.796902 0.103520 0.013139 0.024420
4 0.778786 0.105643 0.011148 0.025482
4 0.910575 0.491851 0.008759 0.028136
4 0.899228 0.478845 0.005972 0.010617
4 0.806657 0.467166 0.009556 0.015926
4 0.751911 0.547858 0.019509 0.055210
5 0.920529 0.458141 0.012741 0.032914
5 0.703337 0.194298 0.010750 0.022297
5 0.778587 0.011148 0.013139 0.022296
5 0.779782 0.024155 0.010750 0.018580
5 0.640627 0.605457 0.009556 0.015395
5 0.639433 0.612624 0.017519 0.041408
5 0.620521 0.606785 0.013935 0.039284
5 0.603002 0.563519 0.009954 0.014333
5 0.560798 0.560864 0.015528 0.047247
5 0.578914 0.572543 0.023093 0.062112
5 0.594243 0.591920 0.013139 0.042470
5 0.603997 0.593247 0.015130 0.040877
4 0.589465 0.567500 0.009954 0.029729
1 0.553233 0.527685 0.037028 0.029729
1 0.601210 0.518926 0.032649 0.031321
1 0.642419 0.533259 0.049769 0.053618
1 0.603599 0.556086 0.024685 0.021766
1 0.638637 0.590858 0.031852 0.058396
1 0.602604 0.406912 0.057732 0.049371
1 0.558409 0.249509 0.054547 0.046717
1 0.560002 0.177841 0.048176 0.053087
1 0.504459 0.144397 0.046186 0.088124
1 0.458672 0.149174 0.029463 0.028667
1 0.491320 0.228540 0.025482 0.038754
1 0.500279 0.308436 0.052158 0.021235
1 0.482561 0.333917 0.022297 0.029729
1 0.418857 0.177311 0.015926 0.015926
1 0.415273 0.215799 0.021500 0.031321
1 0.419454 0.139619 0.033047 0.030790
1 0.352962 0.214206 0.029861 0.036630
4 0.460264 0.176514 0.012741 0.038754
4 0.427616 0.193237 0.011148 0.022297
4 0.411491 0.225354 0.011546 0.023889
4 0.489330 0.324096 0.007167 0.011148
4 0.478579 0.321973 0.006370 0.009025
4 0.318522 0.009025 0.008759 0.018050
4 0.304985 0.304189 0.011148 0.033976
4 0.297619 0.259065 0.013935 0.021235
4 0.280299 0.268355 0.009556 0.007963
4 0.273133 0.277114 0.007167 0.009556
4 0.276517 0.504327 0.009158 0.015926
4 0.293438 0.534586 0.012741 0.008494
4 0.181558 0.692255 0.020704 0.044593
4 0.184146 0.431597 0.010750 0.012741
4 0.305980 0.324627 0.006769 0.018580
4 0.278707 0.230132 0.009556 0.009025
4 0.316133 0.307639 0.005574 0.019642
1 0.337434 0.294102 0.021102 0.019111
1 0.285276 0.262250 0.037028 0.045655
1 0.341416 0.464246 0.033843 0.022827
1 0.319119 0.476456 0.021898 0.014333
1 0.285077 0.484950 0.029463 0.034507
1 0.321309 0.514413 0.021500 0.019111
1 0.310559 0.538302 0.017519 0.014864
1 0.293040 0.521314 0.011148 0.021235
1 0.202660 0.642087 0.019908 0.028136
1 0.171803 0.656686 0.030658 0.028667
4 0.174590 0.653236 0.009954 0.007963
4 0.166826 0.653236 0.011148 0.010087
1 0.161650 0.588470 0.029463 0.052556
1 0.199474 0.559537 0.038223 0.038223
1 0.186933 0.594044 0.030658 0.016988
1 0.115663 0.235175 0.029861 0.037161
1 0.109094 0.279238 0.012741 0.012741
4 0.100334 0.294367 0.015926 0.026013
4 0.087195 0.282688 0.008759 0.013272
5 0.082816 0.258799 0.006370 0.005840
5 0.122631 0.260392 0.007963 0.013272
5 0.300207 0.325423 0.005574 0.011679
0 0.500000 0.502070 1.000000 0.995859