2 0.039924 0.442861 0.012107 0.031517
2 0.060247 0.468612 0.013837 0.027673
2 0.019602 0.490904 0.013837 0.021524
2 0.034303 0.832977 0.023349 0.039973
2 0.052680 0.840280 0.016863 0.046891
2 0.065652 0.869106 0.021187 0.038435
2 0.105432 0.839127 0.032430 0.075333
2 0.245096 0.930474 0.025511 0.071489
2 0.146726 0.448498 0.016431 0.046891
2 0.297200 0.158569 0.018161 0.055347
2 0.310604 0.167409 0.019025 0.040741
2 0.320981 0.142810 0.017296 0.053040
2 0.357951 0.145501 0.019458 0.056884
0 0.295254 0.636702 0.047996 0.116843
0 0.398668 0.491545 0.068318 0.137598
2 0.551736 0.022637 0.018161 0.040741
2 0.568383 0.023810 0.010810 0.047620
0 0.463239 0.248251 0.052752 0.089169
2 0.462158 0.687564 0.012539 0.040741
2 0.505830 0.663734 0.021187 0.062265
2 0.522694 0.688717 0.016863 0.059959
2 0.531341 0.681030 0.028106 0.063034
2 0.543881 0.661428 0.021187 0.066877
2 0.560744 0.657969 0.021187 0.061496
2 0.617244 0.425821 0.014269 0.035360
2 0.692913 0.260806 0.016863 0.047660
2 0.866880 0.820165 0.029835 0.070721
2 0.889581 0.828621 0.023349 0.099931
2 0.905579 0.855526 0.024214 0.086095
2 0.947810 0.749060 0.031997 0.082251
2 0.955809 0.804791 0.041078 0.076870
2 0.981472 0.819397 0.037056 0.099931
0 0.641458 0.220578 0.052320 0.158353
5 0.504497 0.507916 0.991006 0.984167