5 0.849359 0.429078 0.020867 0.046372
5 0.848131 0.420076 0.010229 0.024004
5 0.868590 0.424986 0.015957 0.050191
5 0.974564 0.875887 0.038871 0.083470
5 0.642526 0.384615 0.016367 0.053464
5 0.653983 0.388161 0.013912 0.049645
5 0.667690 0.365248 0.015139 0.051828
5 0.625546 0.652482 0.024141 0.065466
5 0.545145 0.607747 0.016367 0.046918
5 0.552510 0.620840 0.016367 0.058920
5 0.566626 0.604201 0.010229 0.040917
5 0.578492 0.614021 0.020049 0.046372
1 0.470676 0.489907 0.027005 0.041462
1 0.432010 0.537098 0.028232 0.026732
1 0.432420 0.455537 0.031506 0.048009
1 0.428737 0.503546 0.038871 0.042553
0 0.687766 0.534043 0.624468 0.914894