2 0.008819 0.318563 0.017638 0.079084
2 0.043225 0.274370 0.033727 0.117850
2 0.065903 0.257312 0.024423 0.052722
1 0.323506 0.631667 0.062802 0.037991
1 0.471788 0.751455 0.026749 0.040317
1 0.380493 0.643685 0.045357 0.048070
1 0.439224 0.623138 0.033727 0.062802
1 0.465682 0.632442 0.021515 0.072106
1 0.407242 0.467297 0.027912 0.062802
1 0.461612 0.460319 0.047101 0.092264
1 0.452889 0.540954 0.051753 0.039542
1 0.497955 0.581658 0.047683 0.097691
1 0.536334 0.509553 0.039542 0.068229
1 0.553488 0.604918 0.040123 0.063577
0 0.491519 0.479064 0.264855 0.293622
2 0.972622 0.084482 0.024799 0.058195
5 0.500281 0.503232 0.999438 0.993536