1 0.880660 0.091107 0.043372 0.042553
1 0.897640 0.055919 0.029869 0.038734
1 0.864907 0.138571 0.047872 0.036007
1 0.808852 0.062466 0.021686 0.035461
1 0.840562 0.058101 0.017185 0.034370
1 0.791667 0.016094 0.023322 0.027823
1 0.643549 0.542553 0.073241 0.068194
1 0.337698 0.466448 0.072013 0.080742
1 0.398459 0.494544 0.060147 0.059465
1 0.308033 0.543372 0.026596 0.061102
1 0.336061 0.644572 0.037643 0.028914
1 0.368590 0.611566 0.041326 0.022913
1 0.416667 0.558647 0.027005 0.033824
1 0.164212 0.484179 0.027005 0.043099
1 0.078492 0.463175 0.039689 0.081833
2 0.813557 0.004637 0.018822 0.009274
2 0.841789 0.020185 0.023732 0.037098
2 0.860202 0.037916 0.017185 0.033279
2 0.819490 0.032733 0.023322 0.060011
2 0.795145 0.040371 0.016367 0.050191
2 0.799645 0.118931 0.020458 0.049100
2 0.818876 0.125205 0.013912 0.050736
2 0.825832 0.104201 0.020458 0.034915
2 0.836266 0.089744 0.027414 0.038734
5 0.852223 0.095472 0.024959 0.049100
2 0.835447 0.185215 0.022504 0.071468
2 0.871454 0.145936 0.022504 0.043099
5 0.656642 0.632024 0.034779 0.105292
5 0.355292 0.561648 0.050736 0.078014
5 0.329105 0.571468 0.021277 0.067103
0 0.498936 0.498936 0.997872 0.997872