1 0.484835 0.501601 0.015884 0.029751
5 0.483322 0.534125 0.019666 0.046391
3 0.476515 0.574717 0.024204 0.067065
3 0.455903 0.591609 0.014749 0.065552
3 0.429430 0.552026 0.017775 0.058997
5 0.445503 0.584298 0.018153 0.053955
5 0.436994 0.569170 0.019287 0.053955
5 0.095114 0.317298 0.006429 0.031263
5 0.087172 0.312508 0.009455 0.028742
3 0.104568 0.329400 0.015506 0.047399
3 0.072612 0.325870 0.018153 0.040340
4 0.079797 0.301667 0.015127 0.026221
3 0.046517 0.752969 0.011346 0.022187
0 0.500000 0.500246 1.000000 0.999508