2 0.037762 0.058734 0.031132 0.055347
2 0.050518 0.325377 0.017728 0.042086
2 0.058517 0.339214 0.017296 0.024791
2 0.148311 0.301932 0.006918 0.017872
2 0.155230 0.309427 0.012972 0.023638
2 0.206252 0.073147 0.017296 0.033439
2 0.198902 0.021548 0.016431 0.042086
2 0.210793 0.021295 0.012539 0.042590
2 0.446736 0.771609 0.026376 0.024791
2 0.460357 0.778527 0.021620 0.025944
1 0.458627 0.755178 0.009513 0.020755
2 0.477220 0.743359 0.025944 0.029403
2 0.493002 0.729234 0.026376 0.035745
2 0.601317 0.706750 0.035456 0.041510
2 0.555483 0.701849 0.031132 0.046699
2 0.605641 0.689166 0.022485 0.040933
2 0.534008 0.634780 0.023349 0.058229
2 0.510659 0.628726 0.028538 0.057653
2 0.537467 0.594423 0.015566 0.022485
2 0.467419 0.573092 0.017296 0.039780
2 0.453366 0.573380 0.016863 0.033439
2 0.427206 0.582604 0.021620 0.034592
2 0.564492 0.574821 0.018593 0.045546
2 0.543088 0.544265 0.025079 0.028250
2 0.547845 0.496029 0.031132 0.030556
2 0.533575 0.513037 0.030268 0.023061
2 0.594831 0.580490 0.015566 0.056500
2 0.580779 0.563771 0.021187 0.055347
2 0.574653 0.707422 0.008648 0.031709
2 0.552601 0.221218 0.016431 0.038627
2 0.570761 0.217471 0.016431 0.025367
2 0.538764 0.189797 0.020755 0.018449
2 0.578977 0.173366 0.027673 0.020178
2 0.606650 0.162412 0.025079 0.032862
2 0.500503 0.499418 0.018195 0.030177
2 0.965800 0.193806 0.023076 0.017751
2 0.973344 0.169250 0.019526 0.028993
2 0.983551 0.113927 0.018639 0.037869
0 0.444163 0.579758 0.075885 0.145400
0 0.554057 0.530292 0.132659 0.139404
5 0.501124 0.504356 0.997752 0.991287