0 0.500737 0.500246 0.998525 0.999508
5 0.993533 0.299145 0.012934 0.035297
5 0.969859 0.327131 0.011724 0.040844
5 0.976855 0.422938 0.018909 0.018657
5 0.770554 0.401760 0.013993 0.032776
5 0.754103 0.379825 0.012102 0.012102
5 0.810642 0.432771 0.013237 0.010085
5 0.804024 0.438822 0.007564 0.013110
5 0.781900 0.427476 0.015506 0.013615
4 0.791733 0.460001 0.013237 0.020170
5 0.885523 0.409071 0.017018 0.022187
5 0.888927 0.432015 0.011724 0.032776
1 0.923342 0.451680 0.026095 0.021683
1 0.932229 0.485213 0.013615 0.018153
1 0.912563 0.471850 0.016640 0.013615
4 0.897058 0.402264 0.006807 0.008572
1 0.786249 0.184429 0.019666 0.021683
1 0.766394 0.200565 0.023826 0.018657
1 0.802133 0.416635 0.015884 0.019161
1 0.788707 0.434536 0.020800 0.021683
1 0.758831 0.448403 0.013237 0.024204
5 0.739921 0.447899 0.013993 0.021178
1 0.757885 0.455967 0.006807 0.012102
1 0.710801 0.482440 0.013237 0.012606
1 0.709666 0.456723 0.007186 0.010589
1 0.724038 0.468573 0.006429 0.010085
1 0.687732 0.666238 0.010967 0.024204
1 0.703994 0.681618 0.012480 0.024708
1 0.708910 0.620604 0.025338 0.062023
1 0.671091 0.635983 0.013237 0.017144
4 0.715339 0.606989 0.018531 0.013615
5 0.706263 0.706578 0.013237 0.025212
5 0.690946 0.714142 0.006051 0.014119
5 0.615120 0.277210 0.006429 0.015632
5 0.606989 0.274941 0.006807 0.013110
5 0.627978 0.350831 0.011724 0.011598
5 0.628735 0.357638 0.012480 0.013110
1 0.648968 0.355117 0.010589 0.013110
5 0.545912 0.534377 0.019287 0.025717
5 0.533243 0.544462 0.011346 0.019666
5 0.520006 0.546479 0.013615 0.026725
5 0.525301 0.586819 0.012858 0.015632
5 0.514333 0.591609 0.008320 0.021178
5 0.508471 0.609006 0.013237 0.018657
5 0.481809 0.554799 0.012858 0.024204
5 0.446260 0.549000 0.012858 0.030759
5 0.420354 0.543454 0.009455 0.022691
5 0.445314 0.663465 0.013993 0.028742
5 0.432834 0.650102 0.017775 0.048408
5 0.404281 0.655901 0.023448 0.048912
5 0.479540 0.495298 0.008320 0.019161
1 0.563876 0.334191 0.018909 0.025717
1 0.530973 0.292842 0.050677 0.058997
5 0.508660 0.128457 0.012858 0.032776
5 0.462900 0.179386 0.012102 0.012606
5 0.471598 0.199304 0.014371 0.030255
5 0.467060 0.215692 0.013615 0.027734
5 0.456471 0.220230 0.011346 0.012606
5 0.441532 0.204851 0.011724 0.012102
1 0.425838 0.204599 0.011346 0.007564
5 0.529461 0.178630 0.010589 0.013110
1 0.452878 0.639009 0.013993 0.026221