2 0.172454 0.427807 0.014269 0.023638
0 0.542584 0.968973 0.060968 0.058229
0 0.445079 0.655823 0.068318 0.081867
0 0.550439 0.688109 0.067454 0.070336
2 0.476067 0.521012 0.016431 0.027097
2 0.462663 0.529083 0.019025 0.036321
2 0.449475 0.498239 0.026376 0.023061
0 0.406379 0.377457 0.028106 0.024791
2 0.420865 0.348631 0.014701 0.023638
2 0.393840 0.318075 0.018593 0.025944
2 0.505037 0.400902 0.014701 0.034015
2 0.493795 0.388507 0.014701 0.023061
2 0.472392 0.382742 0.015134 0.020755
2 0.553394 0.479598 0.030700 0.040357
2 0.549286 0.438088 0.027673 0.038051
4 0.564420 0.417622 0.012972 0.031709
2 0.573932 0.442700 0.018161 0.061112
2 0.594039 0.449042 0.022052 0.047275
2 0.615226 0.451925 0.019458 0.036898
2 0.634468 0.433764 0.019890 0.047852
2 0.652844 0.421657 0.027241 0.036321
0 0.388435 0.299337 0.032862 0.062265
5 0.499719 0.501124 0.967960 0.962338