2 0.472520 0.637842 0.022961 0.095245
1 0.494387 0.622292 0.020774 0.103020
1 0.513521 0.632011 0.021867 0.099133
4 0.514068 0.538709 0.057949 0.141896
4 0.761717 0.609657 0.028428 0.077751
4 0.734383 0.580501 0.021867 0.073863
2 0.717982 0.607714 0.019681 0.058313
2 0.617939 0.296061 0.016401 0.069976
2 0.602631 0.311612 0.047015 0.108851
0 0.812215 0.326459 0.083643 0.212427
0 0.852202 0.475073 0.193759 0.165221
0 0.972457 0.852077 0.001690 0.000000
0 0.885716 0.683852 0.160527 0.336450
5 0.499380 0.500000 0.998760 1.000000