2 0.834220 0.426350 0.013502 0.039825
5 0.860202 0.432079 0.011457 0.022913
5 0.784506 0.676214 0.012275 0.045281
5 0.810897 0.650300 0.016776 0.053464
5 0.676077 0.779869 0.010638 0.035461
2 0.681806 0.688489 0.022095 0.033824
2 0.708811 0.710584 0.010638 0.030005
5 0.741135 0.740589 0.017185 0.042008
5 0.727019 0.735952 0.015957 0.033824
5 0.571127 0.364703 0.027414 0.086743
5 0.545554 0.360065 0.031915 0.101473
5 0.515276 0.308511 0.025368 0.083470
5 0.505660 0.357338 0.018412 0.077469
5 0.418712 0.339607 0.016367 0.045281
5 0.459424 0.157392 0.011866 0.030005
5 0.588312 0.550736 0.029869 0.091107
5 0.446945 0.765412 0.019640 0.070922
5 0.469040 0.796781 0.012275 0.056192
5 0.481929 0.812330 0.014321 0.067649
5 0.365521 0.790507 0.019640 0.069831
5 0.320308 0.740589 0.014321 0.048554
5 0.419531 0.949264 0.024550 0.063284
5 0.478860 0.987998 0.014730 0.024004
5 0.273050 0.726132 0.013912 0.046918
5 0.329924 0.243590 0.013912 0.043099
5 0.348336 0.285870 0.005728 0.021822
5 0.354883 0.291598 0.006547 0.023459
5 0.275709 0.067649 0.006137 0.021822
5 0.280210 0.067376 0.005319 0.014730
5 0.287166 0.059738 0.006137 0.016912
5 0.298418 0.063830 0.005728 0.020731
5 0.306192 0.070376 0.007365 0.021822
5 0.316830 0.064648 0.004910 0.015821
5 0.313762 0.072013 0.010229 0.025095
5 0.277141 0.135025 0.005728 0.012548
5 0.280619 0.133933 0.006956 0.018003
5 0.285734 0.133661 0.004910 0.013093
5 0.287370 0.146754 0.009002 0.016367
5 0.268344 0.168576 0.008592 0.024004
5 0.280415 0.159574 0.007365 0.019094
5 0.192649 0.267594 0.007774 0.019094
5 0.194490 0.237043 0.007365 0.020185
5 0.279596 0.333061 0.011457 0.024550
5 0.302919 0.480906 0.009002 0.023459
5 0.331151 0.460993 0.004910 0.017458
5 0.174441 0.862520 0.020458 0.060011
5 0.197149 0.868794 0.015957 0.061648
5 0.440603 0.019094 0.010229 0.028369
1 0.408074 0.052373 0.027005 0.044735
1 0.612657 0.019640 0.027005 0.013093
1 0.533074 0.660938 0.025777 0.037643
0 0.495745 0.496809 0.991489 0.993617