1 0.533604 0.474853 0.033942 0.062497
1 0.486327 0.448993 0.016971 0.053876
1 0.472589 0.439834 0.018587 0.061419
1 0.436626 0.431213 0.027477 0.076504
1 0.455618 0.429058 0.013738 0.093745
1 0.411574 0.415589 0.022628 0.088357
1 0.397431 0.420438 0.010506 0.065729
0 0.434606 0.373027 0.031518 0.072194
0 0.440667 0.290057 0.048489 0.057109
0 0.344902 0.371949 0.054146 0.048489
0 0.350559 0.325941 0.026669 0.039869
0 0.491176 0.862292 0.060611 0.067884
0 0.496833 0.924250 0.042832 0.058187
0 0.304720 0.800633 0.054072 0.049566
5 0.500310 0.500000 0.999380 1.000000