2 0.285684 0.658690 0.035109 0.104640
2 0.415279 0.569195 0.062990 0.107394
2 0.461231 0.519629 0.072284 0.123916
2 0.547972 0.629087 0.059893 0.053697
2 0.531450 0.680719 0.043371 0.071596
2 0.570690 0.693799 0.026848 0.056451
2 0.715258 0.818403 0.047501 0.090872
2 0.601669 0.190836 0.051632 0.132177
2 0.631099 0.197720 0.089839 0.184497
2 0.623354 0.036214 0.074349 0.072428
2 0.497890 0.115798 0.042338 0.136307
0 0.333701 0.133697 0.143536 0.265730
4 0.584114 0.550794 0.045436 0.093625
2 0.826040 0.724391 0.043371 0.090872
4 0.054151 0.362082 0.039405 0.100124
4 0.017348 0.359603 0.034201 0.122924
4 0.035936 0.210905 0.056506 0.099133
5 0.500000 0.500000 1.000000 1.000000