1 0.567819 0.371277 0.087766 0.129787
1 0.655585 0.424468 0.055851 0.070213
1 0.756117 0.536170 0.059043 0.059574
1 0.981860 0.476268 0.036279 0.101473
1 0.891912 0.553464 0.033961 0.049645
1 0.749318 0.133933 0.038462 0.026732
3 0.636388 0.498636 0.054010 0.111293
1 0.575014 0.516639 0.052373 0.068740
1 0.521822 0.537098 0.068740 0.124932
1 0.374318 0.567376 0.047054 0.051282
1 0.164621 0.584015 0.023732 0.032188
1 0.250750 0.576923 0.025777 0.047463
1 0.219449 0.565466 0.035188 0.028914
1 0.222109 0.527550 0.042962 0.040371
1 0.529949 0.158187 0.039547 0.029602
0 0.573670 0.552128 0.852660 0.882979