5 0.877387 0.259138 0.005728 0.020731
5 0.887821 0.262139 0.009411 0.024550
5 0.897027 0.259956 0.006547 0.026732
5 0.814580 0.292962 0.009411 0.026187
1 0.924236 0.268140 0.053601 0.083470
1 0.777550 0.258320 0.043372 0.031097
1 0.745226 0.221222 0.031097 0.050736
1 0.979405 0.355428 0.041189 0.071468
5 0.966380 0.440262 0.009411 0.017458
3 0.990316 0.460175 0.006547 0.032188
5 0.983565 0.447354 0.012684 0.024004
3 0.995158 0.454719 0.009684 0.027823
5 0.772231 0.525914 0.008183 0.028369
5 0.763025 0.528369 0.013502 0.031097
5 0.740316 0.528096 0.008183 0.026187
1 0.748909 0.527005 0.033552 0.058920
5 0.741339 0.391435 0.009411 0.027823
5 0.740521 0.356247 0.004501 0.018549
5 0.734588 0.361702 0.006547 0.026187
5 0.729678 0.361429 0.012275 0.021277
5 0.712289 0.377250 0.012684 0.037643
5 0.652960 0.420622 0.011866 0.032733
5 0.665644 0.417894 0.013502 0.030551
5 0.691626 0.389798 0.011457 0.036552
5 0.692444 0.418712 0.009002 0.030005
5 0.701037 0.360884 0.020458 0.015821
5 0.679760 0.391162 0.009820 0.040371
5 0.668712 0.388161 0.018003 0.031097
5 0.699604 0.113748 0.014321 0.048554
5 0.684261 0.121386 0.012275 0.054010
3 0.668712 0.112384 0.018003 0.066558
1 0.744408 0.036007 0.061375 0.072013
1 0.641912 0.030551 0.026596 0.061102
1 0.558442 0.027005 0.038052 0.054010
1 0.615726 0.206219 0.090426 0.074195
1 0.583606 0.252591 0.055646 0.076378
1 0.692853 0.232951 0.058101 0.056738
5 0.530210 0.019913 0.022504 0.039825
5 0.513843 0.070376 0.017594 0.048009
5 0.504433 0.021549 0.025777 0.043098
1 0.407051 0.060284 0.048691 0.064921
5 0.302100 0.742771 0.014730 0.027823
5 0.312330 0.746318 0.012275 0.031642
5 0.321945 0.741680 0.011866 0.033279
5 0.302510 0.540371 0.021277 0.050736
5 0.323582 0.544735 0.014321 0.050736
5 0.335652 0.541735 0.011457 0.044735
5 0.347518 0.539007 0.004910 0.058920
5 0.387616 0.203764 0.008183 0.034370
5 0.381888 0.202673 0.007365 0.032188
5 0.372886 0.201582 0.012275 0.044190
5 0.366135 0.192035 0.006956 0.020731
5 0.342812 0.148936 0.009411 0.029460
5 0.351609 0.173759 0.007365 0.018003
5 0.357951 0.174850 0.006956 0.026732
5 0.364703 0.171577 0.013093 0.019094
5 0.335652 0.060284 0.009002 0.028914
5 0.157051 0.105292 0.025777 0.061102
5 0.139457 0.092744 0.015957 0.040371
5 0.128410 0.104474 0.028232 0.059465
5 0.264048 0.165848 0.013912 0.029460
0 0.496543 0.395745 0.993085 0.791489