2 0.482962 0.757745 0.065056 0.191656
2 0.496902 0.790789 0.044610 0.218092
2 0.523854 0.779223 0.061338 0.261049
2 0.567534 0.742875 0.055762 0.181743
0 0.704151 0.402003 0.243494 0.804006
2 0.346344 0.609046 0.052045 0.118959
2 0.201363 0.143123 0.078067 0.185048
2 0.133519 0.045642 0.079926 0.089219
0 0.314746 0.149732 0.122677 0.277571
2 0.288724 0.199298 0.040892 0.132177
2 0.061958 0.419042 0.029740 0.102437
4 0.123296 0.154688 0.066914 0.135481
2 0.039653 0.053387 0.033457 0.106774
2 0.018897 0.088083 0.037794 0.176166
0 0.104399 0.314952 0.208798 0.508881
5 0.500310 0.500000 0.999380 1.000000
0 0.430917 0.109562 0.105948 0.219124
0 0.364932 0.514870 0.133829 0.201570