1 0.995197 0.158208 0.009455 0.024708
1 0.449285 0.324106 0.014371 0.020674
1 0.490318 0.335199 0.015506 0.016640
1 0.454013 0.378564 0.027608 0.018657
2 0.569548 0.345284 0.061266 0.157830
2 0.514144 0.341502 0.055593 0.159342
2 0.487671 0.349570 0.032902 0.041348
3 0.494478 0.434788 0.054081 0.142198
2 0.437372 0.418904 0.056350 0.160855
2 0.518115 0.436805 0.048408 0.064544
2 0.556312 0.437561 0.031768 0.034793
2 0.598480 0.299397 0.020044 0.026725
2 0.411278 0.403273 0.035928 0.040844
2 0.469329 0.465295 0.015884 0.021683
1 0.419976 0.288556 0.018531 0.023195
1 0.405037 0.329652 0.012102 0.030759
1 0.433780 0.258553 0.016640 0.017649
1 0.440776 0.231828 0.017018 0.016640
1 0.457794 0.232332 0.006429 0.013615
1 0.596211 0.220483 0.017018 0.022187
1 0.015884 0.091899 0.031768 0.043365
1 0.064481 0.416635 0.016262 0.017144
1 0.071855 0.448403 0.015127 0.015127
3 0.109674 0.422686 0.014371 0.037314
3 0.045571 0.493029 0.046517 0.084209
2 0.013804 0.422686 0.027608 0.027229
0 0.500000 0.500983 0.997050 0.993117