0 0.500000 0.497788 1.000000 0.995575
5 0.415059 0.393944 0.053324 0.145224
1 0.440209 0.349570 0.023448 0.031263
1 0.340368 0.349822 0.017397 0.024708
1 0.394259 0.286035 0.024582 0.061518
1 0.327131 0.215944 0.036306 0.055467
1 0.247901 0.196783 0.042735 0.104884
5 0.387641 0.403525 0.042357 0.120011
5 0.308789 0.489247 0.042735 0.096816
5 0.307654 0.385624 0.039710 0.123541
5 0.349822 0.306709 0.049921 0.165393
5 0.268890 0.316290 0.081688 0.199682
1 0.338477 0.397978 0.021935 0.025212
1 0.190039 0.284522 0.050299 0.071603
1 0.140307 0.295363 0.024204 0.038827
4 0.126881 0.363185 0.030633 0.079671