0 0.500000 0.500000 1.000000 1.000000
5 0.364950 0.622116 0.017397 0.035802
5 0.381401 0.625394 0.019287 0.033280
5 0.372324 0.576482 0.026851 0.023195
5 0.359655 0.576734 0.013615 0.032776
5 0.349822 0.565136 0.009833 0.021683
5 0.728954 0.120137 0.013237 0.028238
5 0.718554 0.123919 0.009833 0.027734
5 0.551774 0.316038 0.010589 0.039836
5 0.537781 0.311247 0.012858 0.042357
5 0.544021 0.342006 0.013993 0.024204
5 0.554232 0.338981 0.009455 0.011093
3 0.560283 0.326375 0.007942 0.014119
3 0.548370 0.196531 0.012102 0.021683
5 0.536835 0.172831 0.008698 0.019666
5 0.545155 0.176109 0.008698 0.019161
4 0.474624 0.138038 0.012102 0.021683
4 0.463845 0.139299 0.010967 0.027229
3 0.435103 0.232080 0.010967 0.030255
5 0.241661 0.378060 0.007564 0.023700
5 0.265109 0.356630 0.007564 0.021178
5 0.259625 0.373018 0.006429 0.016640
5 0.187391 0.311247 0.010211 0.027229
5 0.175478 0.311752 0.009833 0.027229
5 0.197980 0.304692 0.019287 0.019161
5 0.182286 0.522275 0.014371 0.022691
5 0.167536 0.526813 0.015884 0.035802
5 0.158082 0.513955 0.010589 0.028238
5 0.152787 0.494542 0.010589 0.031768
5 0.140685 0.508913 0.012858 0.028238
5 0.150518 0.522527 0.005295 0.019161
5 0.168293 0.647833 0.014371 0.028742