2 0.318028 0.319498 0.041924 0.223595
2 0.341196 0.381280 0.030891 0.202020
2 0.371536 0.402855 0.036408 0.221634
2 0.393050 0.361667 0.028685 0.245170
2 0.420080 0.351860 0.045234 0.178484
2 0.499933 0.031948 0.015559 0.057533
2 0.535407 0.031464 0.016804 0.062927
2 0.520781 0.027522 0.027384 0.042044
2 0.522026 0.054076 0.017426 0.055320
4 0.665168 0.014314 0.023649 0.028628
2 0.120944 0.515056 0.024894 0.092938
2 0.099784 0.501779 0.016181 0.081874
4 0.038171 0.098885 0.018671 0.047576
2 0.009854 0.085608 0.013069 0.058640
2 0.266391 0.761217 0.032362 0.075113
2 0.380443 0.539844 0.043027 0.058841
5 0.497977 0.500000 0.995954 1.000000