1 0.884547 0.043917 0.036416 0.024550
2 0.888843 0.069013 0.007365 0.009274
1 0.903573 0.077469 0.011457 0.029460
1 0.964539 0.087016 0.022095 0.035461
2 0.754637 0.586197 0.014730 0.038734
2 0.769367 0.581833 0.009820 0.044190
2 0.805169 0.560829 0.005319 0.022913
5 0.815603 0.564375 0.009820 0.023459
5 0.824809 0.552919 0.009411 0.016912
2 0.830128 0.547463 0.013502 0.016912
5 0.801077 0.355155 0.009411 0.022913
1 0.765889 0.372068 0.048691 0.045827
1 0.773868 0.334697 0.027005 0.034370
5 0.740316 0.316694 0.012275 0.020185
5 0.759547 0.334152 0.019640 0.013639
1 0.668917 0.015821 0.017594 0.029460
3 0.654187 0.010911 0.013502 0.021822
2 0.717812 0.374795 0.022095 0.046918
2 0.671781 0.284779 0.009411 0.021822
1 0.622681 0.293508 0.036416 0.032733
1 0.656438 0.255046 0.042553 0.049645
1 0.680987 0.302237 0.031915 0.064375
1 0.661348 0.284506 0.020458 0.027823
2 0.542280 0.438352 0.009820 0.021277
5 0.539007 0.448718 0.005728 0.025641
5 0.459220 0.018003 0.019640 0.027278
5 0.316626 0.441080 0.012684 0.034370
5 0.258320 0.441626 0.008183 0.021277
5 0.314785 0.366885 0.009002 0.021277
1 0.319899 0.236770 0.016776 0.032733
1 0.303532 0.198582 0.018412 0.019640
5 0.154596 0.172122 0.011866 0.040917
5 0.159506 0.181124 0.015139 0.043644
5 0.123295 0.524277 0.013093 0.032733
1 0.041667 0.422804 0.059329 0.053464
5 0.148254 0.119749 0.017185 0.035461
5 0.170145 0.057829 0.011047 0.033824
0 0.495745 0.472340 0.991489 0.944680