1 0.843426 0.240044 0.032733 0.045827
1 0.869408 0.212493 0.014321 0.035461
1 0.968835 0.247681 0.015957 0.021822
5 0.984179 0.289416 0.008183 0.019094
5 0.976405 0.294053 0.009820 0.018549
5 0.831765 0.445445 0.024959 0.051828
2 0.778983 0.910529 0.009411 0.043644
2 0.791258 0.868794 0.014321 0.018003
2 0.801487 0.848336 0.014321 0.013093
2 0.828696 0.881069 0.009002 0.028369
2 0.825832 0.954992 0.011457 0.020185
1 0.721904 0.838243 0.026187 0.032188
1 0.739498 0.873977 0.033552 0.052373
1 0.761184 0.837152 0.018822 0.023459
1 0.791053 0.836334 0.030278 0.040371
1 0.766912 0.897709 0.014730 0.028914
1 0.789007 0.894435 0.009820 0.025641
1 0.803532 0.948718 0.018412 0.032733
1 0.834629 0.927714 0.028232 0.035461
1 0.817649 0.896890 0.029460 0.025095
1 0.817035 0.857338 0.039689 0.050736
1 0.846290 0.882706 0.018003 0.026187
1 0.601405 0.700491 0.023322 0.021822
1 0.592608 0.742771 0.031097 0.055101
1 0.549645 0.722040 0.024550 0.030005
1 0.525709 0.740044 0.026596 0.038734
1 0.504228 0.718221 0.019640 0.032188
1 0.451855 0.747136 0.020458 0.034370
1 0.475791 0.782597 0.028232 0.046372
1 0.500136 0.765685 0.012275 0.030005
1 0.494613 0.635297 0.040507 0.056192
1 0.508729 0.585379 0.040098 0.050191
1 0.545963 0.582651 0.034370 0.055646
1 0.566012 0.634206 0.019640 0.032188
1 0.581356 0.616748 0.025777 0.040917
1 0.587902 0.589471 0.026596 0.060556
5 0.629637 0.801691 0.018412 0.058374
5 0.611020 0.649209 0.010638 0.043644
2 0.602837 0.573650 0.025368 0.012548
2 0.566012 0.569831 0.027823 0.009274
2 0.516298 0.591107 0.007774 0.026732
2 0.525709 0.749591 0.007774 0.029460
2 0.496658 0.719313 0.012684 0.018003
2 0.594858 0.760229 0.005319 0.011457
5 0.388843 0.615385 0.018003 0.043644
5 0.405210 0.623568 0.019640 0.029460
2 0.415030 0.615657 0.017185 0.021277
5 0.434056 0.533824 0.011866 0.045281
5 0.442239 0.425805 0.022504 0.057283
5 0.331765 0.489907 0.015957 0.029460
5 0.346086 0.504910 0.005319 0.006001
2 0.363271 0.492908 0.024959 0.014730
2 0.329310 0.587016 0.026596 0.032733
1 0.337902 0.621658 0.034779 0.026732
1 0.294122 0.588925 0.041326 0.040917
1 0.309465 0.525095 0.030278 0.023459
1 0.301077 0.472450 0.020049 0.028369
1 0.301282 0.431806 0.028642 0.046372
1 0.341789 0.424441 0.026187 0.040371
1 0.373704 0.402073 0.039280 0.029460
1 0.448172 0.507365 0.013093 0.031642
1 0.431397 0.487998 0.017185 0.027823
5 0.284302 0.623022 0.015957 0.039280
1 0.389866 0.060556 0.026596 0.029460
0 0.496543 0.497872 0.993085 0.987234