0 0.500000 0.500000 1.000000 1.000000
1 0.824635 0.040466 0.026095 0.039331
1 0.787006 0.057862 0.018909 0.021683
1 0.688488 0.493785 0.021557 0.015127
1 0.704939 0.553034 0.021935 0.036810
1 0.714016 0.441091 0.014371 0.020674
1 0.700590 0.405290 0.013993 0.013615
1 0.726307 0.401760 0.012480 0.013615
1 0.755805 0.412349 0.018531 0.016640
4 0.660124 0.515720 0.015506 0.022691
4 0.678844 0.515972 0.011346 0.024204
4 0.688677 0.554547 0.011346 0.038827
4 0.754103 0.435040 0.019666 0.038827
4 0.742947 0.449663 0.015506 0.046895
4 0.720067 0.460253 0.021935 0.030759
5 0.668444 0.539167 0.020044 0.054459
5 0.680357 0.580516 0.021178 0.023195
5 0.698699 0.576986 0.013993 0.014119
5 0.700023 0.384363 0.019666 0.033280
5 0.728765 0.344023 0.016640 0.044374
5 0.747485 0.355873 0.015506 0.039836
5 0.759398 0.345032 0.010589 0.029246
1 0.702670 0.366462 0.009833 0.017649
1 0.752780 0.289060 0.049542 0.033280
4 0.577679 0.174344 0.017775 0.045887
4 0.506391 0.179638 0.011346 0.018153
5 0.478973 0.243426 0.016262 0.039836
5 0.278345 0.209389 0.023448 0.068578
5 0.247523 0.187454 0.025338 0.055972
5 0.184366 0.033659 0.028364 0.042861
1 0.249792 0.162242 0.009455 0.019666
1 0.273050 0.081310 0.009076 0.012102