2 0.534967 0.318456 0.033192 0.116835
2 0.594713 0.325537 0.038502 0.088511
2 0.562849 0.312260 0.033192 0.161090
3 0.548908 0.673386 0.039830 0.150469
2 0.578781 0.681352 0.043813 0.092052
2 0.630560 0.691974 0.046468 0.102673
3 0.735445 0.656569 0.035847 0.053107
3 0.760671 0.631786 0.035847 0.077890
2 0.782578 0.660109 0.058417 0.084971
4 0.835684 0.468925 0.026553 0.092052
4 0.787888 0.511411 0.029209 0.099133
2 0.823735 0.568943 0.047796 0.079660
2 0.544925 0.445654 0.037175 0.102673
2 0.857591 0.601434 0.033192 0.106213
5 0.496877 0.500000 0.993754 1.000000