2 0.476704 0.447284 0.032714 0.075341
2 0.528377 0.521634 0.020074 0.083271
2 0.507187 0.531547 0.025279 0.079306
2 0.485998 0.501807 0.024535 0.043618
2 0.523172 0.629688 0.018587 0.053532
2 0.542875 0.635140 0.013383 0.056506
2 0.553656 0.706020 0.021561 0.035688
2 0.572243 0.708994 0.018587 0.037670
2 0.553284 0.505876 0.023792 0.085254
2 0.561834 0.449370 0.026022 0.079306
2 0.579678 0.459283 0.015613 0.083271
1 0.602354 0.472171 0.026766 0.061462
0 0.488972 0.322274 0.066171 0.183395
0 0.812289 0.235226 0.196129 0.166645
2 0.930480 0.109777 0.019064 0.050837
2 0.949544 0.016760 0.020970 0.033520
2 0.963604 0.021526 0.026213 0.043052
2 0.982668 0.011677 0.012868 0.023353
5 0.500000 0.500000 1.000000 1.000000