0 0.500000 0.500000 1.000000 1.000000
4 0.507337 0.474624 0.020800 0.043365
4 0.530973 0.416131 0.004538 0.012102
4 0.578814 0.398230 0.020044 0.041853
1 0.595076 0.393944 0.020800 0.025212
1 0.528515 0.376800 0.017018 0.026221
1 0.529272 0.403777 0.018531 0.018657
1 0.522842 0.458992 0.016262 0.028238
1 0.495613 0.451680 0.017018 0.020674
1 0.481242 0.510173 0.007942 0.009581
1 0.879850 0.075763 0.008698 0.010085
1 0.761667 0.660691 0.020422 0.015127
1 0.790409 0.661700 0.010589 0.015127
4 0.765449 0.646572 0.023448 0.016136
1 0.850730 0.960215 0.013993 0.010085
1 0.833522 0.968031 0.012858 0.016640
1 0.816315 0.982654 0.010967 0.016640
1 0.852243 0.993495 0.010211 0.007059
1 0.573330 0.288556 0.014371 0.022187
1 0.582029 0.263344 0.017397 0.015127
1 0.552152 0.193505 0.019666 0.031768
1 0.649346 0.190732 0.007564 0.016136
5 0.590916 0.304944 0.017018 0.052946
5 0.555177 0.216701 0.018909 0.045887
4 0.568792 0.217709 0.016640 0.018657
4 0.659557 0.191740 0.015884 0.028238
4 0.564443 0.171066 0.012480 0.051433
1 0.538159 0.140559 0.014371 0.011598
1 0.575789 0.136525 0.010211 0.011598
1 0.574843 0.021304 0.028742 0.032272
4 0.586378 0.045761 0.009455 0.013615
4 0.591483 0.048786 0.007564 0.017649
1 0.388775 0.283261 0.018153 0.035802
1 0.185311 0.109548 0.021935 0.026221
1 0.255843 0.037440 0.012480 0.026221
1 0.168293 0.148123 0.019666 0.016640
1 0.143143 0.093664 0.026851 0.028742
1 0.099085 0.136021 0.018153 0.043870
1 0.141442 0.129214 0.023448 0.027229
1 0.118372 0.115851 0.026473 0.018657
4 0.115347 0.141316 0.008320 0.007059
4 0.125180 0.155939 0.007564 0.012102
1 0.125747 0.151148 0.023826 0.017649
1 0.118940 0.209389 0.021557 0.031263
1 0.138983 0.208128 0.008698 0.011598
4 0.194010 0.704813 0.010589 0.011598
1 0.115725 0.732547 0.024204 0.021683
1 0.150518 0.662204 0.014371 0.016136
1 0.154489 0.813983 0.010967 0.014119
4 0.215755 0.670272 0.007186 0.010085
4 0.104947 0.979628 0.011724 0.025717
4 0.084146 0.974334 0.008698 0.011093
4 0.127071 0.911051 0.015884 0.017649
1 0.114023 0.902983 0.013993 0.020674
1 0.098896 0.925170 0.013237 0.017649
1 0.077150 0.926682 0.013615 0.012606
1 0.082445 0.994983 0.019666 0.010034
5 0.031389 0.820034 0.015127 0.037314
4 0.015506 0.766079 0.010589 0.028238
4 0.008131 0.768096 0.009455 0.031263
5 0.080365 0.576230 0.007942 0.032776
5 0.072423 0.578499 0.009455 0.031263
1 0.042168 0.127701 0.023826 0.030255
1 0.048030 0.081058 0.029499 0.044878
1 0.008887 0.047525 0.012480 0.023195
1 0.004160 0.091647 0.008320 0.035802
1 0.012669 0.911807 0.016262 0.022187