1 0.537589 0.380300 0.019987 0.094261
1 0.529382 0.417262 0.023592 0.096591
1 0.513655 0.429336 0.025021 0.067359
2 0.492565 0.438868 0.014298 0.061005
4 0.501501 0.494789 0.017872 0.058463
1 0.614098 0.283179 0.030026 0.067359
1 0.593008 0.319401 0.020732 0.061005
1 0.614813 0.230436 0.030026 0.040670
0 0.362096 0.122777 0.023592 0.055921
1 0.613383 0.176792 0.015728 0.069901
2 0.792602 0.332399 0.042682 0.056412
2 0.879343 0.274323 0.017899 0.055074
2 0.870049 0.283502 0.018587 0.053850
2 0.923058 0.458221 0.095690 0.135848
2 0.102850 0.182776 0.033457 0.092524
2 0.141883 0.176167 0.052045 0.099133
0 0.123296 0.319909 0.208178 0.386617
5 0.500000 0.500000 1.000000 1.000000