1 0.271011 0.845745 0.065426 0.074468
1 0.268617 0.911702 0.076596 0.057447
1 0.121809 0.806383 0.019149 0.076596
1 0.036436 0.850000 0.071809 0.146809
1 0.496809 0.686170 0.098936 0.155319
1 0.286968 0.541489 0.046277 0.074468
5 0.812766 0.106383 0.038298 0.097872
5 0.842287 0.120213 0.033511 0.095745
5 0.871809 0.187234 0.025532 0.080851
5 0.835106 0.448936 0.041489 0.102128
5 0.783245 0.421277 0.036702 0.089362
5 0.701064 0.521277 0.035106 0.119149
5 0.674734 0.619149 0.033511 0.097872
5 0.668351 0.674468 0.030319 0.085106
5 0.627660 0.648936 0.031915 0.102128
5 0.602926 0.539362 0.046277 0.108511
5 0.644415 0.444681 0.036702 0.119149
5 0.614096 0.392553 0.027128 0.087234
5 0.567021 0.398936 0.051064 0.151064
5 0.381915 0.297872 0.025532 0.055319
5 0.385106 0.330851 0.025532 0.036170
5 0.468085 0.261702 0.012766 0.063830
5 0.418617 0.182979 0.031915 0.042553
5 0.443351 0.291489 0.023936 0.046809
5 0.325266 0.590426 0.043085 0.095745
5 0.221543 0.576596 0.039894 0.097872
5 0.271011 0.619149 0.036702 0.102128
0 0.498936 0.498936 0.997872 0.997872