0 0.500000 0.500000 1.000000 1.000000
5 0.459874 0.518745 0.062023 0.089252
1 0.494668 0.532108 0.021178 0.033280
1 0.475947 0.596148 0.023826 0.056476
1 0.508093 0.590601 0.020800 0.027229
1 0.518871 0.415879 0.043870 0.066057
1 0.507715 0.333434 0.040466 0.045382
1 0.552719 0.353100 0.025338 0.029246
1 0.578058 0.374278 0.014749 0.016136
1 0.587134 0.334443 0.029877 0.034289
1 0.565199 0.315785 0.020044 0.047399
1 0.532864 0.276706 0.040088 0.056980
1 0.926556 0.014686 0.079419 0.029372
1 0.943045 0.076268 0.113910 0.071603
1 0.867181 0.031137 0.035550 0.045887
1 0.812911 0.032839 0.069208 0.065678
1 0.798351 0.033659 0.004538 0.001513
1 0.786060 0.098202 0.042735 0.051938
1 0.812722 0.074251 0.024960 0.021178
1 0.856214 0.068956 0.027229 0.021683
1 0.884578 0.115851 0.025717 0.038827
1 0.950004 0.141063 0.017397 0.019666
1 0.969669 0.194010 0.044626 0.051938
1 0.919560 0.197791 0.028364 0.022187
1 0.873799 0.228046 0.026851 0.023195
1 0.961160 0.246199 0.020044 0.023195
5 0.925800 0.105010 0.016640 0.049416
5 0.823500 0.018531 0.020044 0.027734
5 0.851864 0.265109 0.017775 0.043870
5 0.866803 0.280488 0.014371 0.032272
1 0.844868 0.235358 0.022691 0.028742
1 0.797027 0.212919 0.032146 0.057484
1 0.767340 0.236619 0.035550 0.056476
1 0.762045 0.158712 0.056728 0.042861
1 0.715717 0.137029 0.024582 0.039836
1 0.703994 0.277210 0.027608 0.056980
1 0.649157 0.415375 0.045761 0.044878
1 0.647077 0.487482 0.080932 0.074124
1 0.669579 0.327887 0.047273 0.060510
1 0.620793 0.265865 0.054837 0.066561
1 0.566334 0.195522 0.038953 0.077150
1 0.615120 0.194010 0.031389 0.047904
1 0.431132 0.298641 0.031011 0.027229
1 0.457227 0.282505 0.034037 0.021178
1 0.479540 0.182412 0.030255 0.053955
1 0.459874 0.119885 0.022691 0.030759
1 0.442289 0.134508 0.009455 0.010589
1 0.833901 0.190480 0.031011 0.027734
5 0.759020 0.933490 0.019666 0.039331
1 0.727441 0.921892 0.014749 0.015127
5 0.616065 0.038953 0.015127 0.026221
5 0.637622 0.053324 0.009833 0.021683
1 0.607367 0.084336 0.024204 0.040340
1 0.612094 0.155939 0.013993 0.020170
5 0.342259 0.567658 0.027229 0.097320
1 0.333938 0.473867 0.021935 0.035802
1 0.368164 0.473111 0.017018 0.020170
1 0.338098 0.399491 0.027229 0.036306
1 0.355495 0.381338 0.020422 0.017144
1 0.352470 0.327635 0.037819 0.044878
1 0.399365 0.271160 0.034793 0.056980
1 0.439831 0.247964 0.023448 0.018657
1 0.463845 0.237879 0.031389 0.031768
1 0.377241 0.197791 0.023069 0.024204
1 0.350579 0.263092 0.070343 0.079167
1 0.302927 0.295363 0.033280 0.022691
1 0.280992 0.266117 0.031011 0.036810
1 0.276643 0.221995 0.050299 0.048408
1 0.321647 0.174344 0.027608 0.029751
1 0.284207 0.140055 0.034415 0.030759
1 0.297254 0.170814 0.019666 0.030759
1 0.238825 0.296372 0.051055 0.067065
1 0.262650 0.375287 0.019287 0.013110
1 0.239770 0.395457 0.034037 0.028238
1 0.246577 0.348562 0.026473 0.037314
1 0.214053 0.369740 0.027986 0.030255
1 0.179071 0.492272 0.035928 0.044374
1 0.154867 0.456723 0.026095 0.028742
1 0.125180 0.313768 0.042357 0.033280
1 0.085281 0.337972 0.050299 0.026221
1 0.038953 0.369992 0.044626 0.101354
1 0.105325 0.416131 0.076015 0.109926
1 0.065237 0.459496 0.029877 0.030255
1 0.045004 0.497063 0.045382 0.046895
1 0.152598 0.686156 0.045761 0.135643
1 0.201384 0.692459 0.069964 0.071603
1 0.164133 0.568414 0.086983 0.061518
1 0.137471 0.490255 0.023826 0.056476
1 0.098707 0.843733 0.034793 0.029246