0 0.500737 0.501229 0.998525 0.997542
5 0.985175 0.431763 0.010589 0.024204
5 0.976288 0.426972 0.010967 0.018657
5 0.978179 0.404029 0.011724 0.027229
5 0.964375 0.422182 0.009833 0.023195
1 0.881174 0.714142 0.024204 0.035297
1 0.976477 0.911051 0.006807 0.013615
1 0.742947 0.958702 0.020800 0.028238
1 0.632895 0.347553 0.010211 0.015127
1 0.651237 0.368227 0.012102 0.011093
3 0.665419 0.253511 0.007942 0.013615
3 0.658422 0.253763 0.008320 0.018153
5 0.640269 0.575978 0.031011 0.035297
5 0.612662 0.570179 0.016640 0.032776
5 0.605665 0.590601 0.024582 0.044374
5 0.678655 0.518998 0.013993 0.018153
4 0.609825 0.615813 0.020044 0.020170
4 0.588080 0.586567 0.010589 0.034289
4 0.574087 0.572952 0.021178 0.029246
4 0.561796 0.581020 0.012480 0.038323
4 0.569548 0.595391 0.006051 0.014623
4 0.574654 0.483700 0.023826 0.037314
3 0.577679 0.597408 0.017018 0.025717
1 0.578436 0.579003 0.013237 0.025212
1 0.549315 0.550009 0.020044 0.045887
1 0.658422 0.511434 0.009076 0.016136
1 0.583730 0.480927 0.018531 0.014623
1 0.453634 0.820034 0.012480 0.021178
1 0.467249 0.686660 0.006429 0.010589
1 0.461576 0.583793 0.007942 0.015632
1 0.308411 0.705822 0.008698 0.011598
5 0.171129 0.440587 0.007942 0.013615
5 0.163944 0.443865 0.007186 0.011093
5 0.178882 0.372009 0.019666 0.030759
5 0.167915 0.375539 0.009833 0.029751
5 0.189660 0.375035 0.007942 0.022691
5 0.147114 0.348057 0.010589 0.016136
5 0.158082 0.375035 0.009076 0.028742
3 0.200817 0.377556 0.015884 0.030759
5 0.094925 0.174344 0.012858 0.031768
5 0.086605 0.176361 0.009833 0.026725
5 0.075070 0.173587 0.014749 0.018153
5 0.065426 0.166024 0.009833 0.011093
5 0.060510 0.169553 0.006807 0.013110
5 0.044437 0.407307 0.004916 0.013615
5 0.050299 0.411845 0.004538 0.012606
5 0.055593 0.411088 0.003782 0.011093
5 0.093412 0.507652 0.006807 0.018657
5 0.076394 0.475884 0.020422 0.029751
5 0.176424 0.450924 0.012480 0.007059
1 0.060132 0.447646 0.019666 0.022691
1 0.097005 0.406298 0.007186 0.010589
1 0.099463 0.389910 0.010589 0.012102