2 0.394056 0.282714 0.041510 0.051311
2 0.439890 0.304911 0.035456 0.040357
2 0.442268 0.355357 0.033294 0.066301
2 0.472752 0.374959 0.030268 0.088209
2 0.509505 0.362563 0.048428 0.068030
2 0.511019 0.402632 0.028970 0.040933
2 0.558799 0.398884 0.025944 0.044969
2 0.544097 0.372364 0.024214 0.057653
2 0.533287 0.405226 0.014701 0.033439
2 0.530044 0.320189 0.032430 0.044393
2 0.553826 0.230539 0.046266 0.087632
0 0.598291 0.176249 0.063994 0.044393
0 0.590507 0.316633 0.038916 0.039204
2 0.436719 0.786407 0.012972 0.016719
5 0.497189 0.496627 0.989882 0.975829