5 0.792280 0.027278 0.008183 0.008729
3 0.979883 0.143481 0.015139 0.025095
3 0.769981 0.158756 0.004501 0.019640
3 0.774891 0.153301 0.003682 0.015276
4 0.912984 0.334152 0.018003 0.034370
4 0.930169 0.328423 0.015548 0.034915
4 0.752387 0.450627 0.009411 0.033824
4 0.760366 0.456356 0.007365 0.030005
4 0.777346 0.433715 0.011866 0.042553
3 0.768753 0.425805 0.008592 0.031097
3 0.683442 0.872068 0.011457 0.023459
5 0.786757 0.447627 0.008592 0.026732
3 0.575423 0.405619 0.022913 0.054010
3 0.562330 0.421440 0.009002 0.052919
3 0.552100 0.410802 0.012275 0.041462
3 0.536143 0.420622 0.022913 0.043644
3 0.544122 0.460175 0.013502 0.032188
3 0.522436 0.434806 0.015957 0.051282
3 0.509343 0.439444 0.015957 0.046372
5 0.511184 0.379705 0.011457 0.053464
3 0.525505 0.387889 0.022913 0.041462
3 0.467812 0.429078 0.018003 0.054010
3 0.483770 0.432624 0.013912 0.049100
3 0.494817 0.421440 0.025368 0.046372
4 0.531438 0.811511 0.022504 0.042008
0 0.499202 0.496809 0.994149 0.993617
3 0.943876 0.666939 0.011047 0.026732
3 0.956151 0.669667 0.007774 0.032188
3 0.942649 0.681942 0.011047 0.016367
3 0.826446 0.736770 0.008592 0.022368
5 0.840153 0.724768 0.008183 0.013639
5 0.645799 0.545554 0.006547 0.013093
5 0.564580 0.554010 0.006137 0.015821
5 0.616135 0.583470 0.006137 0.015821
5 0.608156 0.582379 0.006547 0.020185
3 0.578287 0.857338 0.013912 0.032188
4 0.493181 0.892253 0.020458 0.045281
0 0.499202 0.496809 0.997340 0.993617