0 0.500000 0.500000 1.000000 1.000000
4 0.485024 0.441595 0.011724 0.039836
4 0.499206 0.434284 0.012858 0.029246
4 0.516413 0.456219 0.007186 0.033785
4 0.508282 0.375539 0.011346 0.019666
3 0.519439 0.388649 0.010211 0.048912
3 0.527759 0.383859 0.008698 0.036306
3 0.552530 0.358647 0.010589 0.042357
3 0.548559 0.387137 0.011724 0.021683
3 0.563687 0.385876 0.013237 0.045382
3 0.586000 0.379573 0.010967 0.036810
3 0.574465 0.385120 0.007564 0.035802
3 0.488617 0.331921 0.012102 0.019161
5 0.478216 0.412601 0.004160 0.013110
1 0.487671 0.408063 0.023069 0.021178
1 0.518304 0.422686 0.010211 0.012102
1 0.518115 0.440839 0.016640 0.013110
1 0.520384 0.355873 0.026473 0.050929
1 0.487671 0.353352 0.025338 0.023700
1 0.481620 0.313012 0.023069 0.018657
3 0.700590 0.058871 0.014749 0.031768
5 0.715528 0.250737 0.015884 0.046391
5 0.587134 0.338225 0.004916 0.023700
1 0.551206 0.285026 0.013993 0.019161