0 0.500000 0.500000 1.000000 1.000000
1 0.432267 0.014938 0.037819 0.029876
1 0.559337 0.320828 0.058241 0.043365
1 0.434158 0.282505 0.030255 0.031263
1 0.403336 0.342259 0.011724 0.011598
1 0.535323 0.400247 0.017775 0.025717
1 0.516602 0.445125 0.015884 0.023700
1 0.386128 0.567658 0.014371 0.019666
1 0.469707 0.613040 0.021178 0.037819
1 0.472544 0.659179 0.022313 0.030255
5 0.448529 0.469329 0.029499 0.104379
5 0.480864 0.476893 0.054081 0.151779
5 0.503744 0.478153 0.042357 0.124045
5 0.442667 0.701283 0.048786 0.130600
1 0.295363 0.513451 0.019666 0.034289
1 0.268512 0.441091 0.015884 0.023700
1 0.295174 0.468825 0.018531 0.027734
1 0.229748 0.559590 0.029120 0.041853
1 0.235421 0.107279 0.029877 0.053955
1 0.379510 0.042987 0.035928 0.039331
1 0.247523 0.032083 0.100976 0.064166
1 0.316542 0.009392 0.016640 0.018783
1 0.162998 0.516476 0.071099 0.046391
1 0.161486 0.614553 0.024960 0.033785
5 0.214621 0.649850 0.060888 0.175983
1 0.064292 0.563371 0.032524 0.030255