2 0.300659 0.484306 0.019890 0.035168
2 0.313414 0.506503 0.014269 0.054194
2 0.322278 0.514862 0.019890 0.053617
2 0.331791 0.486324 0.026808 0.061112
2 0.344763 0.483442 0.014701 0.080714
2 0.354492 0.508521 0.016863 0.082443
2 0.369409 0.499008 0.029403 0.072642
2 0.383246 0.541094 0.024214 0.033439
2 0.391462 0.509674 0.033727 0.081290
2 0.411352 0.490360 0.023349 0.077255
2 0.421297 0.499873 0.017296 0.060535
2 0.416541 0.546571 0.016431 0.040933
2 0.435566 0.531293 0.021620 0.047275
2 0.437728 0.481712 0.039780 0.079561
2 0.465401 0.479983 0.039780 0.088785
2 0.451565 0.529276 0.023349 0.037474
5 0.502811 0.500984 0.994378 0.998032