1 0.869963 0.483951 0.024213 0.031663
1 0.736791 0.492643 0.028869 0.044080
1 0.754951 0.533619 0.029801 0.041597
1 0.816415 0.553796 0.028869 0.042218
1 0.839697 0.536723 0.013038 0.032905
1 0.865540 0.537034 0.022816 0.024834
1 0.860418 0.563730 0.029335 0.022351
2 0.828056 0.533619 0.012107 0.024213
5 0.884864 0.904886 0.025144 0.021730
5 0.910241 0.919476 0.020954 0.037251
5 0.904653 0.934687 0.021885 0.016763
5 0.930263 0.939033 0.012572 0.031663
5 0.916527 0.885640 0.011175 0.034147
5 0.927935 0.888123 0.012572 0.020488
5 0.954476 0.909232 0.012572 0.031663
5 0.989166 0.903955 0.009313 0.028559
5 0.989865 0.842491 0.018160 0.019867
5 0.959831 0.883777 0.021419 0.015521
2 0.985907 0.859564 0.009313 0.020488
2 0.980086 0.911405 0.010710 0.021109
2 0.941671 0.875085 0.014900 0.014280
2 0.937481 0.920407 0.016763 0.020488
1 0.612001 0.101819 0.038182 0.063327
1 0.590116 0.159558 0.034457 0.052151
5 0.635050 0.192773 0.023747 0.067672
5 0.648321 0.190911 0.050289 0.027938
5 0.595005 0.272242 0.022816 0.061464
5 0.638077 0.247098 0.020488 0.045943
5 0.648786 0.252685 0.013969 0.055876
5 0.661824 0.251443 0.017694 0.065810
5 0.650882 0.523065 0.020954 0.052772
5 0.581502 0.790029 0.017229 0.035388
5 0.558686 0.734153 0.055411 0.034147
5 0.532144 0.401999 0.025610 0.066431
5 0.567766 0.313218 0.020488 0.024213
5 0.401533 0.364748 0.008381 0.032905
5 0.404094 0.422177 0.010710 0.029801
5 0.443674 0.416279 0.013503 0.025455
5 0.393152 0.543552 0.014900 0.058981
5 0.416667 0.439250 0.007916 0.024213
5 0.408984 0.464394 0.019557 0.043459
5 0.417598 0.482089 0.035854 0.057739
5 0.411545 0.546036 0.018160 0.049047
5 0.425747 0.533929 0.020488 0.048426
5 0.447864 0.568697 0.018160 0.052151
5 0.439716 0.485193 0.013969 0.047805
5 0.452288 0.492022 0.016763 0.045322
5 0.455082 0.447011 0.022351 0.031042
5 0.456246 0.469672 0.020954 0.026696
5 0.366378 0.501335 0.030266 0.037872
5 0.355436 0.505370 0.016763 0.016142
5 0.354039 0.517787 0.015832 0.037251
5 0.342631 0.527721 0.011641 0.036009
5 0.267663 0.495747 0.019091 0.044080
5 0.256022 0.514373 0.015366 0.029180
5 0.275812 0.498231 0.013038 0.026696
5 0.344959 0.596014 0.010710 0.032284
5 0.295136 0.642267 0.017229 0.047805
5 0.303284 0.672689 0.017694 0.026696
5 0.283262 0.367852 0.018625 0.051530
5 0.347753 0.280934 0.014435 0.034147
5 0.359393 0.293661 0.008847 0.029801
5 0.371267 0.292109 0.011175 0.032905
5 0.356600 0.268206 0.013503 0.023592
5 0.269526 0.293972 0.016297 0.039113
1 0.187341 0.368163 0.023282 0.050910
1 0.211787 0.301732 0.050754 0.040976
1 0.245080 0.252375 0.018625 0.021730
1 0.189902 0.262619 0.018160 0.028559
1 0.209226 0.234370 0.040976 0.031663
1 0.253927 0.308872 0.020488 0.041597
1 0.335180 0.223816 0.029335 0.044080
1 0.293739 0.186875 0.064723 0.060843
1 0.328894 0.616813 0.004656 0.029180
1 0.310734 0.602223 0.013038 0.022351
0 0.580811 0.497579 0.837167 0.995157