1 0.466882 0.875547 0.052589 0.093492
4 0.525081 0.854369 0.024272 0.093851
4 0.569984 0.687702 0.041262 0.103560
1 0.120955 0.729773 0.041262 0.097087
1 0.073625 0.739482 0.048544 0.064725
1 0.100324 0.839806 0.033981 0.122977
4 0.426780 0.760518 0.060680 0.087379
2 0.366373 0.294659 0.042942 0.117003
1 0.412116 0.361873 0.059746 0.087130
0 0.383176 0.216242 0.244586 0.219069
4 0.413983 0.289680 0.041075 0.072193
0 0.802332 0.392991 0.130695 0.149365
0 0.876081 0.294659 0.087752 0.171770
0 0.717381 0.288773 0.154966 0.281304
1 0.711780 0.285039 0.024272 0.059746
4 0.763630 0.261389 0.037341 0.057257
5 0.500000 0.500000 1.000000 1.000000