0 0.024358 0.154213 0.046699 0.046122
2 0.092893 0.365350 0.025511 0.109156
0 0.113215 0.546635 0.076534 0.231379
2 0.178507 0.626580 0.022052 0.082251
1 0.349952 0.701913 0.021620 0.040741
0 0.332079 0.809147 0.108964 0.058421
2 0.281417 0.147038 0.027241 0.075333
2 0.345844 0.136661 0.028106 0.108387
2 0.305631 0.083236 0.028970 0.044585
2 0.305199 0.041726 0.028106 0.033823
2 0.262176 0.042879 0.012107 0.051503
2 0.177858 0.168946 0.019025 0.042279
2 0.484643 0.691408 0.033294 0.074564
2 0.479022 0.731380 0.033294 0.056115
2 0.455672 0.643748 0.018593 0.073027
2 0.485075 0.496926 0.015999 0.094550
2 0.518153 0.533055 0.032862 0.079176
2 0.552745 0.534208 0.030268 0.081482
2 0.571987 0.493082 0.024647 0.106850
0 0.723109 0.416340 0.077831 0.153740
0 0.930298 0.684874 0.120638 0.130679
0 0.979526 0.574565 0.040948 0.065340
0 0.947594 0.353691 0.056644 0.076102
0 0.842089 0.033014 0.081723 0.064571
5 0.503654 0.506417 0.992692 0.987165