2 0.885979 0.306601 0.009820 0.031642
2 0.864089 0.301691 0.011866 0.028369
2 0.852428 0.309056 0.016367 0.020185
5 0.863475 0.324604 0.020458 0.030551
2 0.783893 0.257229 0.009411 0.024550
1 0.874727 0.282051 0.041326 0.042553
1 0.831969 0.338789 0.036825 0.039280
1 0.841176 0.310420 0.016776 0.038189
1 0.784711 0.234315 0.070786 0.063830
1 0.749727 0.290235 0.039280 0.043644
2 0.756683 0.291053 0.010638 0.019094
1 0.834220 0.536825 0.045417 0.054555
1 0.989634 0.626023 0.020731 0.054010
2 0.986839 0.704037 0.010229 0.023459
1 0.986566 0.693944 0.026868 0.042553
1 0.984315 0.928260 0.031369 0.062739
1 0.546781 0.029187 0.031097 0.028914
2 0.487043 0.632570 0.012275 0.025641
2 0.468221 0.611020 0.008183 0.022913
2 0.436511 0.452810 0.016776 0.020731
2 0.394163 0.478178 0.013912 0.037643
2 0.364089 0.472995 0.025777 0.032733
2 0.370022 0.495090 0.013093 0.023459
2 0.377591 0.489907 0.008592 0.024004
2 0.374318 0.533006 0.011866 0.031642
2 0.384752 0.545554 0.015548 0.036007
1 0.470063 0.472177 0.043781 0.061648
1 0.433647 0.405074 0.041326 0.046372
1 0.427919 0.455810 0.041326 0.061648
1 0.396208 0.457447 0.044190 0.056192
1 0.385366 0.519367 0.055237 0.033824
1 0.477019 0.609384 0.044599 0.067649
1 0.445717 0.625477 0.030278 0.058374
2 0.198377 0.543372 0.020049 0.045827
2 0.212902 0.539007 0.014730 0.027278
2 0.183647 0.599564 0.011047 0.021822
1 0.264253 0.571740 0.051964 0.037098
1 0.221290 0.494544 0.078151 0.084561
1 0.195513 0.590562 0.059329 0.098745
1 0.018753 0.404528 0.027414 0.058374
1 0.078287 0.415439 0.024550 0.030005
1 0.019981 0.344790 0.022504 0.030551
0 0.496543 0.497872 0.993085 0.995744