4 0.539004 0.404341 0.035745 0.109300
4 0.536859 0.474878 0.025736 0.057192
2 0.544723 0.485681 0.027166 0.111842
1 0.643021 0.494577 0.025021 0.091507
1 0.624077 0.450095 0.020017 0.061005
1 0.620145 0.532070 0.030741 0.130906
1 0.600485 0.441834 0.021447 0.082610
2 0.585830 0.527622 0.020732 0.119467
2 0.566527 0.518090 0.025021 0.113113
2 0.271632 0.271913 0.020017 0.077527
4 0.288432 0.280809 0.020732 0.077527
4 0.319530 0.272548 0.032885 0.083881
2 0.234410 0.521510 0.022812 0.067590
1 0.208219 0.520759 0.024502 0.066088
1 0.142099 0.675461 0.023436 0.130740
1 0.129977 0.684799 0.033134 0.135050
1 0.090782 0.630204 0.017779 0.066088
2 0.053203 0.699884 0.020204 0.081892
0 0.106541 0.605062 0.101018 0.104879
5 0.498451 0.500516 0.996902 0.998967