1 0.805783 0.133661 0.018003 0.020731
1 0.610816 0.229951 0.045417 0.061648
1 0.625546 0.298963 0.039689 0.048009
1 0.561511 0.249318 0.024550 0.063284
1 0.542280 0.192853 0.019640 0.052919
5 0.608156 0.359247 0.021277 0.051828
5 0.573377 0.379160 0.015548 0.051282
5 0.586266 0.365794 0.011866 0.062739
5 0.594858 0.370431 0.011047 0.046918
5 0.560284 0.431806 0.014730 0.051828
5 0.555987 0.460175 0.015957 0.043099
5 0.617567 0.614839 0.009002 0.027278
5 0.637616 0.611020 0.009820 0.029460
5 0.521208 0.468358 0.015139 0.058374
5 0.532870 0.438080 0.006547 0.020731
5 0.521208 0.426896 0.012684 0.024550
5 0.487657 0.157119 0.011047 0.028369
1 0.520390 0.134479 0.036416 0.056192
1 0.090971 0.059193 0.031097 0.027823
1 0.081151 0.204037 0.018822 0.029460
1 0.059056 0.195581 0.020458 0.043099
0 0.497340 0.354255 0.994680 0.708510