2 0.097334 0.349423 0.015088 0.022485
2 0.127511 0.379895 0.017751 0.021893
2 0.139049 0.374570 0.015088 0.025443
2 0.088681 0.311554 0.020857 0.033135
2 0.101106 0.763316 0.035058 0.051478
2 0.119523 0.799113 0.037277 0.048519
2 0.076033 0.688170 0.019526 0.036094
2 0.144818 0.871892 0.017751 0.046152
2 0.186755 0.830474 0.026183 0.053253
2 0.167007 0.821006 0.021301 0.056803
2 0.180098 0.767162 0.027070 0.054436
2 0.164566 0.545867 0.011094 0.035502
2 0.280169 0.050319 0.015088 0.047928
2 0.291485 0.045290 0.012869 0.041419
2 0.310790 0.100318 0.015976 0.041419
2 0.250880 0.613320 0.029289 0.047336
0 0.296479 0.784293 0.171228 0.213891
1 0.425693 0.574821 0.017728 0.029403
2 0.424828 0.592693 0.022052 0.028250
2 0.444070 0.557525 0.019025 0.068607
1 0.453150 0.567615 0.016431 0.025367
1 0.463311 0.544554 0.018593 0.020755
1 0.458987 0.517457 0.020323 0.033439
1 0.399533 0.554354 0.020755 0.025367
1 0.468500 0.629303 0.011675 0.014990
1 0.459420 0.635645 0.010810 0.021908
1 0.451853 0.630168 0.015566 0.023638
1 0.510875 0.814080 0.029835 0.047852
1 0.509361 0.850401 0.024214 0.030556
1 0.435422 0.925638 0.020755 0.040357
1 0.527954 0.892199 0.011242 0.042663
1 0.518009 0.893640 0.016431 0.045546
2 0.572491 0.801973 0.018161 0.063994
2 0.589138 0.781218 0.022052 0.059382
2 0.518009 0.655535 0.019890 0.068607
2 0.539629 0.656688 0.021620 0.046699
2 0.574653 0.409935 0.009513 0.061688
2 0.593246 0.397827 0.021620 0.038627
2 0.580490 0.481712 0.019458 0.024214
1 0.540278 0.333833 0.012539 0.037474
0 0.590868 0.396386 0.134475 0.138366
1 0.633459 0.626420 0.012107 0.048428
1 0.667186 0.619502 0.019025 0.061112
1 0.692048 0.605954 0.027241 0.058229
2 0.549142 0.172694 0.009513 0.042663
2 0.565357 0.170099 0.014269 0.036321
2 0.581139 0.187683 0.015566 0.040357
2 0.561249 0.197773 0.019025 0.038627
2 0.583517 0.041438 0.015999 0.048428
2 0.603191 0.048068 0.012107 0.049005
2 0.615082 0.052968 0.015999 0.059959
2 0.628702 0.040861 0.025079 0.050734
2 0.877113 0.038555 0.018593 0.044969
5 0.502811 0.502108 0.994378 0.995784