4 0.906134 0.241157 0.005295 0.009076
1 0.903865 0.255024 0.013615 0.025717
1 0.562363 0.334947 0.014371 0.031263
5 0.552530 0.370244 0.017397 0.058493
5 0.535890 0.402516 0.016640 0.064544
5 0.538348 0.431510 0.018531 0.052946
4 0.370812 0.256032 0.007186 0.011598
4 0.214810 0.444621 0.008320 0.024708
4 0.206490 0.443865 0.008320 0.024204
4 0.074314 0.457227 0.010967 0.039836
4 0.087550 0.458740 0.010967 0.032776
3 0.100030 0.468068 0.017018 0.040340
1 0.069397 0.413105 0.010967 0.014119
1 0.095303 0.441595 0.012102 0.013615
0 0.500000 0.500246 1.000000 0.999508