2 0.245745 0.070168 0.007783 0.018449
2 0.202937 0.087848 0.014701 0.027673
2 0.236880 0.074780 0.004756 0.023061
2 0.231043 0.067093 0.010377 0.024598
2 0.177858 0.315128 0.012972 0.050734
2 0.193857 0.311284 0.014701 0.046122
2 0.422018 0.566109 0.022485 0.069952
2 0.393696 0.389308 0.016863 0.048428
2 0.424180 0.473481 0.019890 0.053809
2 0.447961 0.459644 0.026808 0.081482
2 0.473040 0.491545 0.012972 0.054578
2 0.517361 0.531902 0.016863 0.059959
2 0.602110 0.025968 0.019458 0.045353
2 0.620487 0.027013 0.019890 0.054025
2 0.636269 0.032502 0.013404 0.064571
2 0.639080 0.101301 0.015566 0.079176
2 0.672807 0.079008 0.018161 0.074564
2 0.648809 0.020863 0.019458 0.041726
2 0.723181 0.895114 0.024647 0.053040
2 0.760799 0.940083 0.022917 0.061496
2 0.759718 0.877818 0.022485 0.063034
2 0.771177 0.856679 0.025511 0.076102
2 0.797120 0.864750 0.028106 0.086095
2 0.839927 0.902416 0.025511 0.047660
2 0.843170 0.459772 0.018161 0.034592
2 0.863277 0.134611 0.011675 0.066877
2 0.879059 0.128846 0.015566 0.061496
0 0.791932 0.766612 0.137069 0.119918
5 0.503654 0.503420 0.992692 0.993160