0 0.500000 0.501229 1.000000 0.997542
5 0.538915 0.530847 0.024960 0.048912
5 0.518304 0.542193 0.020044 0.068578
5 0.559716 0.417644 0.016640 0.054459
5 0.533053 0.404029 0.017775 0.061518
5 0.528137 0.418400 0.021557 0.063031
5 0.513955 0.432519 0.012858 0.042861
5 0.498260 0.418904 0.015506 0.045887
5 0.485969 0.419156 0.017397 0.068578
5 0.474246 0.407054 0.022691 0.047399
5 0.470842 0.376043 0.037819 0.036810
5 0.471409 0.470338 0.015506 0.046895
5 0.493722 0.481935 0.022313 0.054963
5 0.830119 0.034415 0.027229 0.051433
5 0.824824 0.071729 0.026473 0.031263
5 0.801755 0.073242 0.017397 0.061518
5 0.787951 0.068956 0.020800 0.084209
5 0.611527 0.185942 0.009833 0.017649
5 0.524355 0.271916 0.008698 0.017144
5 0.530217 0.267378 0.007564 0.009076
5 0.537403 0.262083 0.009076 0.008572
4 0.443802 0.208381 0.015506 0.011093
4 0.434914 0.222500 0.006807 0.012102
1 0.414114 0.217961 0.023448 0.018153
1 0.394826 0.024015 0.043870 0.048030
1 0.417707 0.066435 0.029120 0.026725
1 0.456282 0.074503 0.014749 0.023700
1 0.370622 0.088622 0.040844 0.049921
1 0.204788 0.560850 0.022313 0.040340
1 0.226723 0.532612 0.013993 0.022187
1 0.164889 0.482692 0.016640 0.025212
1 0.032146 0.320072 0.027229 0.027734
1 0.065048 0.323601 0.018153 0.023700
1 0.006429 0.336964 0.011346 0.016136
1 0.021557 0.340242 0.014371 0.016640
1 0.007753 0.367723 0.013993 0.024204