0 0.045978 0.246713 0.036321 0.156815
2 0.042303 0.358560 0.015134 0.028442
2 0.064355 0.830030 0.015999 0.068415
2 0.096568 0.853476 0.019890 0.066108
0 0.193929 0.979671 0.097289 0.039204
0 0.192416 0.746370 0.103775 0.126067
2 0.150618 0.297448 0.034592 0.049197
2 0.242718 0.355100 0.030268 0.090707
2 0.126187 0.128718 0.019458 0.034592
2 0.144132 0.143707 0.017296 0.036898
0 0.371644 0.959151 0.058373 0.081697
0 0.436503 0.902160 0.073075 0.144516
2 0.458483 0.566494 0.020755 0.055347
2 0.339142 0.069912 0.024214 0.061496
2 0.362707 0.122568 0.014269 0.049966
2 0.515559 0.240308 0.020755 0.067646
2 0.563555 0.511275 0.030268 0.097625
2 0.763610 0.814400 0.031132 0.071489
0 0.888356 0.043924 0.103342 0.087848
0 0.468284 0.183039 0.038051 0.125298
0 0.383174 0.216862 0.081723 0.091476
0 0.240051 0.247354 0.108531 0.100700
0 0.199190 0.352282 0.033727 0.043047
0 0.653343 0.559708 0.071556 0.174205
5 0.505391 0.500000 0.962747 1.000000