1 0.339053 0.496216 0.024783 0.040125
1 0.491735 0.427767 0.016817 0.040125
1 0.512978 0.428358 0.023898 0.029504
1 0.429335 0.395313 0.038945 0.050746
1 0.382424 0.382332 0.015932 0.060188
1 0.361624 0.424227 0.032749 0.037765
1 0.401841 0.323914 0.026553 0.063728
1 0.384139 0.333884 0.033634 0.036585
1 0.311117 0.576405 0.034519 0.040125
0 0.611613 0.506776 0.054877 0.080250
0 0.337228 0.542181 0.081430 0.054287
0 0.333687 0.435967 0.060188 0.080250
0 0.438131 0.445408 0.056647 0.056647
0 0.350505 0.305560 0.044256 0.062548
0 0.451407 0.333294 0.044256 0.054287
0 0.510710 0.403513 0.031864 0.050746
0 0.694813 0.599418 0.035404 0.069629
0 0.759792 0.521647 0.023436 0.039869
1 0.752923 0.638559 0.032326 0.034481
1 0.797775 0.642869 0.036367 0.034481
0 0.756155 0.601923 0.050105 0.036636
0 0.798987 0.667113 0.030710 0.046334
0 0.896773 0.555589 0.032326 0.034481
0 0.467911 0.829988 0.048792 0.112557
0 0.125971 0.646000 0.051473 0.043847
1 0.759602 0.986596 0.017988 0.022385
1 0.810568 0.986103 0.014390 0.027794
1 0.785385 0.983798 0.016789 0.023184
5 0.500000 0.497831 1.000000 0.995662