0 0.500000 0.500000 1.000000 1.000000
5 0.524922 0.565641 0.018909 0.052946
5 0.539672 0.547235 0.006807 0.019161
5 0.362870 0.486726 0.022313 0.061518
3 0.362681 0.528074 0.022691 0.027229
4 0.364572 0.699518 0.007564 0.012102
4 0.354550 0.692963 0.005673 0.021178
5 0.365328 0.686660 0.007564 0.018657
3 0.361168 0.694476 0.004538 0.014119
3 0.360222 0.701788 0.005673 0.009581
3 0.295931 0.652623 0.006429 0.019161
3 0.289312 0.648841 0.006051 0.013615
3 0.286854 0.657918 0.004916 0.008572
5 0.282883 0.650354 0.006051 0.012606
5 0.042735 0.756246 0.015127 0.037819
5 0.031579 0.770113 0.012480 0.047399
5 0.019666 0.761037 0.019666 0.032272
5 0.016073 0.743640 0.010211 0.027734
3 0.057295 0.757255 0.020044 0.052946