2 0.314500 0.729156 0.050750 0.194175
2 0.409381 0.535962 0.037511 0.137295
2 0.440824 0.555576 0.036408 0.137295
2 0.471715 0.498697 0.038614 0.137295
2 0.518604 0.556557 0.030891 0.100029
2 0.494884 0.572248 0.031995 0.107875
2 0.500952 0.289812 0.028685 0.158870
2 0.464544 0.393764 0.048544 0.119643
2 0.406071 0.262352 0.033098 0.151025
2 0.439720 0.203716 0.027582 0.135334
2 0.471163 0.188025 0.044131 0.162793
2 0.332704 0.508728 0.067299 0.145141
2 0.623966 0.487153 0.036408 0.088261
2 0.711124 0.564627 0.025375 0.113759
2 0.695678 0.583260 0.038614 0.107875
0 0.687129 0.227273 0.239964 0.341277
0 0.381247 0.304746 0.040821 0.107875
2 0.010595 0.617198 0.021190 0.199312
2 0.033326 0.589459 0.047388 0.152052
0 0.883018 0.395265 0.060368 0.077449
2 0.869015 0.463862 0.022405 0.066385
2 0.890175 0.485437 0.017426 0.111747
2 0.869949 0.491522 0.014314 0.048682
2 0.883329 0.517523 0.013692 0.043150
2 0.823272 0.735624 0.034230 0.059746
4 0.841320 0.903245 0.044187 0.071917
2 0.902622 0.500512 0.017426 0.078555
2 0.960404 0.345186 0.022844 0.083762
5 0.500000 0.500000 1.000000 1.000000