0 0.501475 0.257129 0.997050 0.505408
1 0.432834 0.251494 0.007186 0.015632
1 0.448529 0.152157 0.012102 0.019666
1 0.568792 0.254267 0.016640 0.018153
5 0.476515 0.205607 0.021178 0.041853
5 0.465736 0.223508 0.013993 0.034289
5 0.500340 0.209137 0.037062 0.099337
5 0.452878 0.292086 0.030633 0.096816
5 0.475380 0.277210 0.037819 0.051938
5 0.482755 0.264856 0.020800 0.028238
5 0.487293 0.323601 0.031389 0.104379
5 0.517548 0.314525 0.039710 0.097320
5 0.516035 0.372766 0.029877 0.047399
5 0.540239 0.358142 0.020800 0.027229
5 0.540239 0.316038 0.018531 0.055972
5 0.579192 0.325870 0.030633 0.111943
5 0.606611 0.277210 0.024960 0.089252
5 0.584109 0.273429 0.024582 0.070595
5 0.556879 0.338729 0.013993 0.034793
1 0.607556 0.226534 0.045004 0.025212
1 0.662960 0.058367 0.010589 0.017649
5 0.652939 0.105514 0.023826 0.048408