0 0.500000 0.500000 1.000000 1.000000
5 0.564821 0.519502 0.017018 0.058493
5 0.549126 0.525049 0.023448 0.061518
5 0.518304 0.484709 0.021557 0.047399
5 0.508093 0.474624 0.014749 0.043365
5 0.867748 0.171066 0.020044 0.069586
5 0.842788 0.167536 0.040466 0.088748
5 0.880228 0.045004 0.005673 0.019161
1 0.887036 0.131735 0.027608 0.039331
1 0.979162 0.120389 0.041676 0.095303
1 0.769420 0.050551 0.048786 0.063535
5 0.740867 0.084083 0.017397 0.035802
5 0.722903 0.092151 0.023069 0.078158
1 0.701346 0.099211 0.013237 0.023700
1 0.699266 0.134760 0.018153 0.025212
1 0.976855 0.397222 0.020422 0.026725
5 0.852243 0.354613 0.028364 0.065552
5 0.895545 0.553791 0.009833 0.033280
5 0.883065 0.567153 0.016640 0.021683
5 0.868316 0.515216 0.021178 0.037819
5 0.847515 0.508156 0.012102 0.035802
1 0.981204 0.559842 0.029120 0.025212
1 0.890439 0.818773 0.010211 0.015632
1 0.822744 0.821294 0.016262 0.020674
5 0.762045 0.280740 0.027229 0.068074
3 0.813289 0.248973 0.017775 0.034793
5 0.656153 0.196027 0.016640 0.054963
1 0.624385 0.810201 0.044626 0.045887
1 0.597534 0.768096 0.025717 0.025212
5 0.540239 0.948365 0.016262 0.029751
5 0.518115 0.964753 0.015884 0.026221
1 0.479540 0.949626 0.043113 0.045382
5 0.475758 0.842473 0.018153 0.041853
3 0.468762 0.811462 0.024582 0.038323
1 0.287800 0.739354 0.043870 0.093790
1 0.224264 0.022565 0.029499 0.033785
1 0.124423 0.033154 0.056728 0.060006
5 0.138794 0.978847 0.038575 0.042306