1 0.106649 0.806383 0.087766 0.110638
1 0.690691 0.525532 0.052660 0.080851
1 0.532713 0.652128 0.059043 0.108511
1 0.644415 0.410638 0.039894 0.059574
1 0.575798 0.425532 0.075000 0.127660
1 0.294149 0.430851 0.067021 0.087234
1 0.300532 0.529787 0.041489 0.072340
1 0.350983 0.420052 0.029497 0.035461
1 0.605292 0.320786 0.031097 0.045827
1 0.813762 0.094381 0.039689 0.080742
1 0.806806 0.246045 0.033142 0.060011
1 0.782460 0.276050 0.029460 0.024004
1 0.784711 0.182215 0.050327 0.040371
1 0.782051 0.136934 0.029460 0.032733
5 0.848950 0.563830 0.024959 0.038734
5 0.811716 0.581833 0.018412 0.069285
5 0.816012 0.645390 0.021277 0.061102
5 0.791667 0.614294 0.023322 0.070922
5 0.792280 0.521822 0.027005 0.052919
1 0.787370 0.841517 0.031097 0.040917
5 0.741339 0.323513 0.038871 0.042553
5 0.646618 0.375341 0.031915 0.076378
1 0.649686 0.231315 0.054419 0.041462
1 0.729474 0.106110 0.047054 0.045281
1 0.681192 0.118112 0.042144 0.057283
1 0.715357 0.157119 0.027005 0.029460
1 0.662780 0.177305 0.027414 0.038189
1 0.725791 0.216585 0.022504 0.031642
1 0.773254 0.240589 0.031506 0.050191
5 0.779187 0.251227 0.038462 0.116203
5 0.468221 0.609929 0.041735 0.111293
5 0.377796 0.483088 0.046645 0.104201
5 0.402550 0.546918 0.050327 0.105292
0 0.499734 0.501064 0.999468 0.985106