4 0.805915 0.089126 0.006051 0.020674
4 0.811777 0.082571 0.007186 0.012606
4 0.810075 0.099211 0.004538 0.019666
3 0.814424 0.120137 0.007942 0.020170
3 0.806671 0.118120 0.006807 0.013110
1 0.800809 0.084840 0.004916 0.008068
1 0.810075 0.071981 0.009833 0.006555
4 0.942440 0.072486 0.004538 0.009581
3 0.984041 0.499080 0.015127 0.032776
3 0.973451 0.494289 0.012102 0.036306
4 0.581839 0.554043 0.015506 0.018657
3 0.512631 0.406802 0.002647 0.018657
3 0.515090 0.410836 0.003782 0.007564
3 0.533432 0.393188 0.008698 0.014623
3 0.400877 0.393440 0.009076 0.039331
3 0.443045 0.398482 0.013993 0.044374
3 0.411845 0.408315 0.015127 0.044878
3 0.412034 0.414114 0.017775 0.039331
3 0.424514 0.403020 0.010967 0.036306
3 0.426216 0.447394 0.014371 0.042357
3 0.434725 0.434536 0.011724 0.036810
3 0.430754 0.389658 0.010589 0.036810
1 0.420543 0.439578 0.011346 0.014623
1 0.428863 0.433023 0.009076 0.015632
1 0.436049 0.421930 0.009833 0.008572
1 0.397285 0.368732 0.007186 0.017144
1 0.413547 0.356125 0.012480 0.010085
1 0.425649 0.383355 0.004916 0.010085
1 0.428863 0.368227 0.007564 0.013110
0 0.688791 0.500000 0.613569 1.000000