5 0.838516 0.018003 0.019640 0.028369
5 0.945104 0.312057 0.012684 0.049100
5 0.767321 0.210038 0.006547 0.010911
5 0.760366 0.209220 0.008183 0.007092
5 0.755456 0.189853 0.003273 0.017458
5 0.760366 0.188489 0.003273 0.012548
5 0.757501 0.185215 0.004910 0.019094
1 0.836470 0.149482 0.045827 0.063284
5 0.722313 0.456628 0.020458 0.046918
5 0.734384 0.425532 0.016776 0.046918
5 0.749318 0.423622 0.013093 0.047463
5 0.718631 0.428260 0.018822 0.031642
5 0.666871 0.426077 0.016776 0.045827
5 0.680169 0.435897 0.015548 0.061102
5 0.688557 0.447627 0.016776 0.054010
5 0.699400 0.445717 0.018003 0.053464
1 0.616544 0.310420 0.040507 0.060011
0 0.667819 0.297872 0.664362 0.595744