2 0.401331 0.549589 0.021993 0.089812
2 0.419884 0.590259 0.015251 0.084729
2 0.410590 0.593648 0.015728 0.047448
2 0.421075 0.580515 0.025260 0.075409
2 0.452292 0.588564 0.012392 0.064394
2 0.432037 0.591954 0.025260 0.099980
2 0.445620 0.599579 0.011438 0.044059
2 0.456820 0.670751 0.011915 0.061005
2 0.448241 0.670328 0.019541 0.053379
2 0.418931 0.651687 0.017158 0.043212
2 0.480173 0.656771 0.014775 0.072019
2 0.491135 0.649569 0.009055 0.069478
2 0.496140 0.646180 0.015251 0.059310
2 0.504242 0.651264 0.018111 0.059310
2 0.519493 0.644062 0.013345 0.063547
2 0.515442 0.661008 0.013821 0.065241
2 0.501620 0.411305 0.018587 0.061852
2 0.441569 0.371906 0.022400 0.064394
2 0.456820 0.403679 0.017634 0.072019
2 0.469927 0.396054 0.018111 0.063547
2 0.489705 0.424862 0.006196 0.080492
2 0.486369 0.428674 0.025260 0.096591
2 0.502812 0.445196 0.019064 0.043212
2 0.639596 0.179404 0.014298 0.065241
2 0.615051 0.188301 0.013821 0.072867
2 0.625774 0.175653 0.017158 0.089812
4 0.603136 0.161249 0.028119 0.081340
4 0.483986 0.084146 0.014775 0.042364
4 0.500429 0.063811 0.020017 0.052532
0 0.497331 0.070590 0.060528 0.113536
1 0.628872 0.944284 0.019541 0.105911
1 0.649604 0.835831 0.030502 0.058463
1 0.578591 0.835407 0.017158 0.049143
1 0.605996 0.857437 0.016681 0.035586
1 0.591221 0.915476 0.010009 0.075409
1 0.597417 0.915476 0.022400 0.082187
1 0.609808 0.823545 0.031932 0.083034
0 0.601230 0.874916 0.152035 0.250168
2 0.613859 0.919289 0.025736 0.064394
2 0.239649 0.732210 0.019396 0.051721
2 0.282312 0.718562 0.014547 0.079019
2 0.253219 0.737239 0.011314 0.087639
2 0.263725 0.730774 0.016163 0.140797
1 0.262513 0.428766 0.018587 0.064652
1 0.233420 0.423020 0.021820 0.070399
1 0.367976 0.307365 0.017779 0.060342
2 0.742660 0.102707 0.026451 0.100404
0 0.731699 0.183221 0.128920 0.177549
5 0.500000 0.500000 1.000000 1.000000