4 0.872097 0.009455 0.014371 0.017649
4 0.748809 0.050299 0.009076 0.038827
3 0.744081 0.031894 0.010967 0.042357
3 0.781900 0.032902 0.010967 0.032272
3 0.772824 0.039710 0.005673 0.019666
3 0.860941 0.053576 0.013993 0.023195
5 0.765071 0.027103 0.009833 0.026725
5 0.846759 0.051812 0.011346 0.021683
5 0.886090 0.219222 0.023448 0.061014
3 0.826526 0.070721 0.007186 0.029246
5 0.830686 0.297380 0.016262 0.054963
5 0.815937 0.293599 0.018531 0.064544
4 0.656909 0.467564 0.019666 0.062527
4 0.675251 0.454706 0.022313 0.063031
5 0.691324 0.451428 0.015884 0.057484
4 0.607745 0.195270 0.014371 0.042357
4 0.624764 0.206364 0.011346 0.039331
5 0.617200 0.195270 0.009833 0.017144
3 0.599047 0.201825 0.009833 0.034289
3 0.612473 0.238131 0.011724 0.035297
3 0.642160 0.195774 0.012858 0.040340
4 0.575599 0.802133 0.006051 0.015632
4 0.382535 0.486474 0.016262 0.045887
4 0.406172 0.485465 0.009076 0.037819
4 0.443802 0.363689 0.010967 0.037314
3 0.412412 0.497315 0.007942 0.032272
3 0.423001 0.360159 0.013993 0.031263
3 0.428107 0.368479 0.011346 0.038827
5 0.436238 0.370749 0.010967 0.042357
1 0.342069 0.198044 0.017775 0.025717
1 0.337720 0.173335 0.016640 0.015632
1 0.315407 0.176613 0.014371 0.015127
1 0.299145 0.201321 0.021935 0.037314
1 0.202897 0.182412 0.023069 0.027734
3 0.331858 0.068452 0.003404 0.016640
3 0.334695 0.072234 0.004538 0.018153
3 0.329022 0.068704 0.003025 0.013110
0 0.500000 0.500000 1.000000 1.000000