5 0.911961 0.778778 0.013502 0.037643
1 0.958606 0.737043 0.031506 0.040371
1 0.929351 0.763502 0.050736 0.042008
1 0.919326 0.725041 0.018412 0.043644
1 0.812534 0.865521 0.017594 0.036552
1 0.550668 0.064921 0.028232 0.048009
5 0.397436 0.150846 0.021277 0.064921
5 0.404801 0.127114 0.007365 0.033824
5 0.412780 0.145663 0.015139 0.068740
5 0.434056 0.131206 0.015139 0.028914
5 0.437534 0.168849 0.018003 0.064921
5 0.451241 0.171849 0.013502 0.056738
5 0.465562 0.213584 0.018412 0.068194
5 0.515276 0.168303 0.021277 0.042008
5 0.432624 0.343426 0.023732 0.090016
5 0.466994 0.359793 0.026187 0.079105
5 0.451855 0.343153 0.009820 0.063284
5 0.383933 0.463175 0.033552 0.074195
5 0.395595 0.490998 0.022504 0.050191
5 0.410325 0.472450 0.019231 0.074195
5 0.329719 0.416803 0.025777 0.087289
5 0.399891 0.762139 0.033552 0.105837
5 0.429555 0.793235 0.031506 0.102564
5 0.463721 0.814785 0.031097 0.087834
5 0.444694 0.687670 0.002864 0.073650
1 0.443672 0.613475 0.031097 0.032188
1 0.500955 0.643481 0.014730 0.025641
1 0.312534 0.195308 0.020049 0.026187
1 0.310284 0.236498 0.024550 0.023459
1 0.471904 0.016367 0.031097 0.032733
0 0.618883 0.498936 0.751596 0.997872