2 0.770172 0.127001 0.021863 0.095171
2 0.753492 0.141373 0.039601 0.120933
2 0.734330 0.164367 0.034492 0.081758
4 0.650017 0.167774 0.024272 0.061318
2 0.661514 0.213763 0.019162 0.098791
2 0.689618 0.211208 0.037046 0.080055
1 0.687064 0.156702 0.029382 0.073241
2 0.533129 0.259751 0.053654 0.120933
2 0.492250 0.274229 0.043434 0.068131
1 0.460313 0.232499 0.051099 0.093681
2 0.598280 0.419009 0.045989 0.051099
2 0.616164 0.364503 0.045989 0.078351
2 0.557401 0.355135 0.051099 0.083461
4 0.469256 0.452223 0.058763 0.114120
0 0.516522 0.452223 0.263158 0.516096
1 0.215525 0.691654 0.033711 0.104279
1 0.243168 0.671877 0.048544 0.107875
5 0.501618 0.513754 0.996764 0.972492