2 0.004606 0.218105 0.008900 0.017488
2 0.009290 0.206238 0.010774 0.031229
2 0.022875 0.229972 0.009837 0.021235
2 0.030604 0.222477 0.012179 0.021235
2 0.047702 0.192498 0.028574 0.016239
2 0.055899 0.222165 0.012179 0.018113
2 0.242099 0.409432 0.018269 0.031229
2 0.256620 0.422548 0.015458 0.056211
2 0.269971 0.429418 0.013116 0.032478
2 0.284960 0.420050 0.019674 0.047467
2 0.303932 0.419425 0.014521 0.032478
1 0.251936 0.359466 0.019206 0.016239
1 0.275826 0.388821 0.018269 0.022485
1 0.290581 0.381326 0.018737 0.017488
1 0.404644 0.783133 0.029511 0.044969
1 0.417994 0.715055 0.031853 0.068703
1 0.473737 0.673001 0.025295 0.058710
1 0.447036 0.713910 0.013116 0.060583
1 0.458981 0.708601 0.021079 0.064955
1 0.473737 0.721093 0.029043 0.044969
5 0.501124 0.503232 0.997752 0.993536