0 0.500000 0.500000 1.000000 1.000000
3 0.475002 0.515972 0.012858 0.055467
3 0.457416 0.520258 0.010967 0.046895
3 0.457038 0.560346 0.017775 0.041348
3 0.590727 0.642286 0.013615 0.041853
4 0.566334 0.625646 0.007942 0.026725
4 0.568603 0.643043 0.008698 0.040340
4 0.578058 0.648841 0.012480 0.042861
4 0.600182 0.625142 0.010589 0.039836
4 0.611905 0.643043 0.015127 0.034289
3 0.601127 0.661700 0.008698 0.026221
3 0.589971 0.669516 0.009833 0.012606
1 0.567468 0.604720 0.018531 0.025212
1 0.579570 0.620099 0.016262 0.026725
1 0.606233 0.614048 0.015884 0.031768
3 0.733492 0.609510 0.014749 0.044878
3 0.845624 0.621360 0.012858 0.029246
4 0.829551 0.627159 0.012480 0.028742
4 0.822366 0.658422 0.012480 0.023700
4 0.815180 0.654892 0.009455 0.024708
4 0.967589 0.847263 0.008698 0.031263
4 0.975153 0.829615 0.008698 0.016136
4 0.992550 0.838439 0.010967 0.022691
4 0.978557 0.872223 0.005673 0.012606
4 0.985553 0.871971 0.006051 0.006051
3 0.971560 0.870711 0.009833 0.019666
3 0.979691 0.850793 0.015506 0.033280
3 0.786060 0.842977 0.021557 0.035802
3 0.779820 0.907269 0.023448 0.050425
3 0.763369 0.909034 0.013237 0.041853
4 0.771878 0.895167 0.015127 0.026221
3 0.407496 0.540680 0.012480 0.014119