4 0.929146 0.532460 0.009411 0.025095
4 0.946740 0.667758 0.010229 0.018549
1 0.882706 0.929351 0.076105 0.057283
1 0.669940 0.650846 0.104746 0.077469
1 0.724973 0.449809 0.064239 0.047463
1 0.687125 0.485816 0.035188 0.066012
4 0.644776 0.420895 0.011047 0.027823
4 0.653983 0.432351 0.009820 0.037643
4 0.665030 0.426896 0.013093 0.039825
4 0.657460 0.268140 0.013502 0.032188
1 0.664416 0.378887 0.029869 0.057283
1 0.645799 0.333333 0.037643 0.053464
1 0.587493 0.296236 0.061784 0.062193
3 0.615316 0.180578 0.015957 0.036007
3 0.603655 0.181669 0.009002 0.031642
3 0.587084 0.198036 0.019231 0.038189
4 0.578492 0.408347 0.015139 0.047463
4 0.565807 0.403437 0.015957 0.034370
4 0.539416 0.470813 0.011457 0.021822
4 0.550259 0.493726 0.015139 0.052373
3 0.564989 0.483633 0.013502 0.064921
1 0.403983 0.805237 0.028642 0.033824
3 0.435079 0.639662 0.010638 0.042008
3 0.427100 0.618931 0.008592 0.035461
4 0.394776 0.605019 0.014321 0.048009
4 0.389662 0.624659 0.013912 0.050191
4 0.452264 0.279324 0.010638 0.024004
5 0.390685 0.212493 0.011866 0.032188
5 0.401937 0.218767 0.013912 0.034915
5 0.410325 0.221768 0.009411 0.028914
1 0.445513 0.127660 0.046236 0.042553
1 0.472518 0.196672 0.023322 0.054010
1 0.423418 0.160120 0.036416 0.038734
1 0.324400 0.093290 0.033961 0.043644
1 0.350177 0.136388 0.049509 0.043644
1 0.305783 0.135025 0.031915 0.034370
1 0.262207 0.141298 0.033961 0.049100
1 0.282870 0.175123 0.041735 0.040371
1 0.330537 0.226950 0.027414 0.041462
1 0.246249 0.205401 0.037234 0.043099
1 0.212084 0.220676 0.026187 0.039825
1 0.218426 0.162302 0.039689 0.046372
1 0.127796 0.193399 0.043372 0.051828
3 0.134956 0.543917 0.007774 0.016367
4 0.143140 0.544463 0.006956 0.019640
4 0.187943 0.563557 0.015548 0.028369
1 0.296986 0.853246 0.056056 0.061102
4 0.081560 0.602564 0.011457 0.026732
4 0.063762 0.607474 0.011047 0.027823
4 0.026937 0.614294 0.010229 0.017458
0 0.499202 0.500000 0.990957 0.995745