1 0.936920 0.139116 0.074059 0.094926
1 0.860611 0.081288 0.109656 0.108020
1 0.724154 0.211675 0.049509 0.066558
1 0.822968 0.234043 0.085925 0.065466
5 0.674032 0.823241 0.023732 0.064375
5 0.655005 0.808783 0.022504 0.049645
5 0.629637 0.817512 0.023322 0.060556
5 0.641298 0.813148 0.015548 0.057283
5 0.685284 0.657665 0.030687 0.049645
5 0.674441 0.566012 0.017185 0.030005
5 0.638843 0.591926 0.024550 0.057829
5 0.630456 0.639389 0.018412 0.056738
5 0.622272 0.582106 0.014321 0.017458
5 0.622886 0.589744 0.011457 0.013093
5 0.612861 0.591380 0.018412 0.022913
5 0.618794 0.607201 0.010638 0.016367
5 0.632092 0.637480 0.028232 0.062739
5 0.613066 0.617021 0.020458 0.033824
5 0.598950 0.602564 0.021686 0.058374
5 0.607133 0.639662 0.025777 0.036552
5 0.576037 0.609929 0.024959 0.074195
5 0.588925 0.596290 0.011457 0.016367
5 0.591994 0.625477 0.010229 0.055101
5 0.611634 0.710857 0.024141 0.041462
5 0.655619 0.142935 0.009820 0.032733
5 0.640071 0.127660 0.005728 0.013093
5 0.631274 0.130115 0.005319 0.013639
5 0.642117 0.102019 0.008183 0.025095
5 0.628614 0.089744 0.010638 0.022368
5 0.619817 0.077469 0.007774 0.024004
5 0.613475 0.073104 0.009002 0.027278
5 0.604269 0.081288 0.007774 0.022913
5 0.607951 0.053191 0.009411 0.033279
5 0.598131 0.038462 0.008592 0.039825
5 0.591176 0.042280 0.009411 0.037643
1 0.583811 0.115930 0.013502 0.020185
1 0.574195 0.138571 0.020458 0.017458
1 0.593221 0.090016 0.015139 0.025095
1 0.637207 0.116476 0.017185 0.018003
1 0.594654 0.172122 0.029460 0.047463
5 0.430578 0.440535 0.013093 0.034370
5 0.413598 0.286961 0.008592 0.017458
5 0.421986 0.289143 0.009820 0.018549
5 0.390889 0.261320 0.016367 0.033824
5 0.363884 0.205947 0.011457 0.035461
5 0.460038 0.127387 0.012275 0.027823
5 0.423827 0.145936 0.009411 0.021277
5 0.472518 0.128205 0.011047 0.025095
5 0.426077 0.196399 0.017185 0.044735
1 0.381683 0.350245 0.040507 0.037098
1 0.324468 0.128085 0.035745 0.040000
1 0.301809 0.215745 0.022340 0.048511
1 0.357979 0.133617 0.022340 0.022128
1 0.329574 0.357872 0.031915 0.031489
1 0.334362 0.285532 0.017234 0.041702
1 0.275000 0.351064 0.028723 0.050213
0 0.618351 0.495745 0.763298 0.991489