0 0.500000 0.500000 1.000000 1.000000
5 0.437561 0.376547 0.046139 0.121524
5 0.398041 0.269647 0.038197 0.094294
5 0.369866 0.277715 0.043870 0.132617
5 0.336775 0.260318 0.043491 0.119003
1 0.318244 0.202078 0.017775 0.030759
1 0.378375 0.188967 0.010967 0.017649
1 0.317109 0.127701 0.023069 0.020170
1 0.360411 0.308474 0.013615 0.025717
1 0.398419 0.257545 0.008698 0.017649
1 0.394070 0.317802 0.015127 0.017144
1 0.377430 0.366210 0.013615 0.019161
1 0.654262 0.494794 0.040088 0.045382
1 0.617011 0.537403 0.029877 0.041853
1 0.646888 0.534377 0.017018 0.016640
1 0.640837 0.578247 0.029877 0.043870
1 0.605854 0.613040 0.079419 0.068074
1 0.544588 0.587827 0.021935 0.027734
1 0.552530 0.711620 0.061266 0.129088
1 0.674306 0.653128 0.011346 0.018153
1 0.698321 0.672289 0.028364 0.061518
1 0.754482 0.625394 0.018153 0.023195
1 0.436049 0.008383 0.010589 0.016766