1 0.565142 0.511372 0.019417 0.103560
0 0.517180 0.504518 0.058722 0.096043
2 0.577859 0.215576 0.036016 0.114139
2 0.548498 0.340154 0.025838 0.065421
2 0.507784 0.219056 0.027404 0.123882
2 0.483904 0.228799 0.031319 0.082124
2 0.493299 0.166162 0.028187 0.062637
2 0.499563 0.072207 0.036016 0.072381
2 0.618597 0.859667 0.022844 0.069801
2 0.637515 0.864109 0.023558 0.073609
0 0.721396 0.938400 0.121359 0.123199
2 0.657147 0.895203 0.018561 0.069801
2 0.713900 0.860302 0.039263 0.065994
2 0.673209 0.888857 0.017847 0.077416
4 0.304765 0.479627 0.024272 0.065524
1 0.338476 0.466842 0.035958 0.091094
2 0.135312 0.060530 0.030565 0.051141
2 0.244985 0.016681 0.044948 0.033361
2 0.101100 0.064587 0.019293 0.071917
2 0.117281 0.052969 0.011825 0.092938
4 0.384860 0.328055 0.140475 0.083218
0 0.321602 0.276429 0.072816 0.087841
2 0.907125 0.356173 0.030968 0.063981
4 0.931816 0.263921 0.030131 0.052078
0 0.880343 0.031154 0.049381 0.062307
5 0.561017 0.501169 0.877966 0.996045