1 0.921781 0.948172 0.092062 0.096017
1 0.860406 0.813148 0.025777 0.037643
1 0.456424 0.171849 0.047872 0.091653
1 0.504296 0.135025 0.072422 0.076923
1 0.375409 0.151391 0.084697 0.093290
1 0.271072 0.174304 0.060147 0.086743
1 0.311579 0.222586 0.035597 0.127660
1 0.324468 0.729133 0.061375 0.067103
1 0.412848 0.791326 0.071195 0.096563
1 0.414075 0.604746 0.083470 0.083470
1 0.370499 0.495908 0.069967 0.075286
5 0.630115 0.599018 0.034370 0.098200
5 0.661416 0.593290 0.028232 0.090016
5 0.637480 0.354337 0.046645 0.135843
5 0.511047 0.436989 0.054010 0.140753
5 0.339812 0.560556 0.033142 0.116203
5 0.318331 0.543372 0.029460 0.068740
1 0.309124 0.592471 0.040507 0.114566
5 0.159370 0.767594 0.047872 0.111293
5 0.125614 0.751227 0.046645 0.094926
5 0.120090 0.844517 0.040507 0.098200
5 0.083265 0.802782 0.030687 0.067103
5 0.099223 0.785597 0.028232 0.045827
5 0.080196 0.866612 0.049100 0.109656
5 0.023732 0.879705 0.046645 0.135843
5 0.050736 0.873977 0.034370 0.134206
1 0.090630 0.293781 0.057692 0.099836
5 0.094313 0.049918 0.023322 0.044190
0 0.498404 0.500000 0.989362 1.000000