1 0.815398 0.015548 0.015957 0.031096
2 0.675873 0.881888 0.018412 0.032188
2 0.662370 0.961266 0.019231 0.062193
2 0.684056 0.951446 0.012684 0.049100
2 0.674032 0.934806 0.012275 0.039825
2 0.686102 0.927441 0.009411 0.044735
2 0.692239 0.917349 0.008592 0.043099
2 0.650300 0.982270 0.009002 0.032188
2 0.661757 0.992908 0.009820 0.014184
5 0.631274 0.553464 0.027414 0.095472
5 0.591994 0.570376 0.029869 0.094381
5 0.609997 0.572013 0.014321 0.095472
5 0.577878 0.592471 0.022095 0.089471
5 0.555169 0.278232 0.012684 0.038189
5 0.543508 0.277414 0.015548 0.045281
5 0.474973 0.832242 0.010229 0.031097
5 0.483156 0.828969 0.006956 0.031097
2 0.550055 0.056192 0.016367 0.052373
0 0.435106 0.495745 0.870212 0.991489