1 0.773868 0.153846 0.022095 0.031642
5 0.836266 0.295417 0.012684 0.038734
5 0.843835 0.307965 0.010638 0.034370
5 0.851609 0.312330 0.007365 0.037643
5 0.900095 0.896618 0.024141 0.067103
1 0.589130 0.278232 0.038871 0.054555
1 0.625136 0.255319 0.046236 0.036007
1 0.565194 0.330060 0.041735 0.052373
1 0.617158 0.387889 0.040098 0.036007
1 0.626978 0.335243 0.036825 0.034370
1 0.637821 0.294599 0.030687 0.043644
2 0.616544 0.292417 0.011047 0.038189
2 0.630046 0.355974 0.006956 0.027823
1 0.562330 0.558374 0.052373 0.061648
5 0.585038 0.399345 0.011047 0.025095
1 0.599973 0.762957 0.058101 0.076923
2 0.607951 0.807692 0.024959 0.044190
2 0.559670 0.779051 0.013502 0.067649
2 0.532256 0.690398 0.014321 0.067103
2 0.545758 0.698854 0.012684 0.042553
2 0.519776 0.726950 0.021277 0.023459
2 0.497068 0.721222 0.010229 0.043644
1 0.576446 0.710311 0.032324 0.038189
1 0.559875 0.744954 0.025368 0.044190
1 0.540439 0.731315 0.024141 0.028914
1 0.486634 0.744408 0.045008 0.039825
1 0.474359 0.707310 0.023732 0.027823
1 0.500750 0.692308 0.043781 0.044735
1 0.559465 0.666394 0.022095 0.037643
1 0.484793 0.652755 0.043781 0.047463
1 0.455742 0.612384 0.033142 0.051828
5 0.326650 0.381888 0.019640 0.039280
5 0.335243 0.338789 0.013912 0.049100
1 0.313557 0.410256 0.031097 0.031642
0 0.642287 0.515957 0.715426 0.968085