1 0.254618 0.942422 0.038835 0.115156
1 0.322580 0.890597 0.058252 0.195613
2 0.371932 0.833064 0.050162 0.207120
2 0.414003 0.794229 0.053398 0.267530
2 0.283745 0.454782 0.045307 0.221503
2 0.308825 0.430331 0.040453 0.235886
2 0.378405 0.418824 0.037217 0.218626
2 0.364651 0.397249 0.071197 0.284790
2 0.319343 0.385743 0.045307 0.198490
2 0.513518 0.436084 0.032362 0.241640
2 0.626787 0.457659 0.032362 0.204243
2 0.545071 0.473481 0.063107 0.316433
2 0.567725 0.543959 0.030744 0.117943
2 0.558825 0.417386 0.038835 0.158216
2 0.583906 0.477796 0.043689 0.279036
2 0.153572 0.680727 0.029666 0.092692
2 0.216948 0.699106 0.035958 0.126254
2 0.190879 0.685521 0.028767 0.118263
1 0.173349 0.664746 0.018878 0.169403
2 0.099185 0.118063 0.017979 0.079907
1 0.086600 0.131647 0.016181 0.100683
1 0.048843 0.084502 0.028767 0.073515
1 0.069969 0.095689 0.013484 0.121459
2 0.047944 0.140437 0.016181 0.063926
0 0.069519 0.106077 0.106077 0.167805
0 0.269537 0.127652 0.067422 0.127852
0 0.268189 0.296256 0.055735 0.107076
2 0.880529 0.021506 0.011825 0.043012
4 0.862791 0.013761 0.011202 0.027522
4 0.855012 0.013208 0.018048 0.026416
5 0.500405 0.500000 0.999190 1.000000