3 0.804402 0.030129 0.008320 0.018657
3 0.819340 0.004349 0.004160 0.008698
3 0.812344 0.004853 0.007564 0.009706
3 0.984041 0.162998 0.014371 0.040340
3 0.995802 0.166276 0.008396 0.037819
3 0.995802 0.190228 0.008396 0.009076
1 0.878527 0.007942 0.011346 0.012606
4 0.883254 0.429746 0.018531 0.026221
5 0.964942 0.860122 0.010211 0.030759
1 0.723092 0.756498 0.025717 0.035297
1 0.686408 0.742884 0.018909 0.023195
1 0.675441 0.786249 0.021178 0.024204
1 0.643295 0.751456 0.010589 0.019161
1 0.660691 0.769105 0.006807 0.007059
1 0.571061 0.063157 0.007564 0.014119
1 0.560472 0.085344 0.011346 0.021178
1 0.591294 0.034163 0.008698 0.010589
1 0.628924 0.061896 0.007564 0.009581
1 0.585810 0.071477 0.007564 0.010589
4 0.598858 0.095429 0.010967 0.040340
3 0.623818 0.632201 0.017775 0.048912
3 0.584487 0.666238 0.015506 0.046391
3 0.569738 0.663213 0.012480 0.049416
3 0.557068 0.651111 0.014371 0.037314
1 0.562174 0.627663 0.017775 0.018657
1 0.585621 0.633462 0.013237 0.017144
1 0.610771 0.609258 0.007564 0.012102
3 0.505824 0.061644 0.010211 0.022187
3 0.514333 0.065426 0.009833 0.033785
3 0.507526 0.076268 0.006807 0.010085
3 0.520952 0.079041 0.008698 0.043870
3 0.510740 0.086857 0.011724 0.011093
3 0.449474 0.055341 0.017775 0.049921
3 0.442289 0.022313 0.017018 0.043365
3 0.420543 0.025843 0.015127 0.043365
3 0.514144 0.067443 0.011724 0.030759
3 0.496559 0.071477 0.012102 0.019666
3 0.504879 0.065174 0.011346 0.018153
3 0.369110 0.275698 0.006051 0.023700
3 0.373081 0.273681 0.006429 0.013615
0 0.500000 0.497788 1.000000 0.995575