0 0.159246 0.481976 0.317608 0.655213
2 0.311855 0.536575 0.014162 0.099133
2 0.389302 0.448457 0.039830 0.130603
2 0.287957 0.496450 0.044256 0.107000
2 0.299906 0.546803 0.025668 0.094412
2 0.233965 0.413839 0.028324 0.092838
2 0.232637 0.491057 0.029209 0.092609
2 0.260518 0.518709 0.030094 0.147912
2 0.182186 0.503760 0.032749 0.130603
2 0.354783 0.204789 0.027438 0.067662
2 0.357438 0.141847 0.052222 0.111721
2 0.483124 0.257437 0.023898 0.075530
2 0.468962 0.174039 0.038060 0.091265
0 0.444179 0.107492 0.107099 0.214001
2 0.505518 0.167390 0.039033 0.089219
2 0.496689 0.221912 0.041822 0.066088
2 0.497154 0.523441 0.014870 0.077654
2 0.507377 0.513527 0.016729 0.090872
4 0.520853 0.502788 0.017658 0.079306
2 0.541763 0.467266 0.035316 0.084263
2 0.602637 0.387960 0.038104 0.120611
2 0.599384 0.511875 0.026022 0.090872
1 0.629124 0.511049 0.044610 0.148699
2 0.683492 0.495353 0.043680 0.140438
2 0.657005 0.403656 0.027881 0.072697
2 0.676057 0.344176 0.036245 0.152003
2 0.719737 0.411917 0.032528 0.155308
2 0.737395 0.409438 0.045539 0.127220
1 0.779682 0.333437 0.070632 0.120611
4 0.834979 0.343350 0.030669 0.107394
2 0.885165 0.301219 0.030669 0.072697
2 0.702544 0.221912 0.029740 0.099133
2 0.662581 0.175651 0.022305 0.099133
2 0.668622 0.140954 0.038104 0.115655
2 0.714626 0.031650 0.029740 0.063300
2 0.810816 0.055039 0.015799 0.056175
2 0.792693 0.062474 0.033457 0.080958
5 0.500000 0.500516 1.000000 0.998967