2 0.389715 0.416082 0.046097 0.140107
2 0.412763 0.463665 0.029740 0.137464
2 0.439901 0.476883 0.031970 0.129533
2 0.457373 0.454413 0.029740 0.058158
2 0.471871 0.429960 0.031970 0.107063
2 0.550229 0.500958 0.019541 0.022877
2 0.529020 0.523412 0.007626 0.027113
2 0.538075 0.521717 0.012392 0.035586
2 0.623625 0.409028 0.010009 0.027113
2 0.798045 0.688068 0.017158 0.049990
2 0.773739 0.698659 0.017158 0.037281
2 0.766351 0.707979 0.020494 0.030502
2 0.783271 0.702895 0.012392 0.042364
4 0.753007 0.666462 0.014775 0.023724
5 0.500000 0.497831 1.000000 0.995662