2 0.402107 0.846964 0.044610 0.224701
2 0.482962 0.787485 0.035316 0.171830
2 0.429058 0.858530 0.024164 0.247831
2 0.456939 0.827138 0.050186 0.211483
2 0.473668 0.906444 0.102230 0.092524
2 0.348203 0.387650 0.063197 0.085915
2 0.446716 0.443825 0.044610 0.251136
2 0.463445 0.478521 0.026022 0.188352
2 0.531289 0.442173 0.039033 0.201570
2 0.508054 0.521479 0.040892 0.201570
2 0.072704 0.108312 0.043371 0.156960
4 0.207462 0.042453 0.040273 0.084905
0 0.694606 0.387810 0.206010 0.539722
0 0.353063 0.338244 0.089839 0.165221
0 0.455294 0.097526 0.331475 0.195052
0 0.147053 0.144339 0.111524 0.288678
5 0.480900 0.500000 0.961799 1.000000