1 0.872287 0.105514 0.019287 0.017144
1 0.840897 0.064922 0.028364 0.020674
1 0.810642 0.076772 0.018531 0.011093
1 0.899327 0.080554 0.014371 0.019666
1 0.864723 0.077276 0.010967 0.014119
1 0.852810 0.168545 0.005295 0.005042
1 0.844679 0.344780 0.017018 0.017649
1 0.846759 0.300154 0.014371 0.020170
1 0.838250 0.321836 0.015506 0.016136
1 0.774336 0.964501 0.020800 0.033785
1 0.730278 0.978872 0.012858 0.023195
1 0.729521 0.939289 0.015127 0.024708
1 0.744270 0.895419 0.023448 0.021683
1 0.743514 0.920379 0.018909 0.017144
1 0.753725 0.935759 0.016640 0.018657
1 0.704561 0.929708 0.023448 0.024708
5 0.619847 0.376547 0.029499 0.085218
5 0.579570 0.389154 0.024582 0.076141
3 0.573141 0.484961 0.007186 0.019666
3 0.556123 0.431258 0.004160 0.011093
3 0.465547 0.527066 0.024204 0.083705
1 0.449096 0.102993 0.019287 0.027229
1 0.463656 0.132239 0.015884 0.014119
1 0.463467 0.006681 0.007942 0.009076
1 0.479729 0.013237 0.008698 0.013110
1 0.458551 0.028868 0.014749 0.014119
1 0.449096 0.047525 0.013237 0.021178
1 0.472355 0.045256 0.018153 0.013615
4 0.462900 0.024330 0.006807 0.022187
4 0.416383 0.043996 0.007564 0.017144
4 0.425270 0.051307 0.008698 0.016640
4 0.423947 0.021304 0.009833 0.014119
4 0.424136 0.032398 0.006429 0.010085
5 0.434347 0.040970 0.006429 0.009076
5 0.436427 0.049795 0.003782 0.008572
5 0.440965 0.048030 0.003782 0.012102
5 0.447016 0.060132 0.006807 0.019161
4 0.431889 0.016514 0.006051 0.012606
4 0.460820 0.114590 0.012480 0.023195
1 0.388019 0.189976 0.032524 0.064040
1 0.346797 0.182664 0.030255 0.032272
1 0.340935 0.220735 0.028364 0.038827
1 0.391423 0.255780 0.022691 0.033280
1 0.417518 0.243426 0.020422 0.019666
1 0.411278 0.268386 0.015506 0.020170
1 0.431132 0.264100 0.008320 0.010589
1 0.345473 0.099715 0.011724 0.012606
1 0.355684 0.098707 0.006429 0.009581
1 0.324106 0.069208 0.019666 0.014119
1 0.312949 0.084840 0.011724 0.010085
1 0.343771 0.080049 0.018909 0.011598
1 0.314462 0.221743 0.018531 0.017649
1 0.357008 0.286287 0.021178 0.014623
1 0.347364 0.318811 0.035928 0.044374
4 0.259814 0.233845 0.012858 0.033785
5 0.240337 0.180647 0.007186 0.027229
1 0.090576 0.680609 0.016262 0.031768
1 0.047841 0.116607 0.017775 0.018153
1 0.025906 0.127197 0.017775 0.016136
3 0.035171 0.252754 0.008320 0.021178
3 0.042546 0.255528 0.007186 0.017649
3 0.009833 0.228046 0.006807 0.013110
3 0.013426 0.227290 0.006429 0.012606
3 0.001891 0.232585 0.003782 0.012102
4 0.110241 0.678592 0.007942 0.007564
4 0.106459 0.685652 0.007942 0.006555
4 0.089441 0.718428 0.011724 0.017649
0 0.500000 0.497788 1.000000 0.995575