1 0.738271 0.194217 0.039280 0.064375
3 0.735611 0.183306 0.008592 0.032733
5 0.150300 0.275505 0.012275 0.050191
5 0.194285 0.368249 0.020049 0.048009
5 0.195717 0.260502 0.029460 0.063830
3 0.221290 0.329787 0.038052 0.052919
3 0.230496 0.290507 0.018003 0.078014
3 0.244203 0.305510 0.020867 0.065466
3 0.167690 0.280415 0.029051 0.078560
5 0.051282 0.794053 0.018822 0.038734
3 0.011525 0.792144 0.023050 0.037098
3 0.025300 0.838789 0.012684 0.036552
3 0.032460 0.805237 0.016367 0.032733
0 0.498936 0.436170 0.997872 0.872340
3 0.285790 0.349240 0.015957 0.054103
3 0.255699 0.306383 0.015957 0.041337