0 0.500000 0.500000 1.000000 1.000000
5 0.458173 0.374783 0.032146 0.096816
5 0.477082 0.364445 0.038197 0.090260
5 0.504690 0.373018 0.045004 0.074124
5 0.443612 0.347301 0.016640 0.073116
5 0.478216 0.412853 0.026851 0.034793
1 0.924098 0.673045 0.054081 0.058997
1 0.975910 0.702544 0.032902 0.030255
1 0.956055 0.736833 0.035550 0.047399
1 0.982944 0.809949 0.034112 0.053450
1 0.949815 0.819025 0.017018 0.024204
1 0.873988 0.713133 0.045382 0.031263
1 0.842977 0.689686 0.020422 0.019666
1 0.816504 0.698006 0.022691 0.031263
1 0.854323 0.960467 0.031768 0.039836
1 0.770554 0.743136 0.025338 0.022691
1 0.757696 0.720193 0.013993 0.024204
1 0.752023 0.689181 0.043491 0.032776
1 0.465169 0.980637 0.038575 0.025717
1 0.424892 0.215944 0.015506 0.021178
1 0.373081 0.230568 0.037440 0.044374
1 0.427161 0.086605 0.018531 0.034793
1 0.310491 0.221743 0.037062 0.037819
1 0.261138 0.225273 0.010967 0.020674
1 0.275887 0.204599 0.014749 0.019666
1 0.278534 0.225777 0.013237 0.013615
5 0.276265 0.243930 0.017775 0.040844
5 0.267189 0.267630 0.020800 0.036810
1 0.282316 0.275194 0.015506 0.013615
1 0.320891 0.295616 0.041979 0.046391
1 0.256221 0.299902 0.014749 0.022691
1 0.252250 0.319567 0.017397 0.022691
1 0.101354 0.933490 0.037819 0.036306
1 0.137660 0.844490 0.023448 0.036810
1 0.119318 0.861634 0.013993 0.018657
1 0.100598 0.812974 0.033280 0.025212
1 0.076015 0.848524 0.041600 0.043870
1 0.028364 0.861130 0.037062 0.032776
1 0.053513 0.891637 0.025338 0.037314