1 0.815251 0.054635 0.030266 0.049668
5 0.802679 0.110821 0.016297 0.044080
5 0.898134 0.361954 0.006985 0.027317
5 0.909077 0.363817 0.014900 0.024834
5 0.571258 0.450736 0.006985 0.023592
5 0.564972 0.445769 0.008381 0.019867
5 0.484882 0.437698 0.013969 0.038493
3 0.497687 0.441733 0.018160 0.035388
3 0.373828 0.107096 0.017229 0.044080
3 0.394782 0.053083 0.012572 0.031663
4 0.209924 0.032284 0.020954 0.050910
4 0.225523 0.042839 0.021419 0.044701
4 0.198982 0.039424 0.019557 0.031663
5 0.099801 0.194015 0.017694 0.037872
5 0.113538 0.207984 0.013503 0.039734
5 0.694884 0.250512 0.011175 0.019246
0 0.498789 0.366828 0.997578 0.733656