0 0.500000 0.500000 1.000000 1.000000
5 0.505446 0.625898 0.020800 0.063535
5 0.484835 0.637244 0.015884 0.069082
5 0.484457 0.613292 0.020422 0.041348
5 0.467816 0.631697 0.019666 0.072108
5 0.449663 0.628419 0.021178 0.058493
5 0.522464 0.397474 0.024582 0.066561
5 0.510173 0.391675 0.021178 0.054963
5 0.493722 0.404785 0.027608 0.081184
5 0.549315 0.304692 0.026851 0.038323
5 0.532297 0.302171 0.016262 0.068578
5 0.559905 0.299397 0.017018 0.032776
5 0.523977 0.263848 0.034415 0.062527
1 0.545534 0.208885 0.042735 0.052442
1 0.478216 0.207624 0.010211 0.010589
1 0.459874 0.195018 0.009076 0.011598
1 0.456849 0.157704 0.010589 0.010589
1 0.438885 0.173587 0.004160 0.011093
5 0.467627 0.732042 0.008698 0.011598
5 0.467627 0.746414 0.023826 0.023195
5 0.455336 0.746666 0.012858 0.032776
5 0.448907 0.754482 0.009076 0.031263
5 0.443802 0.750952 0.007186 0.031263
5 0.433969 0.752969 0.010967 0.030255