2 0.599970 0.784862 0.033795 0.093125
2 0.620811 0.808394 0.020277 0.094126
2 0.631794 0.796378 0.025346 0.074099
4 0.651790 0.786865 0.047313 0.077103
4 0.653708 0.736798 0.032000 0.091122
2 0.638448 0.688734 0.034358 0.093125
0 0.785284 0.386089 0.092937 0.179907
2 0.397350 0.542211 0.031456 0.132177
4 0.435094 0.415438 0.022433 0.068367
4 0.414263 0.444494 0.021792 0.064949
2 0.326133 0.256484 0.012178 0.069507
4 0.305303 0.437088 0.019228 0.038741
4 0.284472 0.458168 0.016024 0.051275
4 0.304982 0.208057 0.022433 0.056973
4 0.295332 0.127530 0.096035 0.176236
1 0.818463 0.784180 0.037175 0.118959
1 0.850991 0.772615 0.042751 0.194961
5 0.500000 0.502169 1.000000 0.995662