3 0.569858 0.589300 0.020113 0.030392
3 0.525610 0.561589 0.010727 0.019666
3 0.548404 0.683606 0.010727 0.056315
3 0.562148 0.675561 0.010056 0.036650
1 0.555444 0.654554 0.018101 0.021453
1 0.536672 0.591088 0.010056 0.010727
1 0.521252 0.593323 0.008715 0.008045
1 0.550416 0.525834 0.012068 0.007151
1 0.551757 0.560695 0.008045 0.012515
3 0.556449 0.602709 0.014749 0.039331
3 0.532985 0.610754 0.026817 0.032180
5 0.510190 0.589300 0.016090 0.041119
3 0.788415 0.552203 0.016090 0.036650
3 0.777688 0.508850 0.008045 0.025029
3 0.767967 0.515554 0.010056 0.022347
0 0.500000 0.497050 1.000000 0.993117