2 0.528819 0.028274 0.024214 0.022485
2 0.509145 0.513709 0.025511 0.047852
2 0.522333 0.506214 0.018161 0.036321
2 0.527522 0.489207 0.019890 0.046122
2 0.553033 0.458075 0.022485 0.055347
2 0.567086 0.464993 0.018593 0.039204
2 0.580490 0.435013 0.011675 0.046122
2 0.565140 0.423483 0.030268 0.025367
2 0.597498 0.313751 0.013404 0.038051
0 0.395746 0.028196 0.116956 0.055123
0 0.569729 0.203358 0.094653 0.158842
0 0.570908 0.892884 0.116956 0.147237
0 0.752326 0.974119 0.095741 0.048596
5 0.503654 0.503232 0.992692 0.993536