1 0.716474 0.034415 0.051055 0.064544
2 0.717230 0.114338 0.019287 0.027734
2 0.728387 0.108035 0.006807 0.020170
2 0.684517 0.112826 0.015884 0.016640
2 0.675630 0.123667 0.013993 0.025212
1 0.738598 0.342511 0.072612 0.077654
1 0.679790 0.537655 0.029120 0.030255
1 0.663339 0.561354 0.040088 0.047399
1 0.618524 0.528326 0.012480 0.018657
1 0.606043 0.556816 0.015506 0.029246
1 0.574654 0.560094 0.020800 0.028742
1 0.557825 0.540932 0.016640 0.017649
2 0.657855 0.637748 0.047273 0.129592
2 0.622116 0.627159 0.020422 0.090260
2 0.597723 0.640521 0.036684 0.139173
2 0.570494 0.619343 0.035171 0.133122
2 0.413358 0.550513 0.046895 0.068074
2 0.498449 0.621360 0.030255 0.133122
2 0.472355 0.607997 0.053702 0.145728
2 0.443991 0.610014 0.043870 0.160855
2 0.505257 0.725235 0.053702 0.121020
2 0.442856 0.731034 0.040844 0.092277
2 0.650291 0.637244 0.061644 0.140685
5 0.590160 0.695989 0.046517 0.049416
5 0.544966 0.681366 0.034037 0.035297
5 0.538537 0.625142 0.054459 0.086226
2 0.537403 0.554295 0.037062 0.131105
2 0.509039 0.540176 0.018909 0.037314
1 0.475002 0.557825 0.026473 0.020170
1 0.471031 0.708091 0.013237 0.012102
3 0.475380 0.717671 0.020422 0.043365
5 0.400310 0.788770 0.045004 0.142198
1 0.431132 0.496054 0.011346 0.013615
1 0.279480 0.008383 0.026473 0.016766
1 0.243930 0.045508 0.012102 0.013110
1 0.245065 0.017018 0.014371 0.013615
2 0.288934 0.061392 0.031768 0.104379
5 0.319756 0.049290 0.037440 0.091269
2 0.257167 0.072990 0.027986 0.066057
3 0.262650 0.129214 0.032146 0.061518
3 0.241661 0.102488 0.019666 0.068578
3 0.025149 0.048030 0.049542 0.095807
3 0.057484 0.069712 0.027986 0.043365
3 0.023069 0.134004 0.046138 0.096311
3 0.039520 0.164007 0.017775 0.052442
2 0.017207 0.199304 0.034414 0.047399
0 0.500000 0.439036 1.000000 0.877089