1 0.803123 0.201582 0.031506 0.026732
1 0.824400 0.883524 0.031506 0.037643
1 0.885979 0.961811 0.036007 0.040371
2 0.798827 0.936170 0.021277 0.040371
2 0.834834 0.971358 0.015548 0.037643
2 0.819285 0.961266 0.011457 0.048009
1 0.737452 0.374250 0.020458 0.025095
5 0.754023 0.905074 0.011866 0.028369
5 0.559670 0.608838 0.015957 0.045827
2 0.464334 0.397436 0.019231 0.024550
2 0.439989 0.419258 0.013912 0.038734
2 0.453492 0.415439 0.013093 0.040917
2 0.375750 0.430987 0.027823 0.049100
2 0.362043 0.391980 0.016776 0.035461
5 0.382297 0.456356 0.020458 0.057283
5 0.405619 0.468358 0.024550 0.062739
5 0.422190 0.448445 0.018412 0.063284
2 0.271618 0.400436 0.011047 0.037098
2 0.282460 0.396345 0.018003 0.038734
2 0.294531 0.378887 0.012684 0.039825
5 0.118590 0.526459 0.011866 0.030551
5 0.133524 0.519367 0.011457 0.016367
5 0.096290 0.802237 0.037643 0.068194
5 0.054146 0.695581 0.026187 0.063284
1 0.239907 0.148936 0.031915 0.058920
2 0.652960 0.238953 0.006137 0.018549
5 0.795554 0.150300 0.007365 0.018003
0 0.499202 0.498936 0.994149 0.993617