0 0.500000 0.500000 1.000000 1.000000
1 0.905567 0.491264 0.015506 0.033280
4 0.921640 0.480423 0.018909 0.056980
1 0.896680 0.453445 0.015884 0.014119
1 0.936767 0.452185 0.016640 0.036810
1 0.762991 0.565893 0.021557 0.039331
1 0.761100 0.532864 0.010967 0.019666
4 0.740678 0.592366 0.027608 0.034793
4 0.696997 0.472102 0.015127 0.032272
1 0.678466 0.494289 0.020422 0.021178
1 0.785493 0.427224 0.031011 0.038323
1 0.701157 0.460253 0.012858 0.012606
5 0.747296 0.533117 0.015884 0.040340
1 0.747485 0.519250 0.008698 0.008572
5 0.733114 0.545471 0.023069 0.056980
5 0.718365 0.533117 0.029120 0.035297
5 0.782845 0.505131 0.025717 0.055972
5 0.575032 0.508408 0.017775 0.032272
5 0.558392 0.519754 0.021557 0.048912
5 0.509039 0.582281 0.006051 0.024708
5 0.519628 0.570935 0.018909 0.064544
1 0.511119 0.552026 0.010211 0.011598
4 0.541184 0.516224 0.021935 0.055972
4 0.539104 0.548748 0.023069 0.032272
3 0.493344 0.584046 0.021557 0.039331
4 0.184555 0.468321 0.017397 0.018657
4 0.159973 0.437057 0.031768 0.061014
5 0.122154 0.421678 0.021935 0.055467
1 0.179638 0.463026 0.066561 0.085722
1 0.169049 0.395457 0.040088 0.036306
1 0.123289 0.408063 0.043113 0.088748
1 0.094547 0.428737 0.039331 0.060510
1 0.074881 0.475884 0.031768 0.033785
1 0.094925 0.512190 0.023448 0.026725
1 0.063724 0.512947 0.034415 0.037314