5 0.860406 0.498363 0.011866 0.032188
5 0.902960 0.503001 0.008592 0.012002
5 0.744203 0.262957 0.010229 0.033824
5 0.762616 0.262684 0.013502 0.034370
5 0.750341 0.293235 0.009411 0.024550
5 0.759752 0.290235 0.003682 0.027278
5 0.756069 0.304146 0.004501 0.018003
5 0.765071 0.285597 0.009411 0.021277
5 0.772231 0.290235 0.005728 0.021822
5 0.775709 0.288871 0.010229 0.034370
5 0.783279 0.286416 0.009820 0.020731
5 0.744613 0.335243 0.009411 0.028914
5 0.746454 0.355974 0.004910 0.024550
5 0.738066 0.363339 0.006956 0.025095
5 0.750546 0.332515 0.010638 0.033279
5 0.756478 0.329787 0.010229 0.022368
5 0.762616 0.330333 0.006956 0.020185
5 0.762616 0.346154 0.011047 0.022368
5 0.771618 0.340426 0.010229 0.026187
5 0.754842 0.375068 0.007774 0.030005
5 0.762002 0.368249 0.004910 0.017458
5 0.769163 0.369067 0.006956 0.015821
5 0.764866 0.382979 0.008183 0.012002
5 0.737043 0.404801 0.006547 0.012002
5 0.742362 0.407529 0.006547 0.012002
5 0.749113 0.420349 0.006137 0.022368
5 0.750546 0.435079 0.004910 0.019094
5 0.757501 0.431260 0.005728 0.023459
5 0.763639 0.428532 0.005728 0.018003
5 0.867771 0.669122 0.012684 0.043099
5 0.880865 0.626296 0.011047 0.042553
5 0.894776 0.658756 0.008592 0.038734
5 0.961879 0.677851 0.007774 0.027823
5 0.946740 0.683852 0.010229 0.033279
5 0.952264 0.694763 0.014730 0.031097
5 0.958402 0.706765 0.009002 0.031097
5 0.759956 0.757229 0.013093 0.026187
5 0.741748 0.663393 0.014321 0.029460
5 0.780005 0.790780 0.004910 0.012548
5 0.769981 0.799782 0.006956 0.027278
5 0.778369 0.807965 0.007365 0.030551
5 0.784915 0.801691 0.009002 0.022368
5 0.789825 0.769776 0.014730 0.025095
5 0.918508 0.739498 0.009411 0.040917
5 0.907665 0.758592 0.011457 0.043099
5 0.891094 0.805237 0.011047 0.025095
5 0.902960 0.809329 0.018412 0.031097
5 0.919735 0.817239 0.012684 0.018549
5 0.920963 0.806328 0.007774 0.021822
5 0.927714 0.795145 0.009820 0.038734
5 0.962902 0.765412 0.006547 0.028369
5 0.982338 0.815057 0.008592 0.022913
5 0.938762 0.841244 0.008183 0.025095
5 0.977019 0.851064 0.011866 0.030551
5 0.883933 0.774414 0.017185 0.023459
5 0.897640 0.770867 0.006137 0.021822
5 0.869613 0.907256 0.013093 0.040371
5 0.887821 0.895254 0.011866 0.040371
5 0.911348 0.899891 0.014730 0.036552
5 0.940807 0.904255 0.013912 0.039825
5 0.929146 0.903710 0.006956 0.046372
5 0.707379 0.840971 0.021686 0.064921
5 0.682829 0.562466 0.014321 0.060011
5 0.692444 0.586743 0.012275 0.048554
2 0.770390 0.596836 0.011047 0.039280
2 0.763434 0.605565 0.007774 0.024004
2 0.739907 0.614566 0.009002 0.023459
2 0.758115 0.579924 0.016776 0.020731
5 0.871045 0.720676 0.015957 0.029460
2 0.731315 0.602837 0.014730 0.021822
2 0.724564 0.621386 0.006956 0.016367
2 0.749932 0.609384 0.006137 0.022913
2 0.757706 0.627932 0.006956 0.020731
5 0.659915 0.367976 0.010229 0.037643
5 0.668712 0.367976 0.011457 0.030005
5 0.667076 0.399618 0.006547 0.027823
5 0.700218 0.395799 0.007365 0.025641
5 0.706356 0.394981 0.008183 0.021822
5 0.729883 0.371795 0.008592 0.028914
5 0.722722 0.371795 0.008183 0.028914
5 0.716585 0.372340 0.006547 0.026732
5 0.688557 0.484724 0.009411 0.021277
5 0.683442 0.487452 0.009002 0.027823
5 0.644981 0.469995 0.010638 0.033279
5 0.649686 0.435897 0.013502 0.034915
5 0.646822 0.422531 0.010229 0.033279
5 0.639662 0.435352 0.011457 0.040371
5 0.628819 0.428260 0.015957 0.044735
5 0.623295 0.425259 0.011457 0.015821
5 0.623909 0.462084 0.011047 0.018549
5 0.632092 0.469176 0.007774 0.026187
5 0.617771 0.484179 0.011047 0.021277
5 0.596495 0.428805 0.008592 0.037098
5 0.571331 0.456083 0.009820 0.038189
5 0.591380 0.352428 0.012275 0.049100
5 0.565603 0.350518 0.010638 0.049645
5 0.580742 0.367703 0.007365 0.034915
5 0.542894 0.393617 0.010229 0.035461
5 0.549850 0.394981 0.011866 0.033824
5 0.691421 0.271686 0.006956 0.032733
5 0.697559 0.270049 0.006137 0.027278
5 0.703082 0.261866 0.009002 0.028369
5 0.698786 0.288871 0.008592 0.025641
5 0.704514 0.296508 0.007774 0.020185
5 0.709220 0.283415 0.008183 0.027823
5 0.714744 0.286688 0.007774 0.031097
5 0.569490 0.410529 0.012684 0.037643
5 0.578287 0.419258 0.005728 0.040917
5 0.588312 0.405892 0.015139 0.030551
5 0.584220 0.433442 0.007774 0.038734
5 0.583402 0.244954 0.017594 0.049100
5 0.612043 0.231315 0.011866 0.040371
5 0.621249 0.228860 0.008183 0.045281
5 0.628614 0.231588 0.009002 0.043099
5 0.666053 0.204310 0.010229 0.038734
5 0.577264 0.181124 0.005319 0.021822
5 0.582788 0.190125 0.007365 0.031097
5 0.588721 0.192308 0.006137 0.025641
5 0.593631 0.193126 0.006956 0.025095
5 0.599973 0.196672 0.004910 0.021277
5 0.617976 0.133388 0.011457 0.024550
5 0.610816 0.073923 0.006956 0.030005
5 0.617771 0.068467 0.010229 0.028914
1 0.624113 0.094381 0.031097 0.049100
2 0.675464 0.121113 0.010229 0.029460
2 0.700627 0.095472 0.007365 0.016367
2 0.705128 0.106656 0.010638 0.031097
2 0.696331 0.127387 0.007774 0.023459
2 0.699195 0.139389 0.006956 0.020185
2 0.703696 0.139389 0.006956 0.019094
2 0.707583 0.142117 0.008183 0.019094
2 0.712084 0.112657 0.006547 0.020185
2 0.719449 0.106929 0.006547 0.017458
2 0.723745 0.099564 0.006956 0.014730
5 0.491748 0.212220 0.010229 0.025095
5 0.503205 0.216312 0.007774 0.032188
5 0.532256 0.219040 0.007774 0.034370
5 0.518140 0.214130 0.013912 0.025641
5 0.518344 0.227769 0.007774 0.033279
5 0.526937 0.229133 0.007774 0.031642
5 0.510979 0.226950 0.007774 0.028369
5 0.492976 0.265139 0.011047 0.031642
5 0.500546 0.264866 0.008183 0.032188
5 0.488884 0.300327 0.009411 0.035461
5 0.487657 0.385161 0.012684 0.031642
5 0.510366 0.471904 0.009002 0.019640
5 0.505251 0.473813 0.007774 0.019094
5 0.433647 0.367430 0.008592 0.035461
5 0.441217 0.372613 0.009820 0.028369
5 0.448582 0.361975 0.007365 0.028914
5 0.416258 0.504910 0.012275 0.027823
5 0.425055 0.491271 0.008592 0.046372
5 0.434670 0.486361 0.013093 0.042008
5 0.443262 0.494817 0.009820 0.043644
5 0.452059 0.487998 0.012684 0.039825
5 0.459015 0.480906 0.006137 0.035461
5 0.473541 0.571468 0.012275 0.031097
5 0.487043 0.537098 0.011457 0.032188
5 0.487452 0.549918 0.008183 0.021822
5 0.511184 0.572013 0.009002 0.028914
5 0.551487 0.633933 0.007774 0.028369
5 0.543917 0.645390 0.013912 0.034915
5 0.596699 0.845881 0.059738 0.057283
5 0.572149 0.456901 0.000000 0.003819
5 0.541053 0.210857 0.000000 0.003819
5 0.591380 0.248500 0.000000 0.331151
5 0.726405 0.906165 0.006547 0.022913
5 0.389866 0.130660 0.008592 0.038734
5 0.401528 0.146481 0.009820 0.027823
5 0.355906 0.050736 0.018412 0.033824
5 0.360816 0.071468 0.007774 0.015276
5 0.366953 0.062193 0.006137 0.020731
5 0.372272 0.064648 0.008592 0.025641
5 0.257092 0.015276 0.010638 0.030551
5 0.266912 0.016912 0.009820 0.031642
5 0.278778 0.027550 0.009002 0.036552
5 0.263025 0.058101 0.011866 0.038734
5 0.272436 0.058101 0.009411 0.026732
5 0.295145 0.036007 0.013093 0.042553
5 0.319081 0.105019 0.011866 0.048554
5 0.310897 0.103110 0.015957 0.050191
5 0.302305 0.120022 0.014321 0.045827
5 0.289416 0.159574 0.008183 0.035461
5 0.297804 0.160393 0.012684 0.036007
5 0.305169 0.155210 0.015957 0.035461
5 0.368590 0.134752 0.011047 0.040371
5 0.390276 0.207038 0.010229 0.043099
5 0.398459 0.236498 0.011047 0.038734
5 0.408074 0.236770 0.009820 0.028369
5 0.418303 0.235679 0.008183 0.030551
5 0.399891 0.190125 0.010638 0.023459
5 0.406438 0.196945 0.013912 0.033824
5 0.416667 0.187125 0.013093 0.038189
5 0.429760 0.196399 0.009820 0.040371
5 0.433647 0.227223 0.010229 0.045281
5 0.439785 0.231588 0.009411 0.046372
5 0.445308 0.230496 0.008183 0.039825
5 0.453492 0.234043 0.007365 0.043644
5 0.334629 0.330606 0.007774 0.060011
5 0.343426 0.325150 0.010638 0.040371
5 0.351405 0.352700 0.015139 0.016912
5 0.372886 0.340426 0.015548 0.042553
5 0.385570 0.341244 0.007365 0.033279
5 0.351200 0.943808 0.013912 0.046918
5 0.336061 0.937807 0.015548 0.038189
1 0.348336 0.936716 0.016367 0.052373
5 0.271822 0.255046 0.006547 0.034370
5 0.280824 0.253955 0.011457 0.037643
5 0.290030 0.239771 0.014321 0.019094
5 0.302305 0.247954 0.010229 0.020185
5 0.293303 0.266230 0.011047 0.033824
5 0.304965 0.272504 0.008183 0.028914
5 0.181806 0.775505 0.011457 0.035461
5 0.156438 0.780687 0.009002 0.041462
5 0.170145 0.786416 0.013502 0.042008
5 0.170349 0.702400 0.009002 0.044190
5 0.180374 0.713039 0.008592 0.045827
5 0.188557 0.717403 0.007774 0.051282
5 0.195513 0.713857 0.011866 0.042008
5 0.202059 0.695854 0.018412 0.036552
5 0.216176 0.691489 0.015548 0.036552
5 0.203696 0.633115 0.012684 0.044190
5 0.215357 0.629296 0.009002 0.038734
5 0.218835 0.507911 0.015957 0.028369
5 0.237043 0.404255 0.010638 0.040371
5 0.219858 0.403983 0.009820 0.033279
5 0.210038 0.409165 0.008183 0.036007
5 0.202673 0.399891 0.008183 0.037098
5 0.197559 0.408893 0.010229 0.040917
5 0.187943 0.400982 0.011457 0.046918
5 0.191626 0.130660 0.009820 0.028914
5 0.263230 0.110202 0.015548 0.041462
5 0.058442 0.065194 0.008592 0.020185
5 0.050055 0.076378 0.005728 0.025095
5 0.080947 0.061920 0.011866 0.013639
5 0.071740 0.084834 0.013093 0.018003
5 0.078082 0.080469 0.011866 0.019094
5 0.037370 0.193944 0.011457 0.026732
5 0.024686 0.181669 0.009820 0.025095
5 0.013025 0.253137 0.010229 0.032733
5 0.024277 0.252864 0.007365 0.025641
5 0.023663 0.297872 0.009411 0.028369
5 0.028778 0.310147 0.007365 0.034370
5 0.034302 0.311238 0.016776 0.046372
5 0.043712 0.321331 0.007774 0.040371
5 0.051077 0.314512 0.012684 0.047463
5 0.065398 0.313421 0.013502 0.044190
5 0.088721 0.321604 0.017594 0.045281
5 0.028778 0.445717 0.015548 0.026187
5 0.035734 0.453628 0.010638 0.025641
5 0.041871 0.462357 0.011457 0.034370
5 0.045963 0.437261 0.014730 0.023459
5 0.100382 0.456628 0.011457 0.029460
5 0.082583 0.466994 0.008592 0.029460
5 0.074400 0.474632 0.011047 0.031642
5 0.057010 0.466448 0.016367 0.018549
5 0.059056 0.450900 0.011457 0.022368
5 0.005865 0.373977 0.011457 0.034370
5 0.018140 0.397436 0.010638 0.042008
5 0.007501 0.402619 0.011457 0.036007
1 0.140160 0.685106 0.039894 0.055319
0 0.497340 0.500000 0.994680 1.000000