5 0.893753 0.142117 0.005728 0.019094
5 0.888025 0.137752 0.004910 0.021277
5 0.757297 0.570104 0.011866 0.013093
5 0.769981 0.570922 0.011866 0.015821
5 0.750750 0.561648 0.011866 0.020185
5 0.878205 0.693672 0.009002 0.030005
5 0.975177 0.656301 0.009820 0.024004
5 0.969858 0.869885 0.005728 0.027823
5 0.976814 0.864157 0.007365 0.024004
5 0.677510 0.584561 0.011047 0.036552
5 0.669326 0.575014 0.008592 0.030551
5 0.658483 0.578287 0.014730 0.029460
5 0.708197 0.250682 0.012684 0.039825
5 0.505046 0.111020 0.022095 0.045281
5 0.515480 0.191489 0.022504 0.054555
5 0.550668 0.598745 0.010229 0.028914
5 0.535734 0.596290 0.010638 0.021822
5 0.549441 0.627387 0.015957 0.036007
5 0.533074 0.623022 0.014321 0.031642
5 0.519367 0.616748 0.013912 0.036552
5 0.520185 0.635297 0.013093 0.022368
5 0.508933 0.668303 0.009411 0.033824
5 0.502796 0.633661 0.014321 0.033279
5 0.507501 0.601200 0.010638 0.026187
5 0.521413 0.669122 0.009820 0.022368
5 0.405415 0.477087 0.016776 0.056192
3 0.380456 0.472177 0.018412 0.038734
5 0.371045 0.497818 0.016776 0.030005
5 0.367158 0.474905 0.007365 0.021277
5 0.356724 0.490726 0.018412 0.044190
5 0.344449 0.489634 0.012684 0.047463
1 0.381683 0.013639 0.020867 0.021822
1 0.182829 0.614566 0.014321 0.040917
1 0.092812 0.274141 0.069149 0.072559
0 0.500000 0.501064 0.995745 0.997872