3 0.919560 0.373522 0.016262 0.028742
3 0.920883 0.362428 0.014371 0.010589
3 0.927880 0.372009 0.013237 0.027734
3 0.896112 0.582281 0.014749 0.024708
5 0.770365 0.652623 0.021935 0.058493
5 0.764125 0.621612 0.019287 0.045887
5 0.746540 0.634470 0.020422 0.058493
4 0.707397 0.859113 0.022313 0.032776
3 0.701914 0.259814 0.009076 0.018153
3 0.792867 0.163755 0.009455 0.024708
3 0.786438 0.193757 0.009455 0.022187
3 0.775093 0.191236 0.009455 0.027229
3 0.769798 0.184933 0.010211 0.023700
3 0.740678 0.188715 0.014749 0.013110
3 0.766394 0.230315 0.011724 0.025717
5 0.782656 0.190732 0.006429 0.015127
5 0.697754 0.215188 0.011346 0.033785
3 0.551206 0.943070 0.020800 0.027229
1 0.554799 0.941558 0.013615 0.016136
1 0.566523 0.921388 0.010589 0.009076
1 0.534566 0.933238 0.008698 0.013615
1 0.497693 0.787006 0.009833 0.008572
1 0.512442 0.772634 0.018153 0.037314
1 0.540050 0.741875 0.023448 0.040340
1 0.546668 0.783728 0.006429 0.012102
3 0.618713 0.575473 0.016640 0.041348
3 0.605665 0.569675 0.018531 0.037819
3 0.612094 0.484961 0.023826 0.048912
5 0.576545 0.572952 0.017775 0.039331
5 0.589025 0.539167 0.013993 0.030255
4 0.495046 0.988428 0.023448 0.023144
1 0.509795 0.983158 0.007564 0.008572
1 0.476136 0.974838 0.008320 0.012102
1 0.412412 0.989209 0.005673 0.008572
1 0.419030 0.964753 0.006807 0.010085
5 0.170373 0.776164 0.015506 0.024204
5 0.155056 0.788014 0.015884 0.029751
5 0.103812 0.767844 0.024582 0.020674
5 0.080932 0.769105 0.018909 0.026221
5 0.135958 0.703048 0.018531 0.029246
0 0.507375 0.526794 0.985250 0.946411