5 0.743181 0.119476 0.021277 0.048009
5 0.705333 0.139935 0.006956 0.028914
5 0.721086 0.136934 0.022913 0.044735
5 0.722722 0.105019 0.029460 0.048554
5 0.956356 0.223404 0.009820 0.020185
5 0.926691 0.229951 0.022504 0.026732
5 0.942649 0.243044 0.009411 0.021277
5 0.986839 0.290235 0.013502 0.020731
5 0.992703 0.267594 0.014594 0.012548
5 0.956560 0.325696 0.009411 0.021822
5 0.968631 0.329514 0.007365 0.020731
5 0.787984 0.367976 0.013502 0.034370
5 0.761593 0.480087 0.022913 0.026187
5 0.785938 0.483633 0.030687 0.032188
5 0.870226 0.459083 0.030687 0.028914
5 0.886184 0.477632 0.026596 0.022368
5 0.914416 0.451446 0.024959 0.031097
5 0.886593 0.456628 0.012684 0.021822
1 0.912984 0.555101 0.034370 0.072559
1 0.882092 0.550736 0.026596 0.034370
1 0.884956 0.506819 0.067512 0.046918
2 0.903164 0.561375 0.017185 0.015276
2 0.879228 0.557829 0.009411 0.015821
2 0.857133 0.487452 0.009411 0.012548
1 0.859384 0.622204 0.029460 0.054010
1 0.904392 0.606383 0.030278 0.050736
1 0.590971 0.805510 0.031915 0.058374
1 0.603041 0.750955 0.036416 0.060556
1 0.641708 0.731315 0.035188 0.076923
1 0.613884 0.661757 0.031097 0.026187
1 0.595881 0.558920 0.016367 0.033279
1 0.633933 0.572013 0.037643 0.076923
1 0.722722 0.692035 0.032733 0.035461
1 0.732951 0.726405 0.034370 0.046372
5 0.356519 0.730769 0.021277 0.049645
5 0.494408 0.602019 0.031915 0.045281
5 0.556601 0.599836 0.033552 0.048554
5 0.331151 0.292690 0.015548 0.042008
5 0.325627 0.338516 0.014321 0.028914
5 0.308647 0.308783 0.013912 0.038189
5 0.273663 0.339607 0.020049 0.037643
5 0.298009 0.351609 0.020458 0.039825
5 0.305374 0.341244 0.019640 0.036552
5 0.331969 0.335516 0.014730 0.040371
5 0.443058 0.124659 0.017594 0.062739
5 0.459629 0.129569 0.018003 0.057283
5 0.501159 0.116476 0.020049 0.046372
5 0.477428 0.163121 0.015139 0.028369
5 0.483156 0.123295 0.018412 0.052373
5 0.665439 0.135843 0.031097 0.046918
5 0.660938 0.110747 0.017185 0.032733
5 0.310079 0.515276 0.020867 0.050736
5 0.297804 0.460993 0.020049 0.048009
5 0.166667 0.756956 0.017185 0.018003
5 0.165030 0.794326 0.015548 0.028369
5 0.151323 0.786416 0.010229 0.030005
5 0.143753 0.760775 0.018003 0.024550
5 0.183442 0.792690 0.023732 0.019640
5 0.180783 0.770867 0.019231 0.019640
1 0.146413 0.560011 0.034779 0.064921
5 0.182215 0.277960 0.018822 0.040917
5 0.199809 0.283415 0.019640 0.038734
5 0.132297 0.211402 0.011457 0.033279
5 0.144981 0.210584 0.021277 0.029460
1 0.027141 0.033824 0.054010 0.033824
1 0.051896 0.127932 0.024141 0.022368
1 0.015071 0.130387 0.020867 0.026187
1 0.015616 0.093562 0.031232 0.028914
1 0.066626 0.431806 0.028232 0.026732
1 0.022845 0.663666 0.043781 0.032188
1 0.043917 0.591380 0.029460 0.039280
0 0.498936 0.445745 0.997872 0.891489