5 0.739294 0.055646 0.012684 0.026187
5 0.750136 0.055646 0.012275 0.021822
5 0.760366 0.026732 0.017185 0.042553
1 0.852019 0.007365 0.021277 0.013639
5 0.585447 0.339062 0.014321 0.039825
5 0.555374 0.325423 0.020458 0.018003
5 0.561716 0.306328 0.010229 0.015821
5 0.587289 0.374250 0.009820 0.022913
5 0.574604 0.377796 0.016367 0.025641
5 0.553737 0.419258 0.018003 0.033279
5 0.453696 0.500273 0.060147 0.068740
5 0.479064 0.539280 0.019231 0.055101
5 0.503410 0.494817 0.033552 0.100382
5 0.515889 0.498909 0.047054 0.073650
5 0.417894 0.599018 0.032733 0.099291
5 0.382297 0.598745 0.032733 0.083470
5 0.435897 0.574468 0.024550 0.069831
5 0.532051 0.601200 0.000000 0.272777
5 0.428123 0.903164 0.035188 0.083470
1 0.403983 0.229405 0.033552 0.042008
1 0.459834 0.185215 0.060147 0.058374
1 0.475791 0.231042 0.031506 0.033279
1 0.486020 0.275505 0.044599 0.036007
1 0.443467 0.293508 0.056874 0.031642
1 0.417076 0.259956 0.043372 0.025641
1 0.488066 0.334152 0.016776 0.035461
1 0.404801 0.092471 0.029460 0.033279
1 0.364703 0.261047 0.028642 0.024550
1 0.223336 0.273322 0.019231 0.024004
1 0.302510 0.170213 0.060556 0.061102
5 0.386388 0.147300 0.012275 0.026187
1 0.127796 0.040644 0.076105 0.081288
1 0.191830 0.018822 0.059329 0.037643
1 0.229678 0.058920 0.024550 0.022913
0 0.498138 0.495745 0.996276 0.991489