4 0.665711 0.386739 0.022297 0.017519
4 0.657350 0.407708 0.011148 0.029729
4 0.638836 0.409832 0.030658 0.030790
4 0.616937 0.426554 0.019509 0.034507
4 0.640827 0.424431 0.008361 0.019642
3 0.630076 0.429474 0.010750 0.009556
1 0.633461 0.396825 0.006370 0.011148
1 0.641623 0.397622 0.005972 0.006370
1 0.651577 0.377183 0.007565 0.010087
3 0.667702 0.040612 0.007167 0.015395
4 0.557613 0.471413 0.005176 0.024420
4 0.562789 0.469820 0.004380 0.024420
4 0.567566 0.463715 0.004380 0.016457
4 0.526955 0.151563 0.010750 0.027074
4 0.518594 0.153156 0.009954 0.034507
4 0.513418 0.143069 0.017917 0.015395
4 0.489130 0.170144 0.010750 0.031321
4 0.410495 0.052025 0.008759 0.022297
3 0.527353 0.172798 0.011546 0.019642
3 0.481366 0.190317 0.005574 0.017519
3 0.478778 0.187663 0.004380 0.011148
1 0.497492 0.155810 0.015528 0.014333
1 0.527552 0.123693 0.008759 0.024420
1 0.471811 0.115730 0.005574 0.011679
1 0.154682 0.395233 0.025084 0.022827
1 0.199474 0.446993 0.008759 0.014864
1 0.146520 0.470616 0.022297 0.012210
1 0.137164 0.444338 0.019509 0.021235
1 0.175187 0.462653 0.009556 0.010087
1 0.160854 0.440091 0.029463 0.022297
4 0.177974 0.436110 0.007167 0.020704
4 0.173993 0.448054 0.020704 0.013803
4 0.160455 0.457875 0.007167 0.031321
4 0.163442 0.471147 0.011546 0.018580
4 0.174590 0.478314 0.011546 0.023358
4 0.185937 0.464246 0.019111 0.014333
4 0.136765 0.458406 0.009158 0.024951
4 0.150303 0.435844 0.006769 0.010617
4 0.059126 0.008494 0.013935 0.015926
4 0.049172 0.009556 0.009954 0.016988
4 0.071667 0.269151 0.008759 0.010617
4 0.046783 0.688539 0.018713 0.036099
4 0.045788 0.729150 0.010352 0.022827
1 0.025880 0.675532 0.007167 0.007963
1 0.039616 0.719329 0.020306 0.012741
0 0.500000 0.500000 1.000000 1.000000