2 0.378872 0.497522 0.039033 0.153656
2 0.412330 0.514870 0.039033 0.123916
2 0.461586 0.503717 0.037175 0.151177
2 0.488538 0.522305 0.061338 0.123916
2 0.534077 0.491326 0.052045 0.101611
0 0.837449 0.818124 0.325102 0.363752
2 0.652345 0.182776 0.018349 0.041941
2 0.663545 0.178486 0.020732 0.039081
2 0.690354 0.174674 0.017158 0.050519
2 0.677843 0.166095 0.012153 0.084835
1 0.938910 0.041146 0.020017 0.034315
1 0.926042 0.037016 0.011438 0.028596
2 0.911029 0.041464 0.019541 0.031138
1 0.871233 0.412761 0.027643 0.041305
4 0.217162 0.886617 0.035316 0.084263
4 0.261772 0.856877 0.068773 0.104089
2 0.390025 0.136927 0.042751 0.101611
5 0.500310 0.486679 0.999380 0.973358