5 0.796372 0.462630 0.012275 0.026187
1 0.545145 0.064648 0.026187 0.012548
1 0.523254 0.106656 0.017594 0.027823
5 0.518140 0.447081 0.015548 0.057283
5 0.529596 0.479815 0.029460 0.047463
5 0.519776 0.507092 0.026187 0.055101
5 0.498909 0.500546 0.011457 0.049645
5 0.501773 0.441080 0.019640 0.047463
5 0.488680 0.459083 0.022095 0.056192
5 0.483361 0.495363 0.014730 0.028369
1 0.185079 0.208947 0.016367 0.024004
4 0.147845 0.744681 0.009002 0.019640
4 0.071127 0.906983 0.011866 0.024550
4 0.118385 0.638571 0.012275 0.016912
4 0.110202 0.678669 0.010638 0.016367
5 0.119408 0.161484 0.026596 0.043644
5 0.118590 0.233770 0.016776 0.064921
5 0.100586 0.238134 0.020049 0.057283
5 0.117362 0.279596 0.020867 0.035461
3 0.135161 0.285052 0.014730 0.028914
3 0.149686 0.289143 0.015139 0.020731
0 0.500798 0.500000 0.997340 0.995745