4 0.478451 0.160666 0.009820 0.010366
1 0.985952 0.164757 0.028096 0.041462
4 0.977019 0.410529 0.008592 0.019094
4 0.915030 0.402891 0.012275 0.015821
4 0.906233 0.452537 0.006137 0.012548
5 0.952878 0.420076 0.005319 0.014184
5 0.968017 0.400436 0.005319 0.015276
5 0.858361 0.776050 0.006956 0.014730
3 0.861225 0.764594 0.005319 0.007092
3 0.890480 0.741680 0.005728 0.012548
5 0.950832 0.690944 0.005319 0.013639
5 0.893753 0.756137 0.004092 0.008729
5 0.919735 0.725041 0.005319 0.014184
5 0.653573 0.287507 0.010638 0.030551
5 0.644776 0.341789 0.008592 0.027823
5 0.639662 0.345063 0.010638 0.022368
5 0.521822 0.516094 0.014730 0.044735
5 0.534711 0.518003 0.015139 0.046372
5 0.514662 0.730769 0.017594 0.063830
5 0.530210 0.754228 0.015139 0.050736
5 0.539416 0.730496 0.011457 0.049100
5 0.574195 0.986634 0.007365 0.018003
5 0.457992 0.966176 0.005728 0.017458
5 0.465971 0.964266 0.007774 0.023459
5 0.468835 0.501909 0.019231 0.049100
5 0.394981 0.423895 0.023732 0.049100
5 0.448786 0.617294 0.009411 0.026732
4 0.422600 0.620840 0.009411 0.012002
4 0.573582 0.491271 0.008592 0.018003
4 0.416258 0.430442 0.005728 0.008729
5 0.435079 0.377523 0.009002 0.022913
5 0.442239 0.375887 0.006956 0.020731
5 0.447149 0.381069 0.006137 0.019094
5 0.457379 0.321604 0.011047 0.019094
5 0.467403 0.315603 0.006547 0.019094
5 0.427714 0.290235 0.005728 0.020731
5 0.435488 0.289143 0.009002 0.022913
5 0.429760 0.211402 0.013912 0.049645
5 0.439785 0.182761 0.003682 0.013093
5 0.442035 0.191762 0.004910 0.008183
5 0.430783 0.182488 0.002864 0.008183
5 0.292280 0.051555 0.016367 0.045281
5 0.281028 0.650027 0.011047 0.020185
5 0.289621 0.642117 0.005319 0.014184
5 0.452878 0.696672 0.007774 0.026187
5 0.458811 0.696127 0.009002 0.026187
5 0.267526 0.594926 0.013502 0.022368
4 0.311102 0.534643 0.009002 0.015276
4 0.319899 0.537643 0.006137 0.015821
4 0.304965 0.537370 0.009820 0.009820
5 0.257706 0.176214 0.017594 0.043644
5 0.276323 0.171849 0.013912 0.025095
4 0.178942 0.462630 0.005728 0.014184
5 0.186102 0.463993 0.006137 0.013639
5 0.172804 0.568467 0.021277 0.044735
5 0.101814 0.177578 0.026596 0.049645
5 0.056397 0.310966 0.021686 0.045827
5 0.247272 0.812602 0.007365 0.024550
0 0.362500 0.494681 0.725000 0.989362
0 0.868085 0.448936 0.263830 0.668085