0 0.171846 0.219124 0.143339 0.245724
2 0.107203 0.819782 0.020477 0.046575
4 0.035534 0.790472 0.026500 0.044166
4 0.079800 0.810548 0.027102 0.044166
4 0.042159 0.837449 0.037340 0.030515
2 0.072272 0.786056 0.022886 0.024091
2 0.363768 0.838653 0.018068 0.055408
2 0.436642 0.876797 0.031318 0.057817
2 0.437545 0.802517 0.022284 0.071469
2 0.463141 0.825002 0.019272 0.050590
2 0.470971 0.833032 0.014454 0.053802
2 0.405023 0.385081 0.023488 0.040151
2 0.445676 0.427240 0.022886 0.063439
2 0.473380 0.440490 0.022886 0.057817
2 0.489340 0.490277 0.022284 0.057817
2 0.518249 0.513163 0.025897 0.050590
2 0.511624 0.457353 0.029511 0.069060
2 0.544146 0.471004 0.018670 0.089938
2 0.396591 0.216715 0.033125 0.062636
2 0.401710 0.264093 0.026500 0.059423
2 0.418273 0.246427 0.025897 0.049787
2 0.422489 0.266904 0.028306 0.036136
2 0.437545 0.216313 0.024693 0.098771
2 0.446278 0.264093 0.024091 0.025697
2 0.474886 0.176965 0.023488 0.095559
2 0.453806 0.147254 0.019875 0.044166
2 0.461636 0.018771 0.022284 0.032924
2 0.974464 0.035634 0.050590 0.060226
5 0.503654 0.506605 0.992692 0.986790