2 0.093325 0.846301 0.011675 0.046122
2 0.115377 0.830158 0.028970 0.038435
0 0.382237 0.616203 0.044104 0.063034
2 0.477941 0.364581 0.018161 0.032285
2 0.486589 0.392639 0.018161 0.046891
2 0.507560 0.404554 0.023782 0.067646
2 0.541070 0.401479 0.009513 0.043047
2 0.547772 0.378033 0.009945 0.053040
2 0.559447 0.408013 0.013404 0.054578
2 0.573716 0.342289 0.017728 0.050734
2 0.722028 0.320509 0.010810 0.026136
2 0.730892 0.310131 0.014701 0.042279
2 0.691544 0.728818 0.016431 0.048428
0 0.808723 0.791851 0.115017 0.128373
0 0.782131 0.515503 0.118909 0.195250
5 0.503654 0.504918 0.992692 0.990163