4 0.920349 0.172668 0.014730 0.032188
4 0.932829 0.093562 0.018412 0.015821
4 0.899891 0.134206 0.023732 0.019640
5 0.900709 0.139116 0.012275 0.038189
5 0.915439 0.137752 0.007365 0.026732
5 0.920963 0.145390 0.010229 0.023459
5 0.928942 0.143208 0.014730 0.019094
5 0.850177 0.482270 0.006956 0.021822
4 0.884547 0.695308 0.011866 0.021277
4 0.880456 0.713039 0.011047 0.020731
4 0.859179 0.623841 0.009411 0.021277
5 0.875341 0.594108 0.007365 0.018549
3 0.899073 0.866612 0.017185 0.058374
5 0.865112 0.861157 0.006547 0.011457
4 0.517117 0.393617 0.009411 0.046372
5 0.408279 0.699945 0.011047 0.040371
5 0.394776 0.709493 0.013502 0.034370
5 0.396208 0.723131 0.013912 0.039825
5 0.478041 0.474632 0.010638 0.039280
5 0.486634 0.490726 0.007365 0.037643
5 0.499932 0.485543 0.011866 0.041462
4 0.480496 0.471631 0.017185 0.021277
0 0.490521 0.471358 0.007774 0.021822
5 0.207788 0.527823 0.011047 0.045281
5 0.191012 0.526732 0.019231 0.058374
5 0.109179 0.956628 0.008592 0.023459
5 0.116953 0.960720 0.003682 0.022913
5 0.122681 0.949536 0.004501 0.021277
5 0.123704 0.968358 0.009002 0.021822
5 0.131888 0.956901 0.013912 0.026187
5 0.140685 0.945445 0.006137 0.020731
4 0.119203 0.516094 0.008183 0.015276
4 0.110406 0.482270 0.005319 0.010911
0 0.498404 0.496809 0.995745 0.993617