0 0.500000 0.500000 1.000000 1.000000
5 0.767718 0.189976 0.011346 0.034793
1 0.874177 0.007375 0.018531 0.014749
1 0.833901 0.042231 0.025717 0.051938
1 0.803457 0.029120 0.032146 0.031768
1 0.760532 0.142072 0.012858 0.029751
1 0.802700 0.186194 0.007942 0.017144
1 0.867748 0.037188 0.013237 0.023700
5 0.946411 0.350579 0.011724 0.014119
5 0.937902 0.348562 0.009076 0.018153
5 0.777740 0.435544 0.007942 0.013615
5 0.757129 0.478153 0.012102 0.022187
4 0.693026 0.575725 0.007186 0.011598
5 0.696241 0.550009 0.009076 0.010589
1 0.720067 0.136021 0.034793 0.032776
1 0.679033 0.135012 0.019287 0.024708
1 0.714205 0.099211 0.016262 0.014623
5 0.618524 0.431258 0.017775 0.053450
1 0.624575 0.375539 0.007186 0.015632
1 0.604531 0.420669 0.012480 0.012102
5 0.591861 0.359403 0.021935 0.051938
4 0.622873 0.036180 0.005295 0.013615
1 0.633273 0.018027 0.007186 0.016640
1 0.484646 0.322845 0.015506 0.027229
1 0.289502 0.228803 0.024582 0.072108
1 0.325618 0.214684 0.032524 0.038827
5 0.326564 0.376043 0.010967 0.040844
5 0.337531 0.380834 0.015506 0.038323
5 0.350200 0.371253 0.021935 0.044374
5 0.309735 0.555051 0.023448 0.038827
5 0.284963 0.548244 0.012480 0.030255
5 0.273618 0.539924 0.015506 0.031768
5 0.257356 0.531604 0.016262 0.031263
1 0.263029 0.524040 0.010967 0.012102
1 0.352659 0.672541 0.069208 0.116481
1 0.457984 0.683635 0.020422 0.018657
1 0.457794 0.730025 0.029877 0.033785
1 0.261894 0.409071 0.028364 0.015127
1 0.269079 0.430250 0.022313 0.017144
4 0.230883 0.494037 0.013237 0.027734
5 0.297633 0.113582 0.011346 0.032272
5 0.290258 0.104505 0.009455 0.025212
5 0.283451 0.099715 0.010967 0.031768