2 0.092244 0.249948 0.027673 0.063418
2 0.249636 0.527642 0.018161 0.025367
2 0.173102 0.336235 0.029403 0.079561
2 0.132457 0.343442 0.032862 0.030556
2 0.188452 0.067382 0.020323 0.032285
2 0.208126 0.021836 0.012972 0.025367
2 0.275652 0.296071 0.028106 0.042663
1 0.319108 0.382550 0.014701 0.024214
2 0.462591 0.693009 0.016863 0.076678
2 0.447673 0.642851 0.014701 0.054770
2 0.503452 0.592405 0.020755 0.044969
2 0.440106 0.542536 0.022917 0.037474
2 0.515343 0.556949 0.014269 0.024791
2 0.502155 0.553778 0.016431 0.029979
2 0.346132 0.337773 0.017728 0.043816
2 0.335322 0.342385 0.027241 0.049581
2 0.333160 0.245528 0.033294 0.069183
2 0.345916 0.163662 0.040645 0.046122
2 0.492282 0.322495 0.034159 0.017872
2 0.455096 0.481904 0.015134 0.033439
2 0.531774 0.764498 0.023782 0.021331
2 0.574581 0.692721 0.020323 0.031132
2 0.561393 0.304622 0.013837 0.030556
2 0.732477 0.475274 0.013837 0.035168
2 0.741990 0.453366 0.016431 0.030556
2 0.747251 0.427422 0.009080 0.025944
0 0.046410 0.095151 0.072642 0.106657
0 0.055058 0.402344 0.042375 0.101469
0 0.165319 0.310195 0.072642 0.075525
0 0.276300 0.248795 0.059671 0.093397
0 0.329701 0.162220 0.094695 0.148167
0 0.248411 0.473064 0.078264 0.089938
0 0.321270 0.460669 0.033727 0.055923
0 0.376400 0.648713 0.039348 0.066877
0 0.327972 0.724814 0.041942 0.046122
0 0.401263 0.517553 0.036321 0.046699
0 0.419784 0.308850 0.042807 0.090515
0 0.482913 0.331335 0.064427 0.107810
0 0.473689 0.613448 0.032430 0.126259
0 0.663438 0.677539 0.070913 0.081867
0 0.556637 0.526489 0.051887 0.117611
0 0.694643 0.292131 0.048861 0.067454
0 0.744368 0.408301 0.049725 0.080714
5 0.502811 0.502108 0.994378 0.995784