2 0.419974 0.625602 0.029430 0.064023
2 0.444757 0.631798 0.020136 0.051632
2 0.394417 0.609597 0.034077 0.050599
0 0.433140 0.558998 0.144052 0.098100
0 0.423072 0.675685 0.075898 0.044403
1 0.476301 0.579564 0.021685 0.054729
2 0.397305 0.313242 0.027881 0.046468
2 0.336121 0.309112 0.020136 0.062990
2 0.351998 0.316856 0.022460 0.035109
2 0.321794 0.323569 0.024009 0.067121
2 0.435254 0.228362 0.023234 0.043371
2 0.396530 0.210807 0.023234 0.055762
2 0.413182 0.247466 0.025558 0.050599
0 0.414730 0.210291 0.090613 0.141470
2 0.445819 0.018099 0.013061 0.031481
2 0.452350 0.036519 0.021099 0.028132
2 0.475710 0.022453 0.011554 0.024113
2 0.462146 0.047906 0.010550 0.024113
2 0.465663 0.025132 0.006531 0.029472
2 0.473198 0.045896 0.011554 0.022774
2 0.645759 0.257962 0.016076 0.030811
2 0.285458 0.276126 0.018587 0.060306
2 0.252001 0.256712 0.019827 0.056175
2 0.230315 0.269930 0.024783 0.067741
2 0.284529 0.206733 0.030359 0.038827
2 0.260985 0.282321 0.015489 0.039653
2 0.271208 0.273234 0.017348 0.074349
0 0.188494 0.939350 0.070012 0.080958
1 0.930253 0.844545 0.039830 0.074349
1 0.986679 0.813566 0.025226 0.044256
1 0.958134 0.838349 0.023898 0.072579
0 0.948840 0.780817 0.077005 0.049566
0 0.925606 0.610285 0.073022 0.092052
0 0.374076 0.115496 0.020494 0.045754
5 0.500000 0.500000 1.000000 1.000000