0 0.500000 0.479105 1.000000 0.958210
1 0.405794 0.106522 0.038575 0.052442
1 0.439452 0.221743 0.018909 0.023700
1 0.441532 0.256284 0.026095 0.032272
1 0.402768 0.305701 0.053702 0.100850
1 0.352470 0.304944 0.042357 0.071099
1 0.350768 0.381338 0.051055 0.051433
1 0.454391 0.357638 0.033659 0.032272
4 0.432456 0.277210 0.024582 0.016640
4 0.339611 0.322593 0.015884 0.052946
5 0.324295 0.353100 0.027608 0.052442
5 0.388019 0.787258 0.022691 0.068578
5 0.415816 0.736076 0.019287 0.075133
5 0.438696 0.819277 0.033280 0.088243
5 0.464791 0.761037 0.027229 0.074629
5 0.445125 0.717419 0.024960 0.067065
5 0.467627 0.815243 0.026095 0.055972
4 0.422623 0.779694 0.017775 0.034289
4 0.509606 0.646824 0.023826 0.034793
4 0.374972 0.679601 0.013237 0.026725
1 0.508471 0.714394 0.040466 0.081184
1 0.468573 0.673802 0.014371 0.023195
1 0.485969 0.730025 0.020422 0.037819
1 0.440587 0.766583 0.040844 0.035297
1 0.400121 0.753977 0.014371 0.017144
1 0.368921 0.761037 0.037440 0.034289
1 0.397474 0.714394 0.018153 0.028742
1 0.415627 0.699014 0.017397 0.029246
1 0.365706 0.713133 0.009076 0.015127
1 0.368732 0.668255 0.012858 0.019161
1 0.403714 0.669264 0.014749 0.016136
1 0.485780 0.631445 0.020044 0.053450
1 0.501286 0.604972 0.012480 0.013615
1 0.359088 0.068704 0.017018 0.026221
1 0.346608 0.095177 0.047273 0.038827
1 0.290636 0.096690 0.010211 0.015632
1 0.305574 0.098707 0.009833 0.014623
1 0.325807 0.130726 0.022313 0.035297
1 0.361357 0.130474 0.029877 0.025717
1 0.338477 0.033406 0.010589 0.009076
1 0.330157 0.049795 0.008320 0.012606
4 0.326375 0.049795 0.011346 0.024708
5 0.366273 0.039457 0.027608 0.027229
5 0.378564 0.167284 0.017397 0.051938
1 0.303684 0.356377 0.015127 0.013615
1 0.039331 0.173840 0.037062 0.031768