2 0.528536 0.569370 0.026699 0.096368
2 0.549976 0.575123 0.032362 0.125135
0 0.554022 0.778647 0.095469 0.158216
2 0.636546 0.620430 0.030744 0.123697
2 0.680235 0.580157 0.027508 0.086300
2 0.667290 0.493138 0.037217 0.070478
0 0.628051 0.317662 0.151294 0.257461
0 0.442776 0.603170 0.091424 0.148148
2 0.352161 0.581595 0.023463 0.064725
0 0.539459 0.930660 0.114887 0.119382
0 0.556673 0.077580 0.258451 0.155160
2 0.372713 0.153099 0.022405 0.047576
0 0.282439 0.089423 0.154344 0.164855
1 0.256922 0.545264 0.013692 0.037618
0 0.178836 0.835648 0.255866 0.328704
2 0.064051 0.423184 0.016181 0.055735
2 0.079221 0.422285 0.020227 0.053937
2 0.320928 0.640732 0.018204 0.059331
2 0.346717 0.652418 0.033374 0.043150
0 0.225863 0.335985 0.151699 0.388350
0 0.093561 0.177440 0.134429 0.182557
2 0.961101 0.670276 0.029873 0.073023
2 0.711381 0.569040 0.032674 0.096258
0 0.784196 0.278608 0.172704 0.517799
0 0.942276 0.517592 0.115448 0.225707
5 0.500405 0.500000 0.999190 1.000000