1 0.859588 0.312875 0.025777 0.025641
1 0.949809 0.233770 0.035188 0.035461
1 0.837493 0.207583 0.014321 0.016912
1 0.780415 0.281779 0.010638 0.016912
1 0.332992 0.172122 0.046236 0.061648
1 0.335447 0.281506 0.047054 0.042553
1 0.373295 0.273868 0.019640 0.021822
5 0.388843 0.254228 0.038462 0.084015
5 0.366544 0.283961 0.028232 0.109656
5 0.304965 0.336061 0.036007 0.102564
5 0.335447 0.327332 0.030687 0.104746
1 0.433852 0.192308 0.021277 0.026732
1 0.073786 0.045827 0.020458 0.028369
1 0.071331 0.015821 0.034370 0.031642
5 0.104269 0.009820 0.038052 0.019640
5 0.097109 0.069285 0.043372 0.057829
0 0.495745 0.494681 0.991489 0.989362