2 0.388011 0.558506 0.017038 0.085118
2 0.398079 0.610801 0.029209 0.063728
2 0.400403 0.555039 0.017924 0.083201
2 0.416999 0.556367 0.020579 0.089396
2 0.418658 0.613457 0.033192 0.053107
2 0.429943 0.542648 0.013277 0.072579
2 0.437909 0.603278 0.023898 0.046911
2 0.444880 0.479805 0.024562 0.051337
2 0.453841 0.520077 0.035847 0.055762
2 0.440233 0.563005 0.016596 0.038945
2 0.455833 0.570529 0.013277 0.064613
2 0.469110 0.565661 0.049124 0.065498
1 0.683812 0.045030 0.173792 0.090060
2 0.392455 0.020291 0.048327 0.040582
1 0.704722 0.109975 0.039033 0.061958
0 0.742362 0.122367 0.028810 0.079306
0 0.804663 0.765696 0.307689 0.313920
0 0.802838 0.208075 0.144052 0.198265
1 0.163919 0.603270 0.029901 0.062250
2 0.185335 0.622542 0.056570 0.112063
2 0.154221 0.499704 0.025053 0.066807
2 0.139675 0.537417 0.041215 0.094822
2 0.083912 0.510479 0.020204 0.086202
2 0.098055 0.543882 0.030710 0.068962
2 0.027746 0.410269 0.032326 0.081892
2 0.048354 0.430203 0.033134 0.070039
2 0.066133 0.245721 0.015355 0.077582
2 0.034212 0.240334 0.045256 0.071117
2 0.163515 0.223632 0.025861 0.078660
2 0.191396 0.105643 0.039599 0.077582
2 0.155837 0.153054 0.013738 0.088357
2 0.148968 0.144972 0.042024 0.102365
2 0.011449 0.178915 0.022897 0.105598
5 0.498451 0.500000 0.996902 1.000000