2 0.913189 0.190671 0.011047 0.020185
2 0.926691 0.121386 0.020049 0.016912
2 0.917690 0.132297 0.005319 0.019094
2 0.904801 0.120567 0.007365 0.014184
1 0.890480 0.012548 0.023732 0.025095
1 0.865112 0.109929 0.020458 0.055101
1 0.884956 0.112384 0.029051 0.038189
1 0.907460 0.150573 0.021686 0.032733
1 0.932624 0.176759 0.031915 0.039280
1 0.956560 0.229405 0.025777 0.023459
1 0.895390 0.212493 0.023732 0.025641
1 0.994340 0.269776 0.011320 0.042008
1 0.908893 0.267321 0.026187 0.037098
5 0.916258 0.277414 0.009002 0.028914
5 0.885366 0.248227 0.011047 0.025095
5 0.843631 0.333333 0.021686 0.041462
1 0.752796 0.540098 0.017594 0.033824
1 0.990044 0.535188 0.019912 0.039280
1 0.988202 0.580196 0.023595 0.043099
1 0.770595 0.523459 0.027823 0.032188
1 0.727223 0.585925 0.031915 0.032733
1 0.764457 0.580742 0.040098 0.034370
1 0.789416 0.609929 0.026187 0.038189
1 0.793712 0.554283 0.031506 0.028369
2 0.786348 0.542826 0.019231 0.028369
2 0.796986 0.569831 0.017594 0.027823
2 0.775300 0.545281 0.008592 0.022368
1 0.917894 0.449536 0.033552 0.022913
2 0.637207 0.805783 0.017185 0.045827
1 0.644367 0.756683 0.057692 0.039280
1 0.650709 0.703219 0.031915 0.026187
1 0.708606 0.261866 0.033961 0.021822
1 0.699400 0.179487 0.049100 0.021822
1 0.682624 0.220404 0.022913 0.048009
1 0.625750 0.201582 0.030278 0.060556
1 0.674441 0.131751 0.033552 0.047463
1 0.643549 0.153573 0.038871 0.016912
1 0.467403 0.433988 0.012275 0.038734
1 0.492158 0.411075 0.036416 0.049645
1 0.522231 0.400164 0.032733 0.027823
2 0.477428 0.455810 0.014321 0.040917
5 0.403778 0.911893 0.024141 0.048554
5 0.415235 0.637752 0.014321 0.050191
1 0.411143 0.593562 0.038052 0.043644
1 0.437739 0.569285 0.030687 0.024550
1 0.385161 0.482270 0.041735 0.060011
1 0.430374 0.356519 0.035597 0.049645
1 0.405619 0.337971 0.038462 0.045281
1 0.410529 0.388707 0.051555 0.026732
2 0.400709 0.357883 0.014730 0.042553
5 0.398868 0.391708 0.021686 0.044735
5 0.351814 0.754774 0.017594 0.051828
5 0.327059 0.767594 0.019640 0.055646
5 0.305169 0.767049 0.020867 0.055646
5 0.283483 0.820786 0.020049 0.037643
5 0.296781 0.831151 0.012275 0.039825
2 0.296167 0.575559 0.012684 0.026187
2 0.264662 0.563830 0.006137 0.012548
2 0.276937 0.560284 0.007774 0.008729
1 0.237861 0.525368 0.020458 0.038189
2 0.142935 0.567103 0.027823 0.044190
2 0.125136 0.465357 0.014321 0.031642
5 0.135570 0.491544 0.013093 0.039280
5 0.117362 0.490998 0.022504 0.024004
2 0.107542 0.465357 0.008592 0.024004
2 0.112452 0.475723 0.005319 0.024004
1 0.081765 0.599291 0.025777 0.038734
1 0.109588 0.670486 0.019231 0.038189
1 0.038393 0.644845 0.029869 0.040371
5 0.091789 0.677032 0.019640 0.032733
1 0.084629 0.644299 0.024141 0.030551
1 0.011934 0.635025 0.023868 0.050191
1 0.118181 0.445172 0.033142 0.022913
1 0.164416 0.437807 0.038871 0.039825
2 0.159711 0.438898 0.007365 0.019094
2 0.179555 0.439989 0.006137 0.014730
0 0.498138 0.498936 0.996276 0.997872