5 0.799032 0.022913 0.006137 0.010911
1 0.874727 0.072013 0.020049 0.025095
5 0.798622 0.217949 0.007774 0.023459
5 0.790848 0.213039 0.007774 0.016912
5 0.854269 0.249318 0.009411 0.015276
5 0.918712 0.190944 0.005728 0.017458
5 0.926077 0.178942 0.008183 0.016367
5 0.900095 0.187398 0.006137 0.019094
3 0.907256 0.179487 0.007365 0.017458
5 0.864703 0.147300 0.008183 0.014184
4 0.871454 0.149482 0.006137 0.015276
4 0.912575 0.167485 0.009820 0.027278
5 0.916053 0.135570 0.005319 0.016912
1 0.888434 0.207038 0.023732 0.023459
4 0.973745 0.276869 0.007774 0.012548
5 0.973745 0.324332 0.007774 0.018003
5 0.980087 0.326514 0.008183 0.015821
5 0.987657 0.322422 0.007774 0.019640
5 0.836675 0.266503 0.009411 0.018003
5 0.845472 0.405074 0.009002 0.016912
5 0.987248 0.446536 0.011866 0.032188
3 0.973131 0.466721 0.015548 0.036552
4 0.852223 0.427987 0.008592 0.021277
3 0.964130 0.505728 0.008183 0.016367
3 0.971699 0.508456 0.005319 0.016367
3 0.977428 0.507911 0.006956 0.018549
3 0.961675 0.516912 0.013093 0.008183
5 0.990657 0.738953 0.018685 0.038734
5 0.942649 0.707310 0.009411 0.016912
4 0.805987 0.781233 0.010229 0.012002
4 0.863475 0.956901 0.013093 0.025095
4 0.850382 0.973813 0.009820 0.025095
4 0.856315 0.970267 0.007774 0.023459
5 0.750341 0.993726 0.011866 0.012548
5 0.739498 0.993181 0.009002 0.013638
4 0.689580 0.405619 0.017185 0.045281
3 0.715357 0.398527 0.015548 0.036552
3 0.701855 0.393344 0.016367 0.032733
5 0.494817 0.418985 0.014730 0.037098
3 0.526732 0.430715 0.010638 0.043099
3 0.519367 0.436170 0.009002 0.037643
3 0.510570 0.438080 0.006137 0.039280
5 0.505251 0.424714 0.008592 0.034370
4 0.489703 0.443262 0.010229 0.012548
5 0.438557 0.464812 0.011047 0.041462
5 0.433238 0.452264 0.011047 0.027278
1 0.499523 0.022095 0.028232 0.033279
4 0.384547 0.524823 0.004501 0.008729
5 0.164825 0.975723 0.006137 0.018003
5 0.141298 0.979269 0.005728 0.012002
5 0.149277 0.987452 0.006956 0.018549
5 0.157870 0.981178 0.008592 0.016912
5 0.039007 0.923895 0.012275 0.031097
5 0.027346 0.926350 0.014321 0.032733
5 0.037575 0.943535 0.009411 0.021277
5 0.098336 0.746045 0.006547 0.027823
5 0.106519 0.758047 0.008183 0.033279
3 0.113271 0.758047 0.006137 0.035461
3 0.120431 0.758320 0.007365 0.031642
3 0.125546 0.759138 0.006956 0.028914
4 0.125136 0.742771 0.016776 0.027823
5 0.028983 0.157392 0.013502 0.028914
3 0.005865 0.177305 0.007365 0.037098
5 0.018140 0.168031 0.007365 0.026187
5 0.025914 0.176487 0.007365 0.016912
5 0.032256 0.198582 0.015139 0.027278
5 0.015480 0.187398 0.009411 0.028914
5 0.019572 0.202673 0.006956 0.030005
5 0.510775 0.708129 0.006547 0.009820
5 0.504842 0.455537 0.010229 0.021822
3 0.730701 0.247409 0.006956 0.021277
3 0.726814 0.250136 0.009002 0.023459
5 0.716789 0.157938 0.007774 0.021277
5 0.703696 0.161484 0.007774 0.020731
5 0.711470 0.161757 0.004501 0.028914
0 0.497606 0.498936 0.994149 0.997872