2 0.468876 0.692173 0.028171 0.096241
2 0.503872 0.703532 0.051115 0.096654
2 0.345415 0.403036 0.037175 0.092937
2 0.370043 0.442689 0.043680 0.080545
2 0.373761 0.475527 0.025093 0.066914
2 0.412330 0.320012 0.022305 0.080545
2 0.382125 0.274164 0.025093 0.095415
2 0.331475 0.268587 0.016729 0.054523
2 0.344950 0.232652 0.039963 0.052045
2 0.469021 0.407993 0.031599 0.105328
0 0.443928 0.520756 0.269517 0.400248
2 0.508050 0.129476 0.015251 0.047024
2 0.493990 0.136148 0.013821 0.047660
2 0.577395 0.023036 0.015728 0.045118
2 0.562144 0.021129 0.019541 0.037492
2 0.579063 0.095796 0.016204 0.035586
2 0.565241 0.102151 0.015251 0.048295
2 0.677257 0.327949 0.012819 0.059821
2 0.680782 0.278383 0.024997 0.042730
2 0.697126 0.280520 0.025638 0.052130
2 0.686551 0.173268 0.027561 0.047857
2 0.716995 0.122847 0.024356 0.076913
2 0.752247 0.104901 0.015383 0.052985
2 0.747120 0.107892 0.014101 0.055548
2 0.739428 0.103619 0.011537 0.065804
2 0.732378 0.114302 0.010255 0.095714
0 0.708663 0.493820 0.088450 0.115370
0 0.848762 0.247218 0.137082 0.258674
2 0.932466 0.195060 0.019869 0.041875
2 0.934709 0.222835 0.015383 0.037602
0 0.785006 0.808240 0.360595 0.383519
0 0.055166 0.783132 0.110332 0.336479
2 0.185397 0.441787 0.018587 0.059098
2 0.204699 0.443217 0.015728 0.037175
2 0.216138 0.401753 0.020017 0.051473
2 0.168954 0.435592 0.022877 0.048613
2 0.150724 0.440834 0.025021 0.049566
2 0.146078 0.398417 0.028596 0.052426
2 0.379134 0.573805 0.022877 0.063864
2 0.410213 0.563429 0.035626 0.086741
5 0.502169 0.496592 0.995662 0.993184