2 0.419237 0.380466 0.032105 0.056325
2 0.464860 0.458758 0.021967 0.075476
2 0.445428 0.458195 0.023657 0.054072
2 0.472042 0.377086 0.026191 0.063084
0 0.660450 0.502698 0.149544 0.246717
2 0.361186 0.675282 0.029571 0.063084
2 0.403430 0.513288 0.027881 0.067590
4 0.443562 0.544267 0.016898 0.052946
2 0.211635 0.542729 0.031305 0.045218
2 0.112339 0.593817 0.018587 0.035218
2 0.097665 0.571643 0.016631 0.035218
0 0.500000 0.502169 1.000000 0.995662
0 0.032720 0.097637 0.056766 0.082895
0 0.190253 0.179251 0.068581 0.145281
0 0.084177 0.223262 0.000000 0.004273
2 0.080011 0.232235 0.009614 0.032474
0 0.051489 0.574784 0.064094 0.132462
0 0.305249 0.595543 0.126800 0.057258
5 0.292484 0.569514 0.028202 0.049566