1 0.807624 0.258592 0.046236 0.058920
1 0.710857 0.668031 0.029460 0.042008
4 0.667076 0.382979 0.013912 0.029460
4 0.679555 0.398800 0.012684 0.026187
4 0.732747 0.383797 0.010229 0.008183
1 0.592812 0.415985 0.042962 0.032188
5 0.506478 0.383797 0.027414 0.087834
5 0.486020 0.453901 0.033961 0.078560
4 0.461266 0.415166 0.038462 0.082924
5 0.541871 0.518549 0.009820 0.031097
5 0.175055 0.166939 0.012684 0.025095
5 0.128001 0.208674 0.024141 0.040917
1 0.067239 0.136934 0.039280 0.061102
4 0.094654 0.239771 0.034370 0.061648
0 0.500266 0.548936 0.999468 0.902128