2 0.456666 0.620348 0.034988 0.095245
4 0.413478 0.600910 0.025148 0.095245
4 0.441359 0.472621 0.013120 0.071920
4 0.453386 0.484284 0.032801 0.106908
1 0.487827 0.461930 0.020774 0.085526
1 0.505868 0.459987 0.028428 0.089414
4 0.737116 0.347248 0.053575 0.081639
2 0.769918 0.401673 0.016401 0.085526
4 0.788505 0.363770 0.018587 0.068032
4 0.806910 0.407505 0.021139 0.062201
4 0.842809 0.299625 0.051389 0.071920
0 0.619396 0.195633 0.103871 0.252691
1 0.028225 0.258502 0.049566 0.122998
2 0.008949 0.349737 0.017898 0.110147
1 0.045780 0.369931 0.045436 0.110147
1 0.058688 0.322755 0.036142 0.122998
5 0.500000 0.500000 1.000000 1.000000
0 0.932466 0.920178 0.135068 0.159644
4 0.942069 0.967575 0.046468 0.049566