2 0.619753 0.610182 0.039963 0.054523
2 0.565675 0.495353 0.042751 0.074349
2 0.580545 0.520756 0.027881 0.063197
2 0.621902 0.508364 0.038104 0.063197
2 0.474597 0.364622 0.027881 0.063197
2 0.494114 0.360285 0.027881 0.049566
2 0.509913 0.293990 0.031599 0.075589
0 0.530019 0.354800 0.033895 0.030614
2 0.537399 0.376789 0.021321 0.022110
2 0.191698 0.226105 0.028996 0.065428
2 0.212887 0.267741 0.062454 0.063445
2 0.161586 0.021561 0.016357 0.021809
2 0.182032 0.023544 0.023048 0.025774
2 0.328129 0.028005 0.022305 0.044610
0 0.062577 0.220322 0.125154 0.227014
0 0.098017 0.052292 0.070632 0.079306
0 0.840458 0.169455 0.319083 0.338910
5 0.494734 0.500000 0.989467 1.000000
4 0.301735 0.407063 0.000000 0.002478