3 0.587323 0.621864 0.015884 0.044374
3 0.589781 0.646068 0.010967 0.017144
3 0.554799 0.608502 0.013615 0.039836
3 0.567847 0.423190 0.007942 0.029246
3 0.240905 0.549252 0.010589 0.039331
3 0.259247 0.583289 0.010211 0.035802
3 0.270025 0.573456 0.006807 0.040340
3 0.231261 0.588584 0.014749 0.042357
3 0.220293 0.595643 0.008698 0.042357
3 0.213864 0.544966 0.021557 0.033785
3 0.220672 0.564128 0.010211 0.008572
3 0.206868 0.566649 0.015884 0.043870
3 0.217268 0.520258 0.013237 0.033785
1 0.268134 0.601694 0.015884 0.022187
1 0.279291 0.612031 0.009455 0.011598
1 0.215944 0.576482 0.011346 0.008068
1 0.238636 0.529587 0.012858 0.012102
5 0.273807 0.624890 0.011346 0.022187
3 0.194010 0.550765 0.012858 0.022187
0 0.500737 0.516962 0.998525 0.966076