0 0.500000 0.395526 1.000000 0.791052
3 0.506770 0.467312 0.018909 0.048912
3 0.605287 0.495298 0.015506 0.036306
5 0.666742 0.362933 0.011346 0.024708
5 0.665040 0.245443 0.021557 0.040844
1 0.502799 0.040655 0.089630 0.081310
1 0.572385 0.014686 0.022313 0.029372
1 0.511497 0.103749 0.021557 0.023700
1 0.670713 0.199556 0.010211 0.017649
5 0.486158 0.052316 0.023826 0.072108
5 0.499773 0.073998 0.013993 0.044878
5 0.453067 0.198044 0.017397 0.048912
5 0.312382 0.322341 0.018909 0.055467
5 0.302171 0.335703 0.015127 0.038827
5 0.250170 0.674306 0.010967 0.031263
5 0.268134 0.668507 0.018153 0.012606
1 0.244876 0.659935 0.007942 0.007564