0 0.500000 0.500000 1.000000 1.000000
5 0.568414 0.546479 0.011346 0.017649
5 0.558392 0.522023 0.010967 0.026221
5 0.549883 0.521267 0.009833 0.022691
5 0.542886 0.529083 0.013237 0.037314
1 0.854701 0.036432 0.015884 0.036306
1 0.738598 0.973830 0.023448 0.027229
1 0.709477 0.988201 0.009833 0.022691
1 0.748620 0.815243 0.035171 0.020674
1 0.763558 0.750448 0.022691 0.040340
1 0.712692 0.756246 0.013237 0.024708
1 0.713448 0.788014 0.013993 0.024708
1 0.737841 0.773391 0.031011 0.029751
1 0.758263 0.792048 0.007564 0.014623
1 0.749187 0.801124 0.003025 0.005547
1 0.681113 0.773895 0.012858 0.016640
1 0.669201 0.755994 0.029877 0.036306
1 0.696808 0.722966 0.018531 0.022691
1 0.685652 0.731790 0.012102 0.020170
1 0.711746 0.717924 0.014371 0.023700
4 0.754860 0.773643 0.018909 0.028238
3 0.741056 0.790283 0.010211 0.030255
5 0.727819 0.789527 0.017775 0.031768
3 0.720445 0.805411 0.012858 0.012102
5 0.769042 0.308222 0.016262 0.036306
5 0.459307 0.168293 0.011724 0.019666
4 0.480107 0.121398 0.010211 0.019666
5 0.427729 0.607493 0.009833 0.024708
5 0.391423 0.327887 0.009076 0.011093
4 0.382914 0.302423 0.007186 0.019666
4 0.375539 0.302423 0.006807 0.023700
3 0.346797 0.774651 0.012102 0.012102
3 0.335451 0.776668 0.008320 0.010085
5 0.255654 0.834405 0.011346 0.029751
5 0.191362 0.785997 0.011346 0.028742
5 0.239959 0.702292 0.006429 0.027734
3 0.245821 0.700527 0.010589 0.029246
4 0.255087 0.685652 0.010967 0.007564
4 0.249792 0.689181 0.009455 0.012606
4 0.255087 0.618082 0.008698 0.016640
4 0.245443 0.604720 0.007564 0.007059
4 0.239959 0.596148 0.006429 0.005042
5 0.274374 0.589088 0.014749 0.031263
5 0.335640 0.652371 0.007186 0.018657
5 0.329967 0.658170 0.004916 0.012102
5 0.322782 0.657666 0.007942 0.012102
5 0.135958 0.820034 0.013993 0.016136
5 0.122154 0.831379 0.009076 0.011598
5 0.110430 0.656909 0.009076 0.014623
5 0.113078 0.650102 0.009076 0.013110
3 0.092277 0.705317 0.008320 0.019666
3 0.096248 0.696745 0.007186 0.007564
5 0.083201 0.399995 0.014371 0.025212
4 0.115536 0.383355 0.011724 0.022187