5 0.996590 0.358974 0.006819 0.018549
5 0.861839 0.385161 0.007365 0.010911
5 0.847927 0.384888 0.008183 0.013639
5 0.840153 0.352973 0.008183 0.013093
5 0.830333 0.354064 0.005728 0.016367
5 0.901937 0.371795 0.005728 0.014730
5 0.884547 0.372613 0.008592 0.014184
5 0.921986 0.392799 0.008183 0.010911
5 0.911757 0.402346 0.012275 0.015821
5 0.744613 0.778232 0.023322 0.075832
5 0.781028 0.799509 0.012684 0.049645
5 0.807010 0.798145 0.017185 0.084015
5 0.799441 0.753410 0.035597 0.053464
5 0.819081 0.789962 0.013502 0.065466
5 0.831765 0.765685 0.020049 0.071468
5 0.729269 0.908620 0.028642 0.058374
5 0.750750 0.899345 0.019231 0.052919
5 0.769572 0.886798 0.022504 0.066012
5 0.796781 0.888434 0.017185 0.060556
5 0.807420 0.908620 0.009820 0.047463
5 0.748909 0.938898 0.015548 0.041462
5 0.762616 0.932897 0.012684 0.038189
5 0.780210 0.926896 0.019231 0.039280
5 0.917690 0.878069 0.011047 0.026732
5 0.948172 0.916803 0.013093 0.026732
5 0.560079 0.852155 0.011866 0.021822
5 0.671986 0.901255 0.014730 0.015276
5 0.675873 0.914621 0.006956 0.020185
5 0.612861 0.626296 0.009411 0.024004
5 0.597109 0.616476 0.010638 0.022913
5 0.716380 0.428260 0.011866 0.049100
5 0.671986 0.426077 0.009820 0.028369
5 0.682420 0.422531 0.011866 0.022368
5 0.642935 0.401255 0.011457 0.039825
5 0.608361 0.457447 0.017594 0.033279
5 0.615726 0.394981 0.010229 0.022913
5 0.629228 0.396890 0.011866 0.035461
5 0.656438 0.282597 0.018822 0.067649
5 0.671167 0.240044 0.021277 0.036007
5 0.678737 0.298963 0.013502 0.036007
5 0.678737 0.323786 0.013502 0.031097
2 0.396004 0.292690 0.021686 0.056192
5 0.441830 0.338243 0.011047 0.027278
5 0.413598 0.322422 0.017594 0.018549
5 0.470267 0.325150 0.021277 0.090562
5 0.501159 0.466176 0.022504 0.074741
5 0.463312 0.426623 0.027823 0.090562
5 0.438557 0.359793 0.024141 0.063830
5 0.422395 0.639662 0.007365 0.021277
5 0.413598 0.659029 0.015139 0.016367
5 0.441626 0.690671 0.013912 0.032733
5 0.430987 0.700764 0.008183 0.022368
5 0.420963 0.724495 0.012684 0.024004
5 0.413189 0.735952 0.011047 0.030551
5 0.419940 0.694763 0.018003 0.022368
5 0.452059 0.720404 0.010229 0.033279
5 0.457992 0.710857 0.011457 0.028369
5 0.443058 0.720676 0.010229 0.038189
5 0.435079 0.722859 0.017185 0.036007
5 0.456765 0.799509 0.011457 0.025641
5 0.352837 0.901255 0.011457 0.025095
5 0.367976 0.920622 0.009002 0.030005
5 0.371863 0.912711 0.009411 0.022913
5 0.304146 0.707583 0.009002 0.024004
5 0.213516 0.554828 0.009411 0.026187
5 0.206560 0.560284 0.010229 0.017458
5 0.146004 0.614021 0.010229 0.016912
5 0.143958 0.713857 0.014321 0.015821
0 0.500798 0.495745 0.987766 0.991489