0 0.500000 0.454523 1.000000 0.909046
1 0.446260 0.378817 0.040088 0.042357
1 0.482755 0.399995 0.010211 0.009076
1 0.503744 0.384868 0.007564 0.015127
1 0.456282 0.447142 0.018531 0.016640
1 0.430376 0.454202 0.020422 0.024708
1 0.520952 0.499836 0.012480 0.008068
1 0.508850 0.528074 0.017018 0.023195
1 0.405037 0.509165 0.022691 0.018657
1 0.445692 0.474119 0.009455 0.015127
5 0.504500 0.418652 0.011346 0.041348
5 0.494478 0.419409 0.009455 0.029751
5 0.488428 0.420417 0.008698 0.021683
5 0.506959 0.451428 0.011724 0.028238
5 0.470085 0.444621 0.021178 0.056980
5 0.473300 0.475884 0.019287 0.032776
5 0.473300 0.499584 0.017018 0.025717
5 0.430565 0.491264 0.018531 0.048408
5 0.455336 0.420165 0.009076 0.037314
5 0.437561 0.381086 0.009076 0.014623
5 0.311058 0.868442 0.017775 0.042357
3 0.151464 0.344276 0.013237 0.016640
3 0.082445 0.103749 0.010589 0.019666
3 0.084903 0.120137 0.013237 0.024204
4 0.043302 0.117112 0.020800 0.023195
3 0.093979 0.082571 0.007186 0.012606
5 0.117238 0.012228 0.015127 0.018153