1 0.787780 0.653573 0.066285 0.084015
1 0.729883 0.527823 0.042144 0.038734
1 0.790030 0.512821 0.041326 0.045827
1 0.781028 0.461266 0.047054 0.048554
1 0.761798 0.361157 0.063421 0.090562
1 0.671781 0.413257 0.042144 0.057283
1 0.651732 0.476814 0.046236 0.061102
5 0.716380 0.395799 0.015957 0.020185
5 0.704924 0.440807 0.031506 0.012002
5 0.685897 0.468903 0.010638 0.025641
5 0.699400 0.470813 0.010638 0.020731
5 0.524891 0.983633 0.018412 0.032733
5 0.501568 0.482815 0.027414 0.076378
5 0.519367 0.519913 0.019640 0.106929
5 0.552714 0.483906 0.019231 0.024004
5 0.555987 0.475996 0.011866 0.037643
5 0.576650 0.475450 0.030278 0.099836
1 0.263434 0.333333 0.134615 0.136388
1 0.067444 0.179760 0.075696 0.050736
5 0.017049 0.250409 0.034097 0.069831
5 0.024686 0.299236 0.019640 0.020185
0 0.416755 0.498936 0.833510 0.997872