5 0.619817 0.016367 0.009411 0.032733
5 0.628205 0.017185 0.010638 0.030005
5 0.964539 0.138025 0.012275 0.020731
5 0.956560 0.148391 0.007774 0.016367
1 0.970881 0.765412 0.055237 0.044735
5 0.903573 0.773595 0.013912 0.033824
5 0.885366 0.778505 0.015957 0.028369
5 0.813557 0.954173 0.014730 0.031642
5 0.846086 0.918167 0.016776 0.040371
5 0.828901 0.900164 0.015139 0.033824
5 0.853655 0.904528 0.013093 0.027278
5 0.839539 0.885979 0.006956 0.024004
1 0.747272 0.645117 0.033552 0.051828
5 0.634138 0.922259 0.017594 0.043099
5 0.609384 0.912711 0.014730 0.026187
5 0.651118 0.917076 0.018003 0.028369
5 0.513639 0.228314 0.015548 0.037643
5 0.510979 0.433988 0.014321 0.048554
5 0.525505 0.376705 0.013912 0.034370
5 0.409711 0.323513 0.017185 0.033824
5 0.385366 0.290780 0.017594 0.060011
1 0.376364 0.320513 0.034779 0.033279
1 0.370226 0.268685 0.023322 0.049645
1 0.416667 0.239225 0.040917 0.043099
1 0.417690 0.293781 0.035597 0.025641
1 0.429965 0.344517 0.033142 0.033279
1 0.454105 0.280960 0.016776 0.038189
2 0.463312 0.287507 0.009002 0.016367
1 0.340153 0.352700 0.022913 0.042008
5 0.327059 0.256956 0.013093 0.032733
5 0.306806 0.213584 0.020049 0.038734
5 0.308033 0.252591 0.013502 0.037098
5 0.298213 0.155756 0.018412 0.035461
5 0.172804 0.164212 0.016367 0.050191
5 0.134752 0.216039 0.012275 0.038189
5 0.151732 0.214675 0.012684 0.035461
5 0.143140 0.254501 0.019231 0.027823
5 0.165439 0.352155 0.009002 0.023459
5 0.153778 0.352973 0.007774 0.024004
5 0.218017 0.421440 0.010229 0.023459
5 0.226814 0.432897 0.009820 0.023459
5 0.117771 0.828151 0.017594 0.043644
5 0.248091 0.829242 0.013093 0.033824
1 0.305783 0.738134 0.033552 0.057829
1 0.318672 0.796781 0.028232 0.046372
1 0.292280 0.786143 0.023732 0.029460
1 0.280415 0.858702 0.023732 0.018549
5 0.260161 0.887616 0.017594 0.046918
5 0.072763 0.037916 0.009411 0.026732
1 0.008865 0.118931 0.017730 0.032733
5 0.143140 0.142390 0.015957 0.032733
1 0.021413 0.645390 0.039280 0.022913
1 0.035325 0.687943 0.024550 0.028369
1 0.051077 0.721768 0.021686 0.040371
1 0.007024 0.732133 0.014048 0.025095
0 0.498138 0.503191 0.996276 0.993617