2 0.027817 0.375631 0.012107 0.017296
2 0.048356 0.414835 0.017728 0.021908
2 0.079921 0.365830 0.018593 0.020755
0 0.055923 0.358528 0.095127 0.053040
2 0.345844 0.512460 0.023782 0.028826
0 0.401407 0.406187 0.051887 0.053040
2 0.424756 0.419735 0.021620 0.023638
2 0.445367 0.422810 0.019025 0.028250
2 0.462879 0.484787 0.015999 0.040357
2 0.505254 0.487958 0.041078 0.060535
2 0.561393 0.374959 0.031132 0.050158
0 0.493939 0.428864 0.082155 0.081867
2 0.702354 0.096016 0.013837 0.027673
2 0.680950 0.343922 0.015999 0.024214
2 0.664952 0.346228 0.014269 0.029979
2 0.675978 0.639680 0.025079 0.044969
0 0.781482 0.842137 0.067454 0.074372
2 0.774564 0.443373 0.019890 0.034015
2 0.735432 0.365350 0.020323 0.029403
2 0.816506 0.344018 0.024214 0.036321
2 0.850665 0.477869 0.025079 0.028826
2 0.850449 0.442412 0.024647 0.040933
2 0.863205 0.463744 0.013837 0.031709
2 0.875528 0.413586 0.029835 0.044393
2 0.891959 0.380147 0.020323 0.034015
2 0.913362 0.375535 0.024214 0.042086
5 0.500792 0.503960 0.962747 0.992079