1 0.906981 0.206432 0.067517 0.065189
1 0.834808 0.178804 0.045167 0.045943
1 0.836438 0.284969 0.022351 0.050910
1 0.767058 0.396101 0.028869 0.036009
1 0.799885 0.402620 0.047029 0.066431
1 0.845285 0.557522 0.067983 0.091886
2 0.800118 0.507543 0.018625 0.044080
2 0.774042 0.505060 0.024213 0.052772
3 0.798954 0.496678 0.022816 0.034767
5 0.628298 0.736636 0.015832 0.054014
5 0.642267 0.699385 0.016763 0.060222
5 0.562178 0.662445 0.016763 0.065810
5 0.578010 0.688831 0.017694 0.067672
5 0.590582 0.674551 0.021419 0.062706
5 0.399904 0.751537 0.013503 0.035388
5 0.398274 0.732911 0.014900 0.034147
5 0.408285 0.756193 0.012572 0.043459
5 0.421556 0.762401 0.017694 0.048426
5 0.433197 0.757745 0.020488 0.047805
5 0.490470 0.441423 0.013969 0.048426
5 0.625272 0.308561 0.007916 0.033526
5 0.600127 0.302353 0.019091 0.040976
5 0.633886 0.299249 0.010244 0.031042
5 0.583364 0.245545 0.011641 0.044080
5 0.597101 0.238716 0.012107 0.036630
5 0.604551 0.233749 0.010244 0.040355
1 0.611535 0.266965 0.069845 0.058360
1 0.580338 0.113926 0.040976 0.058981
1 0.557522 0.020178 0.067052 0.040355
1 0.487909 0.036630 0.068449 0.044701
1 0.460669 0.072329 0.037251 0.049047
1 0.504672 0.077606 0.041442 0.052151
1 0.467188 0.122307 0.048426 0.044701
1 0.409216 0.094990 0.051686 0.076985
1 0.369637 0.135655 0.033060 0.073881
1 0.563109 0.431800 0.033526 0.050289
1 0.587555 0.356056 0.041442 0.046564
5 0.586624 0.379338 0.021885 0.038493
5 0.293972 0.763643 0.025144 0.052151
5 0.265801 0.724219 0.018160 0.058981
5 0.266965 0.764264 0.008381 0.033526
5 0.273251 0.789719 0.029335 0.043459
5 0.353806 0.586701 0.014435 0.043459
5 0.365912 0.596325 0.011641 0.042839
5 0.376622 0.590427 0.020022 0.039734
5 0.377786 0.609983 0.018625 0.032905
5 0.392221 0.592289 0.019557 0.050910
1 0.290479 0.221332 0.071242 0.082573
0 0.471550 0.434625 0.943099 0.869249