2 0.511359 0.605414 0.029740 0.060306
2 0.502065 0.651263 0.023544 0.042957
2 0.476043 0.634328 0.023544 0.042131
2 0.417803 0.639285 0.026022 0.063610
2 0.500516 0.542630 0.017968 0.057001
1 0.516935 0.538913 0.009913 0.059480
2 0.463651 0.550892 0.026022 0.053697
2 0.449091 0.572783 0.010533 0.041305
1 0.438249 0.545109 0.017348 0.042131
0 0.353676 0.637219 0.037794 0.057827
0 0.437010 0.069703 0.126394 0.139405
0 0.629374 0.298808 0.066724 0.067995
2 0.625084 0.307069 0.018111 0.031138
0 0.701340 0.192242 0.026690 0.025419
0 0.145498 0.454427 0.094796 0.096654
2 0.173879 0.622988 0.017634 0.041305
2 0.161964 0.618857 0.009055 0.034315
2 0.125743 0.611232 0.017634 0.027960
2 0.174117 0.644276 0.008579 0.025419
0 0.192705 0.364069 0.089601 0.085722
2 0.197947 0.404070 0.011438 0.023512
2 0.222731 0.322797 0.020017 0.015887
0 0.126601 0.208987 0.059480 0.071871
0 0.320771 0.324796 0.028119 0.043847
2 0.265505 0.503964 0.011915 0.040670
0 0.267650 0.553530 0.043847 0.047024
0 0.285284 0.632328 0.034315 0.039399
1 0.314595 0.593564 0.011915 0.039399
1 0.253352 0.509683 0.019064 0.035586
0 0.198376 0.075456 0.134758 0.149584
5 0.430091 0.467266 0.860182 0.927303