2 0.197660 0.421685 0.038336 0.091388
2 0.231931 0.434851 0.020911 0.080545
2 0.267363 0.434076 0.017426 0.085192
2 0.255165 0.432527 0.020911 0.103779
2 0.368431 0.588979 0.036013 0.097600
2 0.417804 0.571932 0.027881 0.091388
2 0.396893 0.544826 0.027881 0.071252
2 0.288854 0.433302 0.030204 0.058860
0 0.284208 0.473574 0.078996 0.102230
0 0.349263 0.520043 0.048792 0.065056
2 0.782581 0.309402 0.046468 0.071252
2 0.691387 0.388398 0.029043 0.049566
2 0.670476 0.345802 0.049954 0.075898
2 0.387600 0.425573 0.018587 0.043371
0 0.507837 0.259061 0.103392 0.097584
2 0.186350 0.963334 0.040034 0.073332
1 0.212087 0.873819 0.057192 0.058253
0 0.099133 0.929605 0.128682 0.140790
2 0.232524 0.277899 0.018587 0.031343
5 0.500000 0.497831 1.000000 0.995662
2 0.868649 0.756506 0.063197 0.126394