0 0.500000 0.500000 1.000000 1.000000
5 0.520952 0.453697 0.011724 0.034793
5 0.510362 0.458236 0.010967 0.031768
5 0.491642 0.456975 0.021935 0.058493
4 0.464602 0.401760 0.021557 0.016640
1 0.519817 0.431763 0.032146 0.028238
5 0.350768 0.467816 0.021557 0.060006
5 0.359277 0.509165 0.028742 0.047904
5 0.330913 0.535133 0.021935 0.066561
5 0.450042 0.322341 0.026473 0.068578
1 0.810831 0.277210 0.016640 0.020674
1 0.794758 0.247712 0.020800 0.019161
5 0.930905 0.573961 0.023069 0.052442
5 0.893843 0.579003 0.023069 0.049416
5 0.962295 0.497063 0.007942 0.019666
5 0.954164 0.500845 0.005295 0.020170
5 0.946033 0.498575 0.011724 0.020674
5 0.815559 0.567153 0.012480 0.024708
5 0.826904 0.571187 0.009455 0.014623
5 0.746351 0.411593 0.014749 0.040340
5 0.701725 0.035928 0.011724 0.019161
1 0.192119 0.043239 0.027229 0.023700
1 0.151842 0.083327 0.032146 0.026221
1 0.154300 0.023069 0.047651 0.042861
5 0.022880 0.652119 0.023826 0.063535
5 0.008131 0.647077 0.016262 0.069586