1 0.462688 0.558075 0.035252 0.075204
2 0.417181 0.581149 0.026279 0.080332
2 0.433525 0.497399 0.016665 0.034184
0 0.463329 0.480307 0.078836 0.042730
4 0.473263 0.502099 0.021792 0.031620
4 0.396030 0.569185 0.018587 0.042730
4 0.383211 0.523891 0.022433 0.030765
0 0.409489 0.488853 0.027561 0.070076
0 0.410130 0.491844 0.019869 0.069222
1 0.718711 0.245973 0.023544 0.059480
1 0.714374 0.145601 0.018587 0.048740
1 0.699091 0.138579 0.022305 0.051219
2 0.659748 0.207972 0.025403 0.038001
0 0.725114 0.213755 0.044610 0.019827
4 0.786142 0.726817 0.021685 0.033044
4 0.763527 0.744166 0.022305 0.028088
4 0.739364 0.728470 0.021066 0.019827
2 0.674336 0.230584 0.019592 0.036840
0 0.531351 0.297150 0.028253 0.033705
1 0.252912 0.021066 0.023048 0.026766
2 0.847036 0.272843 0.026451 0.066724
2 0.850253 0.283805 0.021447 0.008579
2 0.825231 0.275703 0.037175 0.064817
2 0.858474 0.265217 0.022162 0.036222
2 0.863836 0.189676 0.051473 0.042419
4 0.869912 0.310018 0.016443 0.047660
2 0.893147 0.280945 0.014298 0.029549
2 0.184518 0.498931 0.033690 0.104213
2 0.228663 0.538646 0.049954 0.071252
2 0.078559 0.071331 0.011915 0.032409
2 0.090236 0.072920 0.018111 0.027960
2 0.060687 0.567563 0.035268 0.054015
5 0.500000 0.500000 1.000000 1.000000