4 0.374458 0.678930 0.017702 0.056647
1 0.678051 0.810320 0.026553 0.083397
1 0.697524 0.833923 0.023013 0.067662
1 0.717439 0.818975 0.029209 0.103853
2 0.505897 0.667129 0.018587 0.086544
2 0.447480 0.646673 0.029209 0.089691
2 0.486867 0.531805 0.026553 0.080250
4 0.467837 0.546754 0.022128 0.062941
4 0.394815 0.571143 0.023013 0.073956
4 0.412960 0.547540 0.016817 0.095986
4 0.431990 0.538099 0.019472 0.058221
4 0.355871 0.643526 0.023013 0.086544
4 0.117720 0.822181 0.033457 0.095828
4 0.068463 0.731309 0.027881 0.112350
4 0.041512 0.739570 0.037175 0.089219
5 0.499380 0.500000 0.998760 1.000000