1 0.779801 0.248500 0.030687 0.037643
1 0.792690 0.285597 0.014730 0.019094
1 0.828287 0.306056 0.018822 0.028369
4 0.987043 0.407529 0.009002 0.029460
5 0.979064 0.396890 0.009411 0.025641
3 0.969449 0.393071 0.004910 0.022368
3 0.974973 0.386798 0.005319 0.022913
3 0.952469 0.444899 0.007774 0.025641
3 0.996386 0.393890 0.007228 0.024004
5 0.855701 0.662029 0.012275 0.027823
5 0.874523 0.662302 0.009820 0.025095
5 0.886388 0.665576 0.008183 0.028369
3 0.875546 0.678669 0.013502 0.030551
3 0.958606 0.598745 0.011047 0.022368
3 0.944490 0.609656 0.011457 0.031097
3 0.946740 0.600927 0.005319 0.019094
3 0.950423 0.611839 0.008592 0.026732
3 0.941626 0.650573 0.008183 0.026732
3 0.952673 0.656574 0.012275 0.027823
4 0.960447 0.636934 0.019640 0.020185
3 0.962902 0.660120 0.008183 0.027278
3 0.970267 0.657665 0.007365 0.034370
3 0.998432 0.648936 0.003136 0.015821
3 0.991953 0.645117 0.004092 0.009274
1 0.865112 0.554828 0.028642 0.037098
4 0.655005 0.820240 0.006137 0.013639
3 0.649073 0.825423 0.009820 0.022913
1 0.670554 0.034370 0.026596 0.037098
5 0.608565 0.046918 0.010638 0.030551
5 0.597109 0.053464 0.007365 0.022913
5 0.566012 0.389798 0.013093 0.037643
3 0.591585 0.384615 0.014321 0.045827
5 0.495431 0.339880 0.006137 0.031642
5 0.540235 0.422531 0.009002 0.022368
3 0.505865 0.396618 0.008183 0.013093
3 0.514253 0.393890 0.009411 0.007638
3 0.498091 0.397436 0.018003 0.013639
1 0.499113 0.416258 0.027414 0.016367
1 0.522436 0.403164 0.014321 0.039280
4 0.481519 0.454446 0.011047 0.033824
4 0.499932 0.443262 0.012684 0.039825
3 0.491135 0.448172 0.007365 0.033279
3 0.496045 0.458811 0.008183 0.027278
3 0.473336 0.572286 0.010229 0.042553
3 0.454105 0.564103 0.007774 0.034915
4 0.459629 0.563830 0.009002 0.031097
5 0.431192 0.611020 0.011047 0.036007
5 0.414416 0.624932 0.011047 0.043099
4 0.423009 0.626296 0.010229 0.036007
3 0.478655 0.335243 0.008592 0.030005
3 0.490316 0.334152 0.006547 0.024550
3 0.486839 0.339062 0.005319 0.038734
5 0.448582 0.166939 0.008183 0.018549
5 0.449400 0.144299 0.008183 0.025641
5 0.442035 0.148663 0.011457 0.026732
5 0.460038 0.130115 0.010638 0.024550
5 0.465357 0.142390 0.009002 0.022913
1 0.614089 0.775777 0.050327 0.048009
0 0.533511 0.498936 0.919149 0.997872