2 0.500000 0.500000 1.000000 1.000000
2 0.431910 0.582111 0.023657 0.130675
2 0.534563 0.516210 0.022812 0.084488
2 0.560754 0.516210 0.038020 0.088994
2 0.693400 0.480725 0.054917 0.132928
2 0.523157 0.338222 0.037175 0.084488
2 0.491474 0.373707 0.048158 0.065337
2 0.490206 0.374728 0.011828 0.048440
2 0.409952 0.425421 0.023676 0.073223
2 0.371923 0.376418 0.021967 0.051819
2 0.371501 0.424857 0.029571 0.054072
2 0.385864 0.414155 0.021122 0.118283
2 0.404029 0.289231 0.050693 0.094627
2 0.450497 0.217134 0.020277 0.049566
2 0.435712 0.163581 0.022812 0.048528
4 0.456541 0.170473 0.025491 0.045318
4 0.536998 0.124093 0.031333 0.063020
2 0.521250 0.031614 0.010962 0.017793
2 0.496616 0.065691 0.139167 0.131382
2 0.600991 0.099609 0.024783 0.045754
2 0.616004 0.093572 0.026213 0.061640
2 0.614574 0.053538 0.020494 0.051473
2 0.652206 0.099732 0.020386 0.051165
2 0.274852 0.559342 0.023751 0.053697
2 0.293956 0.562784 0.022718 0.066088
2 0.244906 0.526986 0.011359 0.060581
2 0.130628 0.241291 0.036142 0.067465
2 0.143536 0.312199 0.039240 0.071596
2 0.169352 0.304626 0.039240 0.108770
4 0.272098 0.171761 0.034077 0.101886
4 0.308757 0.192414 0.043371 0.068842
2 0.270033 0.251618 0.019620 0.055074
2 0.296365 0.249553 0.033044 0.034421
0 0.887485 0.337299 0.217100 0.240892
2 0.732466 0.121685 0.018587 0.043618
2 0.748451 0.134572 0.022305 0.045601
2 0.735068 0.085502 0.017844 0.042627
2 0.747336 0.057249 0.021561 0.037670
2 0.767782 0.076580 0.022305 0.024783
2 0.764064 0.050805 0.031227 0.058488
0 0.772986 0.077076 0.113011 0.140768
0 0.168835 0.085192 0.310409 0.170384
5 0.403036 0.589219 0.050186 0.104089