0 0.500000 0.500246 1.000000 0.999508
4 0.487104 0.389154 0.021178 0.036810
4 0.449096 0.393440 0.016262 0.021178
4 0.444369 0.375035 0.014371 0.011598
4 0.901596 0.115347 0.008320 0.023700
4 0.963808 0.052568 0.004916 0.013110
4 0.925989 0.081310 0.006429 0.018153
4 0.894032 0.888107 0.009076 0.014119
4 0.710801 0.264100 0.012480 0.031768
1 0.713826 0.140307 0.024582 0.029246
1 0.731790 0.167789 0.015127 0.020674
4 0.659179 0.797343 0.009833 0.013110
1 0.474624 0.225777 0.016640 0.014623
1 0.469707 0.243930 0.014371 0.013615
1 0.488049 0.258553 0.024582 0.029751
1 0.457416 0.264100 0.013993 0.010589
1 0.468762 0.286539 0.017018 0.012102
5 0.469329 0.441343 0.010589 0.025212
5 0.494289 0.606989 0.013615 0.042861
1 0.478406 0.549000 0.020422 0.017649
1 0.469707 0.577995 0.022691 0.033280
1 0.504122 0.583037 0.014371 0.021178
1 0.517737 0.567405 0.009833 0.019161
1 0.522275 0.615813 0.017397 0.013110
1 0.481242 0.618587 0.019287 0.013615
1 0.455903 0.621360 0.020800 0.035297
4 0.476893 0.633714 0.010589 0.016640
1 0.537403 0.717671 0.023448 0.028238
1 0.499017 0.695232 0.030633 0.029751
1 0.460064 0.724983 0.019287 0.028742
1 0.512631 0.760785 0.014749 0.020674
4 0.499773 0.778685 0.013993 0.043365
1 0.468195 0.822303 0.018909 0.021683
5 0.313138 0.164763 0.011346 0.009581
1 0.243930 0.527318 0.022691 0.030759
1 0.180584 0.521267 0.020044 0.024708
4 0.167536 0.799864 0.009833 0.020170
1 0.176991 0.795830 0.012102 0.019161
1 0.151653 0.797343 0.018153 0.029246
1 0.116292 0.760028 0.017018 0.020170
1 0.135580 0.792804 0.014749 0.027229