0 0.500000 0.501229 1.000000 0.997542
5 0.507337 0.482692 0.010211 0.011093
5 0.499962 0.491012 0.012102 0.039836
5 0.491642 0.522023 0.006051 0.015127
5 0.376484 0.403777 0.020044 0.041853
5 0.384237 0.319819 0.013615 0.044374
1 0.478216 0.405542 0.011724 0.015127
1 0.523788 0.461261 0.012102 0.016640
1 0.443045 0.465295 0.015506 0.020674
1 0.458362 0.479666 0.009076 0.014119
1 0.437561 0.506139 0.011346 0.016640
1 0.451176 0.521015 0.015884 0.010085
1 0.337153 0.283766 0.041222 0.032776
1 0.310680 0.269395 0.012480 0.019161
5 0.383670 0.204599 0.009455 0.031768
5 0.240716 0.216449 0.020044 0.032272
5 0.256032 0.333938 0.007564 0.015127
4 0.237312 0.296876 0.010967 0.022691
4 0.186068 0.299650 0.012102 0.014119
1 0.284018 0.183168 0.027229 0.053450
1 0.278345 0.243426 0.038575 0.030759
1 0.230126 0.199052 0.022313 0.015632
1 0.231450 0.169553 0.024960 0.021178
1 0.228235 0.129970 0.010967 0.016640
1 0.246956 0.022817 0.011346 0.013110
1 0.235232 0.008950 0.008320 0.010589
1 0.203842 0.250485 0.006807 0.012606
1 0.164889 0.308474 0.012102 0.015632
1 0.021935 0.316038 0.033280 0.061014
5 0.017397 0.025086 0.012102 0.022691
1 0.185122 0.284270 0.010211 0.012606
1 0.142198 0.234349 0.019666 0.020674
1 0.180584 0.242165 0.010967 0.009076