2 0.780239 0.371950 0.048544 0.152294
2 0.739815 0.382004 0.029983 0.150390
2 0.709119 0.407704 0.037122 0.186560
2 0.675566 0.450536 0.024272 0.177042
2 0.632020 0.452440 0.022844 0.138968
2 0.660575 0.459103 0.022844 0.182753
2 0.624881 0.436259 0.039977 0.129450
2 0.590615 0.449584 0.045688 0.125642
2 0.519227 0.314424 0.039977 0.152294
2 0.554921 0.324894 0.031411 0.146583
2 0.842772 0.721188 0.033981 0.079827
2 0.951996 0.797780 0.032362 0.056095
2 0.889698 0.793465 0.033981 0.107875
0 0.912352 0.806410 0.021036 0.099245
2 0.937163 0.728740 0.125674 0.176915
5 0.500000 0.495955 1.000000 0.991909