1 0.583541 0.535133 0.044626 0.035297
1 0.544021 0.517737 0.017018 0.020674
1 0.463845 0.460505 0.010967 0.014119
1 0.511308 0.436553 0.018153 0.022691
3 0.502799 0.424955 0.017775 0.069082
3 0.477082 0.504122 0.015506 0.041853
3 0.461387 0.497063 0.018153 0.021683
3 0.442100 0.468068 0.009076 0.036306
5 0.491642 0.541184 0.030255 0.067569
5 0.520952 0.550513 0.026095 0.055972
3 0.454202 0.472355 0.011346 0.026725
3 0.591105 0.563119 0.018153 0.028742
3 0.527192 0.513451 0.014371 0.016136
5 0.273240 0.544966 0.008698 0.025717
5 0.257734 0.223256 0.018531 0.050929
5 0.250548 0.256032 0.017775 0.044878
5 0.234097 0.249729 0.013615 0.055467
5 0.268134 0.270907 0.014371 0.042357
4 0.288556 0.268134 0.020422 0.048912
4 0.312760 0.300154 0.015884 0.046391
4 0.205922 0.167536 0.010211 0.022187
4 0.195900 0.151401 0.013615 0.035297
1 0.315029 0.271412 0.021935 0.017144
1 0.235232 0.202834 0.011346 0.011093
4 0.215755 0.538159 0.011724 0.017144
4 0.230315 0.539924 0.009076 0.022691
4 0.248090 0.532108 0.010589 0.011093
5 0.237123 0.548748 0.009076 0.026221
3 0.245065 0.552530 0.006807 0.010589
3 0.246956 0.543706 0.009833 0.020170
3 0.221428 0.553034 0.008698 0.015632
3 0.266810 0.434788 0.010967 0.023195
3 0.254330 0.437057 0.010967 0.033785
3 0.171129 0.125684 0.011724 0.019161
3 0.185879 0.123919 0.013237 0.017649
5 0.162809 0.142828 0.010967 0.029246
3 0.221428 0.235106 0.013237 0.036306
5 0.150707 0.037945 0.015506 0.010085
3 0.145791 0.018279 0.015506 0.018153
1 0.151464 0.110052 0.024582 0.038323
1 0.166213 0.073746 0.010211 0.011093
1 0.167915 0.035928 0.006051 0.012102
1 0.157704 0.046013 0.005295 0.015127
0 0.500737 0.421337 0.998525 0.833825