0 0.500000 0.250983 1.000000 0.501966
5 0.428485 0.337216 0.041600 0.093286
5 0.437183 0.385876 0.057484 0.108918
5 0.465169 0.307970 0.021935 0.064040
5 0.481431 0.296372 0.022691 0.074124
5 0.449285 0.416131 0.052946 0.101858
5 0.488806 0.403020 0.036684 0.113960
5 0.476326 0.439326 0.025338 0.063535
5 0.514711 0.405542 0.037062 0.096816
5 0.520006 0.455462 0.027986 0.041348
5 0.536268 0.395709 0.046139 0.094294
5 0.544966 0.457731 0.024204 0.041853
5 0.563876 0.398482 0.024960 0.074629
5 0.555556 0.320576 0.049164 0.113456
5 0.953786 0.160729 0.027229 0.043870
5 0.968535 0.247964 0.019666 0.073116
5 0.953407 0.234602 0.024204 0.073620
5 0.936767 0.264604 0.025717 0.053955
5 0.915022 0.237123 0.038197 0.069586
5 0.880985 0.227038 0.027608 0.052442
5 0.841653 0.259058 0.024582 0.029751
5 0.852621 0.210398 0.026851 0.048408
1 0.880607 0.169806 0.038953 0.031768