2 0.459682 0.397778 0.044403 0.133554
2 0.492210 0.462490 0.030979 0.075726
3 0.507183 0.402597 0.048534 0.099133
2 0.567076 0.550392 0.040273 0.090872
2 0.543842 0.557277 0.043371 0.099133
2 0.371909 0.577929 0.029946 0.090872
2 0.348158 0.529740 0.021685 0.093625
2 0.399273 0.071940 0.024783 0.053697
0 0.333785 0.072112 0.318916 0.144224
0 0.106258 0.197646 0.212515 0.188352
2 0.095753 0.584810 0.037175 0.050693
2 0.069984 0.601144 0.024502 0.058578
2 0.403712 0.277391 0.016053 0.054072
2 0.420187 0.289219 0.035485 0.066464
4 0.829616 0.880421 0.063197 0.156134
5 0.500000 0.500000 1.000000 1.000000