5 0.679053 0.555038 0.024213 0.047184
5 0.544251 0.376544 0.006985 0.027938
5 0.554262 0.376234 0.019557 0.028559
5 0.467654 0.494195 0.006519 0.034767
5 0.473707 0.484882 0.008381 0.029801
5 0.518641 0.603775 0.012572 0.030422
4 0.505138 0.608742 0.015366 0.042839
5 0.318417 0.607810 0.007916 0.023592
5 0.291667 0.607747 0.011866 0.017458
5 0.301282 0.609929 0.005728 0.018549
5 0.309056 0.614294 0.009820 0.025095
5 0.125341 0.824604 0.008183 0.026732
3 0.136184 0.829242 0.013502 0.029460
5 0.138639 0.927169 0.007774 0.020185
5 0.234179 0.469722 0.010638 0.012002
5 0.155005 0.180578 0.009411 0.030551
5 0.066012 0.415166 0.008183 0.017458
5 0.059261 0.408620 0.007774 0.008729
5 0.279801 0.098472 0.016776 0.019094
5 0.360406 0.152482 0.013502 0.021277
5 0.293508 0.550464 0.009820 0.020731
0 0.503457 0.500000 0.993085 1.000000