2 0.950627 0.683033 0.027005 0.024004
5 0.958606 0.734588 0.015957 0.048554
1 0.977223 0.717130 0.035188 0.066012
1 0.875341 0.565739 0.054010 0.064375
1 0.760979 0.537098 0.030687 0.096563
1 0.740930 0.415166 0.045417 0.037098
1 0.794326 0.386252 0.062193 0.080742
1 0.675464 0.578014 0.029869 0.021277
1 0.639866 0.523186 0.040507 0.033824
1 0.625341 0.581015 0.020458 0.036007
5 0.731519 0.565194 0.029869 0.076378
5 0.678532 0.628478 0.029460 0.081833
5 0.646413 0.589744 0.023322 0.034915
5 0.640276 0.626023 0.029869 0.075832
5 0.781438 0.528642 0.022504 0.065466
5 0.718426 0.428260 0.021686 0.041462
5 0.724973 0.450355 0.022504 0.066012
5 0.753205 0.447627 0.019231 0.064921
5 0.776118 0.432079 0.017594 0.051282
5 0.788189 0.408347 0.013093 0.044190
5 0.788393 0.453901 0.010229 0.022913
5 0.741339 0.014457 0.013502 0.028914
1 0.407870 0.016367 0.056056 0.032733
1 0.336470 0.122750 0.069558 0.052373
1 0.361839 0.197763 0.056465 0.036552
1 0.253819 0.237043 0.049100 0.036552
1 0.277141 0.034643 0.044190 0.063830
1 0.286143 0.569558 0.036825 0.054555
1 0.353451 0.553464 0.046236 0.057283
1 0.291258 0.476814 0.052782 0.039280
1 0.228451 0.526732 0.022913 0.038734
1 0.244408 0.492908 0.040917 0.038734
5 0.265480 0.519094 0.019231 0.043099
1 0.047395 0.022095 0.028232 0.018003
1 0.062330 0.070649 0.036007 0.037643
1 0.056806 0.125205 0.013502 0.028914
1 0.058033 0.316694 0.020049 0.030005
1 0.078492 0.288598 0.015139 0.028369
1 0.061716 0.286143 0.015139 0.027823
1 0.153573 0.315603 0.022095 0.032188
1 0.131274 0.381888 0.011866 0.019640
1 0.102223 0.372068 0.018412 0.032733
1 0.105701 0.416258 0.024550 0.048009
1 0.085652 0.426896 0.021277 0.082379
1 0.029392 0.416258 0.051146 0.076378
2 0.014457 0.161211 0.010638 0.023459
2 0.022231 0.177032 0.007365 0.016912
2 0.029596 0.182215 0.006547 0.017458
2 0.039621 0.188216 0.010229 0.015276
2 0.031642 0.205947 0.009002 0.015821
0 0.497340 0.497872 0.994680 0.995744