5 0.766503 0.096290 0.009002 0.027823
5 0.756478 0.292962 0.021686 0.061102
5 0.756069 0.330060 0.021686 0.037098
5 0.777141 0.301146 0.008183 0.053464
5 0.768958 0.289143 0.010638 0.029460
5 0.793712 0.281506 0.019231 0.052373
5 0.713516 0.288325 0.016776 0.063830
5 0.649073 0.211675 0.020458 0.060011
5 0.660120 0.234315 0.021277 0.058374
5 0.524073 0.411075 0.009411 0.035461
5 0.533279 0.413530 0.007365 0.025095
5 0.536961 0.430169 0.009002 0.024550
5 0.547600 0.421713 0.011457 0.040371
5 0.528573 0.479269 0.008592 0.028914
5 0.543917 0.474905 0.007365 0.031097
5 0.550873 0.457992 0.009820 0.014730
5 0.555783 0.471631 0.010638 0.027823
5 0.562943 0.479815 0.008592 0.022368
5 0.557215 0.486634 0.008592 0.020731
5 0.598131 0.405346 0.010229 0.015276
5 0.605906 0.412166 0.009411 0.014730
5 0.618999 0.396345 0.006956 0.015821
1 0.631683 0.427441 0.017594 0.030005
5 0.507297 0.475177 0.013502 0.054555
5 0.464948 0.519640 0.016367 0.051828
5 0.476405 0.501909 0.018822 0.052373
5 0.495022 0.498636 0.012684 0.050191
5 0.500136 0.490726 0.013912 0.057283
5 0.085447 0.114839 0.015139 0.034370
0 0.499734 0.332979 0.999468 0.665957