0 0.500000 0.483038 1.000000 0.966076
1 0.945466 0.155687 0.029499 0.055972
1 0.914454 0.185437 0.014371 0.018657
1 0.971182 0.299902 0.028742 0.035802
1 0.945844 0.280992 0.015127 0.017144
4 0.967211 0.269899 0.016262 0.026221
5 0.467816 0.538915 0.047651 0.106396
5 0.454769 0.521519 0.029120 0.059501
5 0.434347 0.593374 0.045004 0.113456
5 0.397285 0.615309 0.040466 0.080680
5 0.360033 0.589088 0.054459 0.051433
5 0.301604 0.539167 0.037440 0.105892
5 0.282883 0.546983 0.040844 0.100345
5 0.323727 0.550513 0.018909 0.091269
5 0.448529 0.373270 0.050677 0.111943
5 0.446638 0.187202 0.032524 0.072612
5 0.423190 0.020800 0.040844 0.041348
5 0.364193 0.032650 0.021935 0.036810
5 0.159027 0.104758 0.025338 0.032776
5 0.164322 0.182160 0.025338 0.061518
1 0.154867 0.254771 0.024582 0.050425
1 0.226912 0.356630 0.027986 0.038323
1 0.184555 0.325870 0.017397 0.014119