0 0.501475 0.504179 0.997050 0.991642
4 0.805348 0.255276 0.013993 0.026221
4 0.816315 0.268386 0.009455 0.020170
4 0.801188 0.282757 0.020044 0.024708
4 0.798540 0.297128 0.012480 0.019161
1 0.786438 0.236366 0.014749 0.030759
1 0.815559 0.238888 0.012480 0.019666
1 0.841086 0.262083 0.018153 0.026725
1 0.989751 0.300406 0.020498 0.049921
1 0.775282 0.329148 0.014371 0.021683
1 0.750700 0.368984 0.032524 0.034793
4 0.825391 0.363437 0.011724 0.024708
4 0.755049 0.329904 0.011724 0.014119
1 0.879850 0.326879 0.017018 0.022187
1 0.836737 0.595139 0.048030 0.032272
4 0.827850 0.596652 0.018909 0.016136
4 0.818017 0.616570 0.017397 0.015632
4 0.847515 0.613796 0.006807 0.011093
4 0.905189 0.530091 0.009455 0.025212
4 0.896490 0.515216 0.010967 0.025717
1 0.669579 0.842725 0.023826 0.029246
1 0.692459 0.863399 0.037819 0.042357
1 0.677710 0.893402 0.027229 0.035802
1 0.645942 0.879787 0.021935 0.031768
1 0.727819 0.471598 0.047273 0.038323
1 0.460064 0.491768 0.024582 0.034289
1 0.474435 0.454706 0.017775 0.023700
1 0.480296 0.427729 0.018153 0.029246
1 0.506580 0.424451 0.032902 0.039836
1 0.548181 0.425712 0.008698 0.026221
1 0.536079 0.468825 0.008698 0.014623
1 0.499584 0.455210 0.009833 0.012606
1 0.539104 0.506391 0.009455 0.016136
1 0.497504 0.596652 0.015506 0.021178
4 0.582974 0.425712 0.007942 0.016136
4 0.512631 0.458488 0.017018 0.029246
4 0.507337 0.480423 0.014749 0.041853
4 0.493911 0.468321 0.013615 0.028742
4 0.489373 0.498828 0.016640 0.030255
4 0.534188 0.553034 0.013237 0.032776
5 0.522275 0.566145 0.013615 0.044878
5 0.470275 0.528326 0.020044 0.049921
5 0.559148 0.406046 0.007942 0.019161
1 0.565767 0.696745 0.012102 0.024708
5 0.557636 0.692207 0.009455 0.009581
1 0.570872 0.688173 0.008698 0.012606
4 0.552908 0.697249 0.008320 0.012606
4 0.504879 0.688677 0.009833 0.011598
1 0.427918 0.657162 0.026095 0.016136
1 0.285531 0.714394 0.012858 0.024708
1 0.310869 0.725235 0.013615 0.014119
1 0.314084 0.677836 0.020044 0.035297
1 0.297254 0.680861 0.013615 0.015127
1 0.287232 0.672037 0.020044 0.023700
1 0.291203 0.636487 0.027229 0.027229
1 0.283640 0.613292 0.017397 0.018153
1 0.304062 0.603711 0.014371 0.015127
1 0.341691 0.662960 0.010967 0.017649
4 0.350768 0.686408 0.024582 0.050425
4 0.329022 0.696745 0.012102 0.032776
4 0.306142 0.693972 0.012480 0.037314
4 0.311436 0.702040 0.014749 0.036306
4 0.272861 0.697249 0.012480 0.011598
4 0.282127 0.661700 0.021178 0.029246
4 0.286287 0.683635 0.007564 0.019666
5 0.321836 0.631445 0.013615 0.011093
1 0.044248 0.585306 0.055215 0.051938
1 0.022691 0.645816 0.043870 0.028742