1 0.032979 0.602128 0.065957 0.119149
1 0.186436 0.338298 0.097340 0.068085
1 0.022606 0.055319 0.045212 0.055319
1 0.069149 0.036170 0.041489 0.059574
1 0.068351 0.247872 0.090957 0.057447
1 0.128989 0.097872 0.039894 0.068085
1 0.158511 0.178723 0.089362 0.085106
1 0.749734 0.205319 0.052660 0.044681
1 0.757713 0.144681 0.046277 0.051064
1 0.633115 0.028096 0.030278 0.056192
1 0.668099 0.014730 0.020049 0.029460
5 0.683033 0.051282 0.009820 0.019640
5 0.671577 0.071195 0.011457 0.037643
5 0.694081 0.081833 0.013093 0.039280
5 0.704924 0.072013 0.011866 0.015276
5 0.710447 0.054010 0.019640 0.015276
5 0.702673 0.093562 0.016367 0.035461
5 0.713721 0.095199 0.012275 0.035461
5 0.720676 0.087561 0.009820 0.045281
5 0.731519 0.090835 0.011866 0.025641
5 0.747477 0.083742 0.014321 0.036552
5 0.713107 0.432351 0.009411 0.033279
5 0.731724 0.423895 0.011457 0.025095
5 0.636388 0.277960 0.019640 0.040917
1 0.637821 0.343699 0.054419 0.049100
1 0.730087 0.352700 0.024550 0.027823
1 0.522027 0.056192 0.035597 0.057829
1 0.597722 0.531642 0.024141 0.059465
1 0.562739 0.516639 0.024550 0.046918
1 0.580537 0.565194 0.014321 0.057829
1 0.598950 0.585652 0.012684 0.035461
1 0.568672 0.578560 0.028232 0.058374
1 0.560897 0.615112 0.021686 0.069285
1 0.547190 0.615930 0.016367 0.070922
1 0.533279 0.609656 0.021277 0.058374
1 0.526937 0.597654 0.020867 0.055101
1 0.513434 0.602564 0.022504 0.064921
1 0.528369 0.545281 0.013912 0.043099
1 0.539007 0.534643 0.017185 0.036007
1 0.507297 0.553737 0.015957 0.060011
1 0.480087 0.529733 0.013093 0.037098
1 0.479269 0.536552 0.022913 0.060556
1 0.488884 0.577196 0.018412 0.051282
1 0.506069 0.538734 0.020867 0.039825
1 0.304555 0.460720 0.019640 0.048554
1 0.326650 0.437807 0.031097 0.019094
1 0.325014 0.449264 0.018003 0.022368
1 0.338721 0.406438 0.020049 0.038189
1 0.316217 0.326241 0.018412 0.021822
1 0.336266 0.336334 0.015957 0.038734
1 0.321945 0.360065 0.014321 0.033824
1 0.353246 0.343972 0.025368 0.025641
1 0.361429 0.332515 0.014730 0.027823
1 0.372886 0.365521 0.016367 0.049100
1 0.339948 0.365794 0.016776 0.022368
0 0.448670 0.500000 0.897340 1.000000