4 0.732747 0.445990 0.006956 0.008183
4 0.510366 0.076105 0.024550 0.049645
4 0.475996 0.294599 0.013093 0.030551
4 0.490112 0.402891 0.009411 0.023459
4 0.474359 0.418167 0.005728 0.013639
5 0.480701 0.425259 0.006137 0.023459
5 0.486225 0.294872 0.008183 0.021277
3 0.495226 0.298691 0.009820 0.030005
4 0.499932 0.304692 0.006956 0.031097
4 0.507501 0.312875 0.010638 0.035461
5 0.364907 0.347245 0.014321 0.021277
5 0.394572 0.367158 0.012275 0.033824
4 0.434056 0.728041 0.021686 0.043099
4 0.424850 0.720404 0.013093 0.044190
1 0.530005 0.851064 0.022095 0.026187
0 0.627926 0.501064 0.744148 0.993617