1 0.386388 0.763502 0.052373 0.081288
1 0.383115 0.332788 0.047463 0.039280
1 0.327673 0.308238 0.045417 0.044735
1 0.400095 0.281506 0.028232 0.052373
1 0.388639 0.107474 0.051146 0.060011
1 0.425873 0.100109 0.029869 0.033279
1 0.355701 0.057556 0.042553 0.062739
1 0.245840 0.010638 0.036416 0.021276
1 0.227428 0.127660 0.067512 0.072013
1 0.163393 0.380251 0.040917 0.056738
1 0.166053 0.437807 0.058511 0.058374
1 0.187125 0.486907 0.054828 0.046372
1 0.255660 0.381342 0.035597 0.031642
5 0.165439 0.128751 0.019640 0.049100
5 0.161961 0.252319 0.022504 0.064921
2 0.174236 0.310966 0.022504 0.049100
1 0.134343 0.266776 0.031097 0.044735
2 0.304760 0.089198 0.021686 0.092199
2 0.430987 0.141298 0.022913 0.039280
2 0.364907 0.381342 0.037234 0.075286
2 0.197968 0.429896 0.019231 0.055646
1 0.165030 0.097654 0.035188 0.042553
2 0.415439 0.293235 0.028642 0.027823
0 0.431117 0.500000 0.862234 1.000000