2 0.402726 0.696957 0.034944 0.109707
2 0.422800 0.694975 0.024535 0.081950
2 0.526146 0.703566 0.039405 0.080628
4 0.469641 0.481509 0.039405 0.067410
2 0.430607 0.475561 0.035688 0.089880
0 0.585397 0.533436 0.499914 0.479046
1 0.687113 0.591326 0.029740 0.063445
2 0.313135 0.278728 0.023792 0.072697
2 0.323916 0.272918 0.021561 0.103098
2 0.342875 0.261022 0.032714 0.076663
2 0.729639 0.605767 0.027881 0.074349
2 0.764490 0.574788 0.055762 0.057827
2 0.110253 0.240012 0.021924 0.064394
4 0.130985 0.226879 0.024307 0.041517
5 0.500000 0.500000 1.000000 1.000000