1 0.883632 0.337468 0.023826 0.021178
1 0.896680 0.358142 0.028742 0.022187
1 0.844301 0.362176 0.013993 0.008068
1 0.858483 0.367471 0.005295 0.011598
1 0.868505 0.380834 0.007942 0.007059
1 0.892141 0.376800 0.018909 0.030255
1 0.888738 0.399239 0.015127 0.021683
1 0.879472 0.428989 0.020800 0.031768
1 0.901596 0.444369 0.011346 0.019161
1 0.911429 0.460001 0.018909 0.028238
3 0.883632 0.378060 0.015506 0.011598
3 0.892898 0.369488 0.014371 0.011598
3 0.790976 0.560850 0.020044 0.012102
3 0.782278 0.552530 0.008698 0.012606
3 0.789842 0.581776 0.010967 0.014623
3 0.799297 0.578247 0.021557 0.025717
1 0.819908 0.690694 0.024204 0.034793
1 0.866046 0.770870 0.015884 0.027734
1 0.848083 0.726496 0.023826 0.042861
1 0.810831 0.741623 0.034793 0.026725
1 0.784547 0.766583 0.013993 0.015127
1 0.789275 0.786753 0.027986 0.031263
1 0.813668 0.780450 0.027608 0.035802
4 0.832577 0.780955 0.019287 0.029751
4 0.842977 0.753977 0.009833 0.016136
4 0.812533 0.728765 0.007186 0.006051
4 0.801377 0.735068 0.012858 0.009581
4 0.719499 0.431510 0.029120 0.037819
4 0.700401 0.460505 0.009833 0.041348
4 0.739543 0.489499 0.021557 0.036810
4 0.761100 0.441091 0.013237 0.012606
4 0.737274 0.421678 0.007186 0.015127
4 0.722336 0.418400 0.008320 0.007564
4 0.767907 0.336460 0.007942 0.014119
4 0.645942 0.371505 0.010589 0.027734
4 0.728954 0.521267 0.008698 0.017649
5 0.726307 0.482692 0.008698 0.020170
5 0.758263 0.341250 0.010589 0.016640
5 0.683004 0.343267 0.007564 0.019666
4 0.672982 0.331165 0.007942 0.024708
1 0.624953 0.293599 0.020044 0.025212
1 0.654451 0.360411 0.033659 0.028742
1 0.681492 0.322341 0.015127 0.027229
1 0.644051 0.295111 0.013615 0.032272
1 0.804969 0.375539 0.030633 0.030759
1 0.708721 0.348562 0.018909 0.019161
1 0.744649 0.379825 0.019666 0.039331
5 0.750321 0.363437 0.008320 0.010589
1 0.756562 0.406550 0.013993 0.024204
1 0.718743 0.408567 0.017018 0.015127
1 0.752212 0.453950 0.011346 0.032272
1 0.741245 0.438822 0.006807 0.025212
1 0.711557 0.452185 0.021557 0.029751
1 0.665419 0.453193 0.022313 0.023700
1 0.678655 0.433275 0.010211 0.014119
1 0.692459 0.417139 0.007564 0.007059
1 0.688866 0.434788 0.008698 0.012102
4 0.690568 0.670776 0.011346 0.009076
4 0.691703 0.682878 0.009076 0.009076
1 0.588458 0.178378 0.015127 0.022691
1 0.551396 0.294607 0.016640 0.019161
1 0.529650 0.300910 0.017018 0.019666
1 0.534188 0.326123 0.010967 0.015632
1 0.575032 0.315029 0.018531 0.015632
1 0.556879 0.320828 0.013237 0.011093
1 0.575599 0.339989 0.027986 0.025212
1 0.573708 0.362428 0.020422 0.024708
1 0.551396 0.373774 0.009076 0.012102
1 0.568981 0.396465 0.008698 0.013110
1 0.522086 0.367219 0.022313 0.020170
1 0.488238 0.345536 0.012858 0.012102
1 0.489940 0.384363 0.010211 0.011093
1 0.499206 0.407559 0.010589 0.017144
1 0.527002 0.393188 0.010967 0.008572
1 0.530595 0.439326 0.012102 0.014119
1 0.496369 0.428233 0.010967 0.013110
1 0.476893 0.417896 0.007564 0.010589
1 0.465547 0.435292 0.008320 0.011093
1 0.452689 0.381086 0.008320 0.009581
1 0.415248 0.432771 0.012858 0.012102
1 0.428296 0.452689 0.013237 0.012606
1 0.448718 0.441595 0.010967 0.018657
1 0.435103 0.416131 0.007186 0.008068
1 0.514901 0.408819 0.014749 0.012606
5 0.502988 0.157452 0.007564 0.026221
5 0.485402 0.155687 0.010967 0.028742
5 0.553854 0.339485 0.010211 0.020170
5 0.527192 0.382094 0.010589 0.012606
5 0.502420 0.509669 0.030633 0.088243
5 0.468573 0.480927 0.026473 0.099337
5 0.392179 0.448403 0.013615 0.007059
4 0.493155 0.466556 0.025717 0.068578
4 0.506959 0.461009 0.009455 0.014119
4 0.455525 0.472102 0.011724 0.096816
4 0.439074 0.422686 0.014371 0.046391
4 0.411845 0.473867 0.024960 0.077150
4 0.575789 0.395205 0.023826 0.025717
4 0.586567 0.236114 0.009833 0.025212
1 0.353415 0.476893 0.026851 0.038827
1 0.331669 0.433527 0.018909 0.021683
1 0.367408 0.417139 0.010967 0.011093
1 0.351146 0.432519 0.010967 0.014623
1 0.391801 0.439326 0.008320 0.012102
1 0.415627 0.394448 0.015127 0.017144
1 0.432834 0.027355 0.010967 0.019161
1 0.414681 0.033406 0.007942 0.010085
1 0.392746 0.050803 0.010211 0.020674
1 0.433780 0.069964 0.019666 0.010589
1 0.436616 0.088370 0.008698 0.011093
3 0.426027 0.086100 0.008698 0.010589
5 0.231072 0.714394 0.014371 0.018657
5 0.168482 0.694728 0.009455 0.028742
5 0.164133 0.648841 0.013615 0.010589
5 0.197035 0.710612 0.005295 0.017144
5 0.270592 0.657414 0.008698 0.009581
4 0.264919 0.693215 0.020044 0.046895
4 0.266243 0.763558 0.010589 0.029246
4 0.217079 0.737841 0.027229 0.060510
4 0.210839 0.672793 0.010967 0.009076
4 0.180773 0.669011 0.006051 0.013615
4 0.204599 0.713133 0.010589 0.014119
4 0.162242 0.662708 0.010589 0.008068
4 0.323160 0.686408 0.017018 0.019161
4 0.256221 0.739606 0.007186 0.014623
1 0.254898 0.756498 0.009076 0.014119
1 0.273996 0.754986 0.007186 0.009076
1 0.270403 0.735824 0.011346 0.014119
1 0.236745 0.737841 0.020422 0.018153
1 0.231639 0.691198 0.010967 0.009581
1 0.238636 0.662204 0.008320 0.016136
1 0.251116 0.567658 0.043870 0.039836
1 0.222563 0.589088 0.021557 0.028238
1 0.159784 0.678592 0.012480 0.014623
3 0.246767 0.685399 0.009455 0.015127
1 0.139740 0.474372 0.010967 0.015632
1 0.164133 0.457479 0.013615 0.024204
1 0.152598 0.463278 0.007942 0.009581
1 0.124045 0.450420 0.012102 0.012102
1 0.132554 0.447899 0.007942 0.019161
4 0.142576 0.440335 0.010589 0.034289
4 0.153165 0.487230 0.009076 0.032272
4 0.163187 0.474372 0.005673 0.015632
4 0.155245 0.425964 0.015506 0.015632
1 0.027797 0.086100 0.026851 0.016640
1 0.021935 0.109800 0.011346 0.013615
1 0.043302 0.118120 0.023069 0.011093
4 0.298011 0.515468 0.008320 0.025212
4 0.304629 0.491012 0.007942 0.016640
0 0.500000 0.496804 1.000000 0.993608