2 0.579753 0.443105 0.021447 0.108029
2 0.569029 0.437385 0.024307 0.086423
2 0.559378 0.431666 0.035030 0.100404
2 0.508263 0.486952 0.020017 0.096591
2 0.525778 0.498390 0.023592 0.111842
2 0.569387 0.335076 0.072205 0.138531
2 0.562595 0.314741 0.022877 0.095320
2 0.528995 0.359859 0.030026 0.132177
2 0.509693 0.321095 0.034315 0.074985
2 0.506476 0.385277 0.043609 0.073714
2 0.669955 0.627287 0.014674 0.046088
2 0.694657 0.627287 0.010272 0.049566
2 0.690499 0.626852 0.020544 0.067828
5 0.514081 0.500000 0.971837 1.000000