5 0.895390 0.073104 0.011457 0.032733
1 0.979815 0.583197 0.040370 0.040371
1 0.959561 0.865248 0.080878 0.078560
1 0.934261 0.921986 0.034370 0.020731
1 0.926282 0.959083 0.027414 0.034915
1 0.873295 0.966994 0.062193 0.062739
5 0.948172 0.972995 0.018822 0.036552
1 0.640276 0.783688 0.044599 0.034370
1 0.671781 0.758320 0.040507 0.065466
5 0.631683 0.721495 0.025777 0.087834
5 0.662984 0.626568 0.031097 0.076923
5 0.642321 0.186852 0.010229 0.032188
5 0.642321 0.147572 0.008592 0.036552
5 0.545554 0.032460 0.013912 0.042008
5 0.561102 0.015003 0.013912 0.030005
5 0.554760 0.481451 0.013502 0.025641
5 0.514866 0.480633 0.018822 0.062193
5 0.480906 0.460175 0.022095 0.061648
5 0.510979 0.425259 0.044599 0.047463
5 0.496454 0.492362 0.019640 0.072559
3 0.540235 0.420076 0.016367 0.069831
4 0.561102 0.487179 0.017185 0.037098
5 0.524073 0.599564 0.015139 0.049100
5 0.541667 0.605565 0.008592 0.043644
5 0.548418 0.605565 0.009820 0.042553
5 0.555987 0.591926 0.008592 0.040371
5 0.343017 0.641571 0.026187 0.114566
5 0.361429 0.689580 0.024550 0.110202
5 0.383933 0.629023 0.031915 0.089471
5 0.433442 0.562193 0.011457 0.036552
5 0.419326 0.559738 0.015139 0.027278
1 0.363680 0.276050 0.085516 0.096017
5 0.399686 0.106110 0.009411 0.027823
1 0.366339 0.058101 0.028642 0.031097
1 0.384752 0.024823 0.044190 0.049645
1 0.293712 0.112384 0.042962 0.084015
1 0.183647 0.071195 0.022504 0.034370
1 0.277755 0.018003 0.035597 0.036006
5 0.202059 0.029733 0.017594 0.045281
5 0.260366 0.113475 0.015548 0.048009
1 0.261593 0.606383 0.054828 0.042008
5 0.062943 0.298691 0.011047 0.036552
5 0.079924 0.290235 0.019640 0.031642
1 0.147640 0.038462 0.048691 0.076923
5 0.161961 0.145117 0.010229 0.032733
5 0.209834 0.683579 0.016776 0.040371
5 0.225382 0.689034 0.020867 0.036007
1 0.364294 0.422531 0.025368 0.025641
5 0.455333 0.625750 0.009411 0.029460
0 0.499734 0.495745 0.999468 0.991489