5 0.460038 0.094654 0.012275 0.037643
5 0.473131 0.130660 0.013093 0.028914
3 0.465357 0.109929 0.012275 0.039825
3 0.478655 0.040917 0.020049 0.055646
5 0.508729 0.023459 0.016367 0.046918
5 0.519163 0.083197 0.025777 0.045281
5 0.491953 0.118112 0.019640 0.048554
5 0.560693 0.118112 0.012275 0.032188
3 0.569285 0.113475 0.009820 0.025095
3 0.537575 0.064648 0.011866 0.058374
3 0.528164 0.043644 0.011047 0.044735
3 0.543712 0.074741 0.009411 0.029460
5 0.348131 0.008183 0.018412 0.016366
5 0.359179 0.010366 0.016776 0.020731
3 0.303532 0.396072 0.024141 0.036007
3 0.313352 0.391435 0.020867 0.027823
3 0.305374 0.440807 0.022095 0.039280
3 0.313148 0.435897 0.020458 0.039280
3 0.318876 0.435079 0.018822 0.024550
3 0.348950 0.443535 0.016776 0.039280
3 0.338107 0.447627 0.004910 0.048554
3 0.348131 0.463993 0.011866 0.031097
3 0.359179 0.442990 0.022504 0.041462
5 0.362861 0.481724 0.014321 0.037098
5 0.378819 0.471904 0.015139 0.031642
5 0.375750 0.432897 0.016367 0.027823
0 0.631117 0.289362 0.737766 0.578723