0 0.070987 0.259777 0.132016 0.111138
0 0.060387 0.720924 0.091544 0.060387
0 0.305629 0.892021 0.166707 0.120774
2 0.368987 0.669103 0.029391 0.061672
2 0.348029 0.663321 0.038545 0.066811
2 0.338874 0.040820 0.017345 0.029551
2 0.316229 0.049172 0.017345 0.030836
2 0.306593 0.079365 0.021200 0.025697
2 0.309243 0.116946 0.016863 0.034048
2 0.333574 0.130758 0.012527 0.033406
2 0.344656 0.121764 0.012527 0.047539
2 0.666265 0.608394 0.029391 0.045611
2 0.604352 0.573383 0.050108 0.057817
2 0.577371 0.222410 0.017345 0.039830
2 0.596402 0.148853 0.021682 0.039187
2 0.586284 0.109666 0.016863 0.030194
2 0.871035 0.080864 0.017827 0.038545
2 0.886453 0.050671 0.010118 0.021842
2 0.863326 0.057737 0.013009 0.025697
2 0.848631 0.065446 0.022163 0.029551
0 0.765318 0.577572 0.102867 0.211355
0 0.426990 0.601065 0.207550 0.106369
5 0.500281 0.500984 0.999438 0.998032