1 0.691135 0.486474 0.017775 0.034793
1 0.635542 0.542949 0.017775 0.033785
1 0.621549 0.491516 0.011724 0.021683
1 0.589592 0.497315 0.014371 0.020170
1 0.555366 0.503870 0.014749 0.024204
1 0.535512 0.493029 0.021178 0.025717
1 0.512253 0.492525 0.016262 0.021683
1 0.498260 0.520258 0.012480 0.020674
1 0.470275 0.500088 0.017018 0.015632
1 0.454391 0.553791 0.037440 0.046391
1 0.433590 0.505131 0.013993 0.021683
1 0.411467 0.453445 0.014371 0.023195
1 0.385561 0.490003 0.026095 0.035802
5 0.391045 0.531604 0.031768 0.042357
5 0.484457 0.519754 0.022691 0.036810
5 0.484835 0.584298 0.030255 0.097320
5 0.553286 0.540932 0.055215 0.085218
5 0.674873 0.564128 0.047273 0.108413
5 0.643484 0.567153 0.013993 0.017649
5 0.563876 0.613796 0.052190 0.100850
4 0.445125 0.625646 0.049164 0.127575
4 0.634218 0.586315 0.043870 0.078158
4 0.712503 0.579507 0.031011 0.066561
5 0.592618 0.526813 0.037819 0.082192
3 0.528515 0.568162 0.024582 0.050929
5 0.515657 0.608250 0.031389 0.102867
1 0.376863 0.307718 0.029120 0.056476
1 0.315029 0.271160 0.079419 0.075133
0 0.500000 0.500000 1.000000 1.000000