2 0.410322 0.551643 0.030026 0.090554
2 0.406047 0.502643 0.035715 0.091686
2 0.430726 0.496537 0.025021 0.079115
2 0.453961 0.471754 0.040034 0.075303
2 0.428224 0.568503 0.025736 0.074349
2 0.448956 0.576605 0.017158 0.111524
4 0.472190 0.563261 0.040749 0.079115
2 0.487203 0.540384 0.030741 0.081022
2 0.500429 0.529422 0.030026 0.066724
2 0.496140 0.569456 0.032885 0.095320
2 0.514012 0.580418 0.042894 0.088647
2 0.694166 0.527516 0.017158 0.080069
4 0.644481 0.489864 0.045039 0.054332
4 0.663783 0.509405 0.013583 0.072443
4 0.682371 0.523226 0.017872 0.096273
4 0.713231 0.522556 0.028285 0.078660
4 0.731414 0.497773 0.019396 0.050644
5 0.500000 0.474287 1.000000 0.948574