0 0.500000 0.500000 1.000000 1.000000
4 0.460442 0.575725 0.010211 0.021683
4 0.522275 0.569927 0.011346 0.029246
5 0.503366 0.484204 0.009833 0.018153
5 0.638378 0.610519 0.010589 0.023700
4 0.648211 0.600182 0.010589 0.021178
3 0.656342 0.584046 0.013237 0.014119
3 0.656153 0.604216 0.009076 0.020170
4 0.628356 0.601694 0.009455 0.022187
1 0.628356 0.620856 0.020044 0.044374
1 0.610014 0.628924 0.018153 0.020170
1 0.592618 0.599425 0.024204 0.032776
1 0.673928 0.579507 0.030255 0.039331
1 0.644997 0.594383 0.026851 0.018657
1 0.606043 0.542193 0.047273 0.064544
1 0.558203 0.566649 0.027229 0.040844
1 0.854134 0.496811 0.026851 0.019161
1 0.858294 0.524040 0.010211 0.022187
1 0.879661 0.528326 0.032524 0.041853
1 0.902541 0.560850 0.011724 0.022187
1 0.837682 0.525553 0.019666 0.035297
1 0.867370 0.557825 0.009455 0.019161
1 0.851864 0.568414 0.023826 0.028238
1 0.833901 0.591609 0.017397 0.014119
1 0.805537 0.576482 0.014371 0.014119
1 0.806671 0.598417 0.012858 0.018657
1 0.818206 0.611527 0.011724 0.010589
1 0.797973 0.549252 0.015127 0.018153
1 0.777362 0.533621 0.023069 0.041348
3 0.870017 0.536142 0.015506 0.027229
3 0.842032 0.577742 0.013237 0.024708
4 0.878905 0.487986 0.012858 0.014623
4 0.811209 0.616317 0.014371 0.030255
4 0.855268 0.585054 0.014749 0.032272
5 0.828795 0.545975 0.013237 0.038827
4 0.714961 0.809949 0.011724 0.039331
5 0.741245 0.797090 0.013615 0.031768
5 0.728387 0.799360 0.012858 0.027229
5 0.701157 0.794065 0.014371 0.030759
5 0.702292 0.034163 0.008320 0.022691
5 0.723470 0.054333 0.011346 0.025717
5 0.716096 0.052064 0.010967 0.026221
5 0.715150 0.037693 0.007564 0.026725
5 0.708343 0.038449 0.010589 0.034289
3 0.691514 0.054081 0.010967 0.026221
5 0.281181 0.905756 0.012480 0.028238
5 0.151274 0.679853 0.033280 0.065552
5 0.117616 0.663465 0.025717 0.047904
5 0.188526 0.715907 0.018531 0.025717
4 0.232395 0.732799 0.017775 0.036306
1 0.210650 0.693467 0.006807 0.011093
1 0.193064 0.701535 0.009455 0.014119
1 0.149005 0.635983 0.032524 0.031263
4 0.249981 0.376800 0.003782 0.011093
4 0.246767 0.377304 0.002647 0.010085
3 0.253385 0.376043 0.006807 0.009581
3 0.196846 0.327131 0.004160 0.010589
4 0.191551 0.323601 0.005673 0.016640
4 0.055026 0.642286 0.024582 0.036810
4 0.021368 0.646068 0.042735 0.061518
1 0.051055 0.576986 0.024204 0.020170
1 0.073368 0.586567 0.012102 0.020170