0 0.500000 0.500000 1.000000 1.000000
1 0.909349 0.436805 0.036684 0.039331
1 0.958702 0.501349 0.038575 0.050425
1 0.840897 0.483700 0.032146 0.043365
5 0.886090 0.924917 0.017397 0.021178
5 0.896680 0.907269 0.013615 0.017144
4 0.911807 0.892393 0.013615 0.015632
1 0.859428 0.887351 0.020800 0.032776
1 0.898570 0.851801 0.018909 0.033280
1 0.891763 0.880544 0.022691 0.031263
1 0.673361 0.430754 0.039710 0.055467
1 0.678088 0.386632 0.018153 0.030759
1 0.702103 0.387641 0.007942 0.024708
1 0.658233 0.252754 0.038197 0.052442
1 0.599992 0.197539 0.032146 0.044878
1 0.630058 0.154426 0.035550 0.042357
1 0.593752 0.160225 0.018153 0.020674
1 0.482377 0.225273 0.032902 0.026725
1 0.512821 0.181403 0.058241 0.062023
1 0.470842 0.142828 0.031768 0.039331
1 0.434914 0.169553 0.026473 0.040340
1 0.533053 0.237375 0.017018 0.029751
1 0.515279 0.273933 0.023069 0.047399
1 0.542697 0.288556 0.015127 0.028238
4 0.543265 0.324862 0.009455 0.011093
4 0.539483 0.311247 0.009455 0.006051
5 0.503555 0.486726 0.013993 0.047399
5 0.496937 0.494542 0.013615 0.032776
5 0.492966 0.514207 0.014749 0.056980
5 0.470653 0.498575 0.020044 0.043870
5 0.468005 0.512947 0.023069 0.057484
5 0.449096 0.507400 0.020044 0.044374
5 0.438507 0.520258 0.020800 0.046895
5 0.419976 0.498071 0.016262 0.040844
5 0.473111 0.554043 0.014371 0.038827
1 0.424136 0.467060 0.040466 0.026221
1 0.404848 0.423695 0.042735 0.063535
1 0.347553 0.350327 0.072612 0.047904
1 0.358331 0.377304 0.037440 0.026221
1 0.350200 0.538411 0.052946 0.048912
4 0.366462 0.395457 0.017397 0.036306
4 0.378943 0.360411 0.016640 0.021683
5 0.431132 0.416131 0.012102 0.014119
4 0.353037 0.664977 0.013237 0.030759
4 0.350957 0.687921 0.004538 0.016136
4 0.340746 0.680609 0.012102 0.025717
4 0.332615 0.649850 0.007942 0.007564
1 0.190039 0.727000 0.024582 0.036810
1 0.159784 0.681366 0.034415 0.053450
1 0.104947 0.723470 0.060132 0.071099
1 0.278723 0.438570 0.029499 0.094294
1 0.273807 0.332678 0.039331 0.069082
1 0.251872 0.287800 0.032524 0.033785
1 0.220861 0.320072 0.043870 0.063031