2 0.244078 0.725066 0.065771 0.106758
4 0.274104 0.719347 0.051473 0.072443
2 0.335585 0.644997 0.074349 0.133448
2 0.286972 0.661202 0.045754 0.074349
1 0.206189 0.612589 0.035745 0.110571
2 0.178308 0.587805 0.045754 0.076256
4 0.648711 0.502018 0.048613 0.087694
2 0.676592 0.520128 0.047183 0.116290
2 0.723060 0.461983 0.042894 0.152512
2 0.760235 0.436247 0.045754 0.093413
4 0.215726 0.085333 0.020277 0.074349
2 0.230511 0.081390 0.026191 0.066464
2 0.253746 0.073505 0.042244 0.068717
2 0.275290 0.140532 0.036330 0.085615
2 0.301904 0.127014 0.037175 0.081108
0 0.800496 0.217472 0.399008 0.262701
5 0.500000 0.500929 1.000000 0.998141