1 0.638843 0.526732 0.026187 0.027823
1 0.605701 0.722586 0.026187 0.044190
1 0.625136 0.709493 0.021686 0.032188
1 0.639866 0.676759 0.030687 0.039825
1 0.597722 0.648936 0.033961 0.021277
1 0.543712 0.659302 0.030687 0.031097
1 0.643344 0.781233 0.034370 0.054555
1 0.551282 0.846154 0.081015 0.085106
2 0.603451 0.671577 0.010229 0.031642
2 0.407870 0.418167 0.012684 0.027823
2 0.359588 0.481178 0.028232 0.016367
2 0.370840 0.514730 0.013093 0.044190
2 0.402141 0.539825 0.020867 0.046372
2 0.420554 0.516912 0.018412 0.056192
2 0.430987 0.521549 0.016367 0.053464
2 0.443672 0.519640 0.015548 0.043099
1 0.340153 0.581560 0.060556 0.066558
1 0.390071 0.492908 0.047463 0.066012
1 0.450014 0.475723 0.055237 0.087289
1 0.399482 0.402619 0.016367 0.038189
2 0.223541 0.062739 0.013912 0.032733
2 0.248500 0.049373 0.010638 0.030005
1 0.215971 0.133115 0.041326 0.034915
1 0.271413 0.092199 0.065466 0.049100
1 0.277550 0.048282 0.027823 0.028914
1 0.244203 0.019367 0.050327 0.027823
2 0.168712 0.474359 0.030278 0.046372
2 0.092812 0.544190 0.018412 0.033279
2 0.193262 0.478996 0.011457 0.019640
1 0.197354 0.442990 0.055646 0.075286
1 0.139048 0.449264 0.065057 0.100927
1 0.104678 0.534097 0.066694 0.050191
0 0.497340 0.496809 0.994680 0.993617