1 0.343477 0.502833 0.037756 0.063926
2 0.370895 0.539591 0.045847 0.105478
2 0.372693 0.529203 0.018878 0.049543
2 0.395616 0.521212 0.028767 0.030365
2 0.396515 0.564362 0.032362 0.043150
2 0.468806 0.516343 0.029666 0.106926
2 0.483190 0.467524 0.024272 0.115067
2 0.507911 0.458735 0.044948 0.094291
2 0.499371 0.548231 0.031464 0.110272
2 0.512406 0.541039 0.023373 0.089496
2 0.533531 0.557820 0.018878 0.110272
2 0.519597 0.373234 0.026969 0.092692
2 0.530834 0.388416 0.040453 0.113468
2 0.575333 0.398804 0.034160 0.111870
2 0.603200 0.394010 0.026969 0.131048
2 0.604998 0.417982 0.014383 0.067122
1 0.638260 0.369238 0.055735 0.129450
2 0.620730 0.360449 0.031464 0.063926
2 0.570838 0.326088 0.057533 0.097487
2 0.582075 0.489898 0.026070 0.076711
2 0.506562 0.923795 0.035059 0.113468
2 0.641855 0.532249 0.026969 0.081505
0 0.286991 0.894510 0.118804 0.208937
2 0.176314 0.338584 0.016804 0.078555
2 0.166046 0.351861 0.021160 0.069704
1 0.185027 0.289902 0.031740 0.038724
2 0.199030 0.357946 0.009958 0.099577
1 0.191562 0.349095 0.013692 0.106215
1 0.208055 0.367904 0.021782 0.108428
1 0.219257 0.334712 0.020538 0.059746
1 0.225792 0.390585 0.022405 0.058640
2 0.236994 0.344116 0.022405 0.078555
2 0.555361 0.026485 0.018671 0.052969
1 0.566563 0.112162 0.034852 0.065278
1 0.574343 0.023165 0.018048 0.046330
5 0.500000 0.502819 1.000000 0.994361