1 0.885562 0.021109 0.026541 0.024834
1 0.853666 0.021419 0.018625 0.018005
1 0.783821 0.338983 0.029801 0.018625
1 0.720261 0.114236 0.020022 0.013659
1 0.744940 0.077296 0.029335 0.021730
5 0.709086 0.248650 0.017229 0.024213
5 0.965186 0.501645 0.006985 0.024834
5 0.823400 0.342398 0.009313 0.020488
3 0.586391 0.561247 0.011175 0.021109
1 0.534705 0.526790 0.045632 0.055255
1 0.636447 0.480847 0.035854 0.030422
1 0.624573 0.533929 0.041907 0.024834
1 0.638775 0.077606 0.029335 0.022351
5 0.482089 0.246477 0.007450 0.023592
5 0.478363 0.246166 0.007450 0.015521
5 0.497222 0.483951 0.008847 0.020488
5 0.487211 0.477122 0.008381 0.022971
5 0.383839 0.611225 0.006519 0.026696
5 0.389660 0.595704 0.007916 0.014280
1 0.506767 0.682933 0.030732 0.050910
3 0.470448 0.790029 0.007450 0.022971
5 0.337043 0.765195 0.011641 0.022971
5 0.349149 0.335258 0.006985 0.014900
1 0.295368 0.043770 0.018625 0.020488
1 0.287220 0.064258 0.010710 0.013038
1 0.278838 0.075123 0.011641 0.012417
5 0.314460 0.366300 0.007450 0.013659
1 0.413873 0.295524 0.020954 0.036009
4 0.374294 0.737878 0.011641 0.032905
3 0.324238 0.685106 0.013038 0.027938
1 0.262075 0.115478 0.022816 0.027317
1 0.186410 0.040045 0.027007 0.031663
1 0.181986 0.227541 0.014435 0.036630
1 0.151021 0.265413 0.014900 0.026696
1 0.116797 0.447011 0.023747 0.013659
1 0.026464 0.348917 0.031198 0.021109
5 0.511889 0.189048 0.012107 0.015521
4 0.660660 0.345192 0.017229 0.017384
0 0.492736 0.466102 0.980630 0.932203