0 0.500000 0.500000 1.000000 1.000000
5 0.408630 0.570683 0.020044 0.041853
5 0.412979 0.592618 0.026473 0.045382
5 0.478406 0.517989 0.018909 0.035297
5 0.499584 0.475128 0.015127 0.030255
4 0.484078 0.460001 0.013615 0.018153
3 0.487104 0.602955 0.008320 0.028742
3 0.435292 0.591861 0.004538 0.020674
1 0.471409 0.592618 0.029120 0.050425
1 0.455336 0.585054 0.011346 0.023195
1 0.437940 0.581020 0.018153 0.039331
1 0.434725 0.537907 0.016262 0.030759
1 0.504311 0.505635 0.023826 0.027734
1 0.431321 0.412601 0.047273 0.029246
1 0.503933 0.446638 0.017775 0.020674
1 0.516981 0.198296 0.037062 0.046391
1 0.495424 0.143837 0.035550 0.038323
1 0.479162 0.187706 0.031768 0.042357
1 0.457605 0.152661 0.013615 0.026725
1 0.467627 0.133248 0.023069 0.022187
3 0.495613 0.171823 0.013237 0.031768
3 0.488617 0.188967 0.010589 0.025717
3 0.442478 0.155687 0.017397 0.019666
4 0.465358 0.147114 0.010967 0.023700
1 0.888738 0.245695 0.026473 0.024204
5 0.874745 0.264856 0.009833 0.026221
1 0.919371 0.246451 0.011346 0.014623
3 0.685652 0.554295 0.015884 0.028238
4 0.712503 0.507652 0.018909 0.013615
1 0.691892 0.542193 0.012480 0.023195
1 0.406172 0.847767 0.052190 0.083705
5 0.148438 0.046769 0.008698 0.022691
1 0.152409 0.044752 0.023448 0.049921
1 0.120452 0.022061 0.026095 0.020674
1 0.117805 0.057610 0.038953 0.041348
1 0.156191 0.087865 0.018909 0.017144
3 0.078852 0.823816 0.010967 0.017649