0 0.278607 0.475787 0.096856 0.058421
2 0.331359 0.390589 0.046699 0.091476
2 0.338493 0.435558 0.021187 0.035360
2 0.364221 0.457466 0.025944 0.062265
2 0.326170 0.441708 0.012107 0.047660
2 0.384760 0.553041 0.018593 0.053040
2 0.346925 0.555732 0.023349 0.039973
1 0.629279 0.370859 0.022485 0.083789
2 0.645278 0.377393 0.024214 0.063034
2 0.611767 0.370474 0.021187 0.052272
2 0.665600 0.460028 0.019890 0.079176
2 0.811317 0.545098 0.024214 0.079176
2 0.778239 0.574693 0.026376 0.075333
2 0.758781 0.571618 0.015999 0.066108
2 0.727216 0.536258 0.019458 0.063034
2 0.722244 0.503972 0.020755 0.055347
2 0.785590 0.520884 0.021187 0.036898
1 0.790418 0.439401 0.019890 0.052272
0 0.710137 0.428678 0.269815 0.374029
0 0.561681 0.467331 0.079561 0.282882
0 0.678067 0.119365 0.101613 0.195250
0 0.408397 0.403657 0.104207 0.354884
5 0.505391 0.504017 0.975011 0.991966