5 0.797395 0.568740 0.017594 0.038734
4 0.784097 0.626568 0.027823 0.047463
5 0.942649 0.661211 0.020867 0.028369
1 0.635979 0.475723 0.029460 0.041462
1 0.692239 0.408620 0.038052 0.054555
1 0.710038 0.505728 0.039280 0.055646
1 0.754433 0.466176 0.039689 0.049645
5 0.579105 0.430442 0.014730 0.027278
5 0.584015 0.441353 0.013093 0.013093
5 0.566830 0.439444 0.009002 0.044190
5 0.557010 0.432079 0.010638 0.033824
5 0.548418 0.418440 0.013912 0.028369
5 0.536143 0.414348 0.015548 0.032188
5 0.539007 0.438625 0.019640 0.020731
1 0.459424 0.909984 0.068331 0.088380
5 0.072149 0.750136 0.014730 0.038189
5 0.031438 0.701037 0.012684 0.028369
5 0.097313 0.939716 0.021686 0.032188
5 0.053532 0.967540 0.023322 0.026732
5 0.036348 0.992089 0.017594 0.015821
5 0.016639 0.944899 0.033278 0.027278
0 0.496011 0.494681 0.987766 0.989362