1 0.816575 0.032944 0.023679 0.027454
1 0.838710 0.159574 0.016472 0.019904
1 0.843600 0.185312 0.012869 0.017845
1 0.824811 0.198010 0.017502 0.019904
1 0.732927 0.537062 0.026253 0.021277
1 0.539636 0.774194 0.052505 0.097461
1 0.473233 0.707275 0.061771 0.039121
1 0.401682 0.771105 0.030885 0.096774
1 0.453672 0.786205 0.025738 0.037749
1 0.547100 0.468428 0.054049 0.058339
1 0.503346 0.126287 0.034489 0.045299
1 0.451098 0.195607 0.024708 0.026081
1 0.497169 0.349005 0.040666 0.045985
1 0.519303 0.379547 0.000515 0.000000
1 0.352522 0.102608 0.035518 0.058339
1 0.210707 0.052505 0.026767 0.035003
1 0.137869 0.492107 0.029341 0.065889
1 0.144303 0.575154 0.019561 0.021963
1 0.135295 0.540494 0.021105 0.014413
1 0.231040 0.750172 0.064345 0.087852
1 0.105954 0.479753 0.033459 0.043926
1 0.112131 0.559025 0.019046 0.045985
1 0.048044 0.529170 0.022649 0.012354
1 0.053449 0.490048 0.029341 0.012354
1 0.018188 0.494509 0.033974 0.058339
2 0.092056 0.082704 0.008751 0.047358
2 0.102093 0.089568 0.011325 0.032258
2 0.115992 0.086822 0.014413 0.036376
2 0.111102 0.106040 0.012869 0.030885
2 0.134266 0.088195 0.018016 0.036376
2 0.139928 0.091627 0.016987 0.014413
2 0.218943 0.123198 0.008236 0.035003
2 0.230010 0.077557 0.005662 0.045299
2 0.234643 0.099176 0.007721 0.021277
2 0.199897 0.090597 0.010295 0.037062
2 0.209163 0.083734 0.011325 0.034317
2 0.218428 0.082018 0.009266 0.037749
2 0.272992 0.081332 0.013384 0.044612
4 0.023593 0.424846 0.009780 0.032944
3 0.059369 0.433768 0.010295 0.027454
3 0.049588 0.436170 0.007207 0.025395
3 0.041867 0.427591 0.008236 0.030199
3 0.033631 0.439945 0.010295 0.031572
3 0.293325 0.456760 0.006692 0.030885
3 0.284317 0.465683 0.010295 0.014413
3 0.305937 0.455388 0.009266 0.028140
3 0.262440 0.495196 0.005662 0.035003
3 0.274022 0.491421 0.007207 0.020590
3 0.271706 0.508922 0.007721 0.014413
3 0.281229 0.492450 0.007207 0.037749
3 0.292811 0.497598 0.009780 0.034317
3 0.301819 0.494509 0.014413 0.019904
3 0.303620 0.477008 0.009780 0.023336
4 0.314688 0.474262 0.015443 0.030199
4 0.264756 0.384695 0.000000 0.002059
4 0.175446 0.811942 0.009780 0.030199
3 0.164121 0.808854 0.013898 0.028140
3 0.091283 0.611187 0.005148 0.032258
3 0.114705 0.615305 0.005662 0.036376
3 0.100549 0.619423 0.008236 0.028140
3 0.106984 0.617708 0.005662 0.030199
3 0.078929 0.609128 0.009266 0.018531
4 0.087423 0.606383 0.007721 0.025395
1 0.290237 0.694578 0.034489 0.037062
3 0.022563 0.275566 0.022135 0.030885
3 0.005748 0.228209 0.011496 0.040494
4 0.398078 0.885038 0.013384 0.024022
2 0.508751 0.813315 0.008236 0.026081
2 0.505148 0.839053 0.011325 0.033631
2 0.492536 0.838710 0.011839 0.042553
2 0.479410 0.828071 0.015443 0.039121
2 0.460879 0.818119 0.010295 0.032944
2 0.448782 0.817090 0.014928 0.039121
4 0.396534 0.432739 0.012354 0.028140
4 0.381606 0.426561 0.006177 0.024022
4 0.387526 0.427248 0.007721 0.040494
4 0.551218 0.521277 0.007721 0.041867
5 0.535776 0.515100 0.008751 0.033631
5 0.521877 0.523336 0.012869 0.047358
5 0.399108 0.147907 0.000000 0.008922
4 0.549674 0.193548 0.007721 0.043926
5 0.636153 0.083734 0.006692 0.027454
3 0.609900 0.474605 0.013898 0.025395
2 0.596774 0.470487 0.008236 0.029513
2 0.659060 0.690460 0.007207 0.019218
1 0.721860 0.780714 0.021620 0.035003
1 0.757636 0.770762 0.037577 0.015100
1 0.759695 0.729925 0.010810 0.028140
4 0.733699 0.739876 0.008236 0.020590
3 0.740134 0.742965 0.007721 0.026767
3 0.751458 0.739190 0.008751 0.034317
4 0.745539 0.733013 0.007207 0.031572
4 0.915151 0.736445 0.012869 0.028826
4 0.792382 0.564173 0.011325 0.048044
4 0.759437 0.540837 0.015443 0.032944
3 0.730868 0.561428 0.009780 0.039808
3 0.744252 0.561084 0.007721 0.043240
3 0.754804 0.573782 0.010295 0.038435
3 0.757636 0.574811 0.007721 0.032258
3 0.768703 0.563487 0.011325 0.045299
3 0.778741 0.560741 0.006692 0.048044
3 0.806023 0.542210 0.016987 0.037062
3 0.797529 0.434454 0.000000 0.004118
1 0.888898 0.438916 0.020075 0.025395
1 0.861874 0.467056 0.026767 0.041867
4 0.824296 0.513727 0.008236 0.036376
3 0.833047 0.519218 0.008236 0.014413
3 0.836651 0.504118 0.007207 0.017159
4 0.836136 0.351750 0.010295 0.028140
4 0.988504 0.379547 0.013384 0.034317
4 0.852093 0.263555 0.007207 0.021963
3 0.872941 0.264242 0.007721 0.024708
3 0.858270 0.258065 0.010295 0.026081
3 0.847461 0.256692 0.007207 0.019218
3 0.842570 0.258065 0.006692 0.020590
3 0.837938 0.215168 0.009780 0.044612
3 0.837423 0.078929 0.012869 0.035690
3 0.826356 0.078243 0.010295 0.035690
4 0.857756 0.015786 0.009266 0.026081
5 0.850549 0.022306 0.006177 0.030885
5 0.846431 0.036033 0.004118 0.022649
5 0.840254 0.034660 0.007207 0.024022
3 0.819406 0.228895 0.007721 0.039121
2 0.810398 0.224091 0.009266 0.037749
0 0.501064 0.501064 0.997872 0.997872