1 0.629842 0.292144 0.035188 0.047463
1 0.713312 0.170213 0.027823 0.044735
1 0.771004 0.173486 0.021277 0.041462
1 0.482542 0.365521 0.013093 0.034915
1 0.530210 0.351882 0.018412 0.043644
1 0.505251 0.530551 0.020867 0.044190
1 0.491135 0.495908 0.029460 0.041462
1 0.453492 0.493726 0.022913 0.026187
1 0.431192 0.502182 0.026596 0.040917
1 0.405005 0.464812 0.025777 0.024004
1 0.389866 0.490180 0.023322 0.036552
1 0.396004 0.519640 0.019231 0.025641
1 0.412370 0.573650 0.016776 0.033279
1 0.469040 0.644572 0.049100 0.051828
1 0.389457 0.751773 0.019231 0.031642
2 0.555578 0.365248 0.024959 0.073650
2 0.464334 0.381069 0.019231 0.042008
2 0.484384 0.400436 0.019231 0.057829
2 0.494613 0.385161 0.015139 0.030551
2 0.451241 0.457720 0.011866 0.043644
2 0.408279 0.509820 0.017594 0.050736
2 0.398868 0.546918 0.014321 0.039825
2 0.423009 0.528369 0.022504 0.062739
2 0.442239 0.522640 0.018412 0.039280
2 0.451446 0.519367 0.029460 0.036007
2 0.405824 0.607474 0.019231 0.046372
2 0.423213 0.616203 0.014730 0.052919
2 0.437330 0.607747 0.024141 0.053464
2 0.448991 0.608565 0.026187 0.039825
2 0.443876 0.670213 0.015139 0.045281
2 0.466585 0.675396 0.016367 0.036007
2 0.304146 0.864703 0.014730 0.030551
0 0.498138 0.497872 0.996276 0.995744