0 0.500000 0.501229 1.000000 0.997542
1 0.848272 0.096185 0.017397 0.027734
1 0.878905 0.099967 0.019666 0.026221
1 0.813479 0.034919 0.028742 0.030255
1 0.782656 0.015254 0.012480 0.020170
1 0.800809 0.003341 0.012480 0.006681
1 0.821988 0.003089 0.013237 0.006177
1 0.746540 0.057610 0.026473 0.031263
1 0.787195 0.115599 0.020800 0.016136
1 0.779064 0.136021 0.033280 0.024708
1 0.778307 0.365706 0.013615 0.013110
1 0.700023 0.388145 0.045382 0.045887
1 0.639891 0.325618 0.021935 0.028742
1 0.599992 0.325114 0.017775 0.014623
1 0.618524 0.243930 0.014749 0.020674
1 0.705317 0.240400 0.021935 0.037819
4 0.675441 0.438318 0.031011 0.069586
4 0.658233 0.474876 0.028364 0.032776
4 0.617956 0.455462 0.014371 0.034289
4 0.597156 0.406550 0.039331 0.078663
4 0.554799 0.390414 0.030255 0.041348
4 0.696241 0.423947 0.018909 0.058997
5 0.620036 0.488995 0.023069 0.031768
5 0.640269 0.487230 0.012858 0.042357
1 0.570683 0.389910 0.013615 0.019161
4 0.508850 0.361924 0.029120 0.024708
1 0.605665 0.124423 0.028364 0.039836
1 0.567847 0.064166 0.023069 0.025212
1 0.521897 0.086857 0.022691 0.028238
1 0.487104 0.098959 0.010589 0.015127
1 0.472922 0.007186 0.019287 0.014119
1 0.482377 0.026851 0.013237 0.014119
4 0.476136 0.039710 0.012102 0.023700
4 0.474246 0.093160 0.020422 0.016640
1 0.171318 0.782972 0.035550 0.033785
1 0.167536 0.829867 0.015127 0.018657
4 0.022313 0.544462 0.026473 0.054963