1 0.855292 0.097381 0.023732 0.034370
1 0.793712 0.131206 0.019231 0.022368
5 0.807829 0.143208 0.013093 0.016912
5 0.816217 0.151118 0.008592 0.029460
2 0.950627 0.287780 0.014730 0.043099
5 0.915030 0.461811 0.019640 0.050736
5 0.927714 0.465357 0.013093 0.046918
5 0.948582 0.414621 0.009820 0.015276
5 0.938762 0.419804 0.008183 0.015821
5 0.944899 0.428260 0.004910 0.018549
5 0.952469 0.426896 0.007774 0.013639
2 0.767321 0.451718 0.005728 0.021822
2 0.776118 0.463993 0.006956 0.024550
1 0.786757 0.506001 0.022504 0.020185
1 0.809465 0.503819 0.015548 0.022368
1 0.926487 0.558920 0.036825 0.054010
1 0.882297 0.577196 0.018822 0.037098
1 0.914416 0.595472 0.021686 0.014730
1 0.992499 0.591926 0.015002 0.024004
1 0.680987 0.473541 0.041735 0.046918
1 0.688762 0.534370 0.023732 0.035461
1 0.671372 0.538462 0.020049 0.025095
1 0.687534 0.502182 0.009002 0.025641
2 0.679760 0.501637 0.006547 0.025641
2 0.682420 0.557556 0.011047 0.026187
2 0.669735 0.560011 0.015139 0.032188
2 0.661348 0.557556 0.015548 0.030551
2 0.659506 0.514184 0.006956 0.021277
2 0.646208 0.525914 0.010638 0.017458
2 0.649686 0.541462 0.011866 0.026732
2 0.562330 0.062739 0.011457 0.020731
2 0.578492 0.067103 0.005319 0.020731
2 0.569694 0.072559 0.009820 0.018549
2 0.586470 0.077741 0.017185 0.036552
2 0.524073 0.550191 0.011866 0.025641
2 0.530210 0.567103 0.007774 0.027823
2 0.538393 0.554010 0.011047 0.024550
2 0.539621 0.573923 0.011866 0.021822
2 0.546781 0.568740 0.009820 0.026732
1 0.728246 0.568740 0.020867 0.037643
1 0.738271 0.596290 0.016367 0.031642
1 0.457583 0.510366 0.029460 0.033279
1 0.437943 0.464266 0.019640 0.027278
2 0.465767 0.469995 0.015548 0.046372
2 0.429351 0.428805 0.020458 0.049100
2 0.399073 0.403164 0.009002 0.034915
2 0.406847 0.426077 0.015548 0.042553
1 0.350177 0.354337 0.055237 0.067103
1 0.357747 0.590562 0.018822 0.015821
2 0.319490 0.550464 0.009411 0.031642
2 0.327469 0.552646 0.009820 0.025095
2 0.304760 0.548827 0.016776 0.028369
1 0.300464 0.525914 0.017185 0.017458
1 0.433033 0.653028 0.022095 0.027278
1 0.312739 0.717949 0.010638 0.021822
1 0.480906 0.795963 0.015548 0.022913
1 0.453287 0.809875 0.013502 0.025641
1 0.350586 0.695308 0.011047 0.025641
1 0.368794 0.675668 0.015548 0.020185
1 0.503001 0.064921 0.032733 0.039280
1 0.509752 0.091653 0.033142 0.025095
1 0.491953 0.117294 0.031097 0.019640
1 0.480906 0.139935 0.021277 0.028914
1 0.556601 0.084561 0.022913 0.025095
1 0.581151 0.043099 0.016367 0.021822
1 0.633115 0.096017 0.020458 0.028369
2 0.531642 0.231042 0.010638 0.019094
1 0.559261 0.717949 0.022504 0.021822
1 0.563762 0.641298 0.020867 0.016912
2 0.554965 0.650573 0.009002 0.015821
2 0.451855 0.398527 0.012275 0.013639
2 0.446536 0.431260 0.006547 0.014730
1 0.448786 0.422804 0.009411 0.016367
1 0.210447 0.809056 0.024550 0.029460
1 0.232542 0.818058 0.031097 0.011457
1 0.194490 0.835516 0.021277 0.028914
1 0.197354 0.868249 0.014730 0.022368
1 0.083402 0.821058 0.057692 0.085106
1 0.089948 0.898254 0.059329 0.054010
1 0.148868 0.820240 0.051964 0.045281
1 0.036143 0.976814 0.034370 0.046372
1 0.041462 0.920076 0.025368 0.034370
2 0.119817 0.842335 0.019231 0.032733
2 0.156642 0.849700 0.014321 0.023459
1 0.223541 0.990998 0.040917 0.018003
1 0.202264 0.736225 0.019640 0.026732
1 0.209220 0.703219 0.023732 0.041462
1 0.232133 0.695854 0.022913 0.040917
2 0.236839 0.659574 0.008592 0.022913
2 0.249318 0.670486 0.009002 0.018549
5 0.125136 0.303873 0.012684 0.027278
2 0.126159 0.270049 0.012275 0.014184
2 0.119613 0.279596 0.009820 0.020185
2 0.044735 0.238134 0.009002 0.016912
2 0.059056 0.236770 0.011457 0.015276
2 0.043303 0.637480 0.011047 0.023459
2 0.038803 0.646754 0.011047 0.019094
2 0.028778 0.663393 0.009820 0.026187
0 0.496543 0.510638 0.993085 0.970213