1 0.847147 0.275657 0.021419 0.024834
1 0.929565 0.361023 0.019557 0.025455
1 0.909775 0.595083 0.045167 0.035388
1 0.927469 0.624263 0.020022 0.018005
1 0.935851 0.673310 0.040510 0.036630
1 0.825495 0.590427 0.039579 0.042218
1 0.834808 0.555969 0.023747 0.030422
1 0.813156 0.460359 0.040045 0.035388
1 0.840395 0.509406 0.032129 0.024213
5 0.741215 0.666791 0.009778 0.026076
5 0.731669 0.667101 0.011175 0.021730
2 0.692323 0.891227 0.015366 0.029180
1 0.681148 0.829763 0.017229 0.013038
1 0.686968 0.882225 0.042839 0.039734
1 0.634119 0.826659 0.031198 0.049047
1 0.500248 0.975973 0.027007 0.033526
1 0.519107 0.946483 0.017229 0.031663
1 0.494661 0.911095 0.043770 0.054014
1 0.428540 0.655305 0.034457 0.035388
1 0.397576 0.618365 0.019091 0.018625
1 0.405491 0.690693 0.015366 0.015521
1 0.484882 0.532688 0.034457 0.027317
5 0.547510 0.483951 0.014435 0.036630
1 0.611303 0.486745 0.035854 0.033526
5 0.583132 0.408208 0.009313 0.021730
5 0.572189 0.406035 0.008847 0.022351
2 0.432964 0.216366 0.011641 0.027938
2 0.410381 0.217607 0.018625 0.032905
1 0.267663 0.067672 0.028404 0.039734
1 0.170112 0.353883 0.007450 0.011175
5 0.188272 0.364748 0.013038 0.039113
1 0.144735 0.123859 0.040510 0.040355
1 0.185246 0.069535 0.055411 0.028559
1 0.128438 0.827901 0.038648 0.034147
1 0.167784 0.795927 0.036320 0.022351
1 0.202241 0.768920 0.039113 0.015521
1 0.148460 0.743155 0.035854 0.032284
1 0.129835 0.776371 0.047029 0.041597
1 0.281865 0.791892 0.057739 0.045322
1 0.381046 0.640715 0.014900 0.021109
1 0.386400 0.613087 0.025610 0.027938
1 0.167551 0.592910 0.035854 0.043459
1 0.259747 0.505370 0.038648 0.044701
5 0.322841 0.630161 0.011175 0.050910
5 0.302586 0.597566 0.009778 0.035388
5 0.310036 0.586701 0.010710 0.016142
5 0.769852 0.799342 0.004656 0.021730
5 0.762867 0.799342 0.004656 0.024213
5 0.756814 0.799031 0.009313 0.022351
5 0.596868 0.846837 0.021885 0.021109
5 0.527721 0.793133 0.012107 0.024213
5 0.425281 0.546967 0.006519 0.022351
5 0.418296 0.542932 0.010244 0.016763
1 0.072794 0.504439 0.054014 0.078848
0 0.496368 0.502421 0.984262 0.995157