2 0.208796 0.741719 0.025295 0.069820
2 0.233203 0.727222 0.030620 0.065679
2 0.292891 0.847337 0.018639 0.045561
0 0.293778 0.321021 0.165971 0.133724
2 0.324842 0.426541 0.025739 0.043786
2 0.339265 0.470326 0.022632 0.050886
2 0.367445 0.424470 0.031064 0.043194
2 0.396956 0.532455 0.032395 0.076921
2 0.436673 0.549022 0.027514 0.033135
2 0.432236 0.488669 0.027514 0.035502
2 0.379649 0.489852 0.024408 0.033135
2 0.464853 0.504053 0.022632 0.026035
2 0.861291 0.059983 0.017307 0.050294
2 0.885477 0.009430 0.022189 0.018860
2 0.830449 0.021227 0.029289 0.028402
2 0.800272 0.011168 0.025739 0.017751
2 0.752567 0.178323 0.023520 0.044377
2 0.728381 0.176548 0.017751 0.034910
2 0.861115 0.335755 0.033294 0.063994
2 0.818308 0.345556 0.041078 0.044393
2 0.787391 0.320477 0.027673 0.069183
2 0.767069 0.359104 0.026808 0.040357
2 0.753665 0.319035 0.025944 0.046699
2 0.844900 0.375535 0.028538 0.060535
2 0.866952 0.877113 0.031132 0.059382
2 0.932244 0.774780 0.035456 0.066877
2 0.920569 0.855494 0.032862 0.069183
2 0.969646 0.862700 0.045401 0.069760
0 0.839236 0.152754 0.166948 0.166386
0 0.720630 0.453907 0.114671 0.152895
0 0.563800 0.279651 0.124789 0.146150
0 0.590781 0.067313 0.161889 0.134626
5 0.500281 0.503232 0.999438 0.993536