2 0.677446 0.227652 0.026719 0.084676
2 0.647242 0.259664 0.012779 0.066088
2 0.662344 0.262762 0.031366 0.084676
1 0.530490 0.585975 0.044145 0.115655
1 0.521777 0.462059 0.031366 0.107394
1 0.489249 0.466190 0.026719 0.074349
1 0.472985 0.576681 0.022072 0.097067
1 0.511903 0.580812 0.027881 0.121850
1 0.434068 0.640705 0.037175 0.121850
1 0.474147 0.656194 0.038336 0.066088
1 0.391666 0.661357 0.017426 0.101198
0 0.369012 0.137813 0.134758 0.177613
2 0.755281 0.259664 0.038336 0.123916
5 0.454653 0.500000 0.909306 1.000000
0 0.030502 0.084279 0.054332 0.168557