4 0.182776 0.056753 0.024535 0.048575
4 0.130359 0.061710 0.034201 0.050558
2 0.199876 0.013755 0.026022 0.027509
2 0.218092 0.012268 0.025279 0.024535
2 0.300991 0.481733 0.043866 0.052540
2 0.306939 0.540221 0.055762 0.062454
2 0.330731 0.457941 0.045353 0.098141
2 0.363445 0.423740 0.030483 0.095167
1 0.383519 0.444062 0.026022 0.062454
2 0.444857 0.510285 0.032714 0.082280
2 0.503594 0.460223 0.034201 0.069393
4 0.488724 0.511772 0.037175 0.045601
1 0.234449 0.877736 0.043123 0.035688
4 0.214002 0.928790 0.036431 0.080297
4 0.171252 0.917885 0.041636 0.098141
1 0.173110 0.841057 0.020074 0.081289
1 0.152664 0.853945 0.040149 0.075341
0 0.221066 0.814787 0.102602 0.127881
2 0.738774 0.432820 0.030094 0.080250
2 0.803830 0.474715 0.066383 0.112114
2 0.862690 0.413347 0.088511 0.147519
2 0.888358 0.163746 0.044256 0.146339
2 0.864902 0.182628 0.041600 0.094412
0 0.956570 0.140143 0.086859 0.184103
2 0.819319 0.087036 0.047796 0.084971
2 0.837021 0.053402 0.035404 0.100313
4 0.729923 0.255207 0.049566 0.081430
5 0.500000 0.500000 1.000000 1.000000