2 0.186290 0.571074 0.042807 0.034592
2 0.272553 0.563291 0.029403 0.023638
2 0.293740 0.466338 0.042375 0.064187
2 0.281633 0.518610 0.014701 0.017296
2 0.321486 0.403401 0.022917 0.038627
2 0.349375 0.408301 0.031132 0.054194
2 0.383751 0.408301 0.028106 0.087632
2 0.403857 0.409454 0.014701 0.056500
2 0.428720 0.423291 0.032430 0.074948
2 0.455961 0.400806 0.024647 0.073795
2 0.423315 0.501122 0.027673 0.055347
2 0.378129 0.525624 0.023782 0.043240
1 0.358672 0.364485 0.021187 0.014990
2 0.598219 0.230635 0.022052 0.036321
2 0.582004 0.286270 0.023349 0.029979
2 0.540494 0.240147 0.018161 0.032285
2 0.537683 0.301547 0.015999 0.032862
2 0.516280 0.282234 0.025944 0.036898
2 0.546980 0.279639 0.017296 0.036321
2 0.562114 0.287999 0.017296 0.049581
2 0.577031 0.252831 0.015134 0.023061
0 0.598939 0.805432 0.040213 0.035168
0 0.579265 0.859337 0.025944 0.046122
1 0.463383 0.540133 0.029403 0.028826
1 0.511595 0.620847 0.022052 0.034592
0 0.522838 0.591444 0.052320 0.029979
2 0.577536 0.616235 0.025944 0.042663
0 0.711578 0.077759 0.048428 0.065724
0 0.758709 0.052968 0.024214 0.041510
5 0.503654 0.499016 0.992692 0.998032