5 0.880607 0.036936 0.009455 0.023195
1 0.734059 0.201069 0.013615 0.014623
1 0.688299 0.341250 0.015127 0.014623
1 0.663528 0.328896 0.007942 0.009076
1 0.645942 0.336460 0.008320 0.012102
1 0.530595 0.469833 0.010589 0.009581
1 0.513010 0.452941 0.005673 0.011093
4 0.516413 0.478406 0.013993 0.052946
4 0.575221 0.478153 0.021935 0.049416
4 0.608313 0.499584 0.024582 0.048912
4 0.592429 0.494037 0.011724 0.044878
4 0.565199 0.496559 0.017018 0.060006
4 0.576923 0.543454 0.016262 0.025717
4 0.610393 0.538411 0.014371 0.030759
4 0.590916 0.544462 0.015506 0.045887
3 0.531163 0.491768 0.019287 0.076646
3 0.579570 0.514964 0.012480 0.020170
4 0.549694 0.500088 0.017775 0.060006
4 0.441722 0.804402 0.012858 0.032272
4 0.418274 0.773139 0.018153 0.037314
4 0.390855 0.738093 0.011724 0.029751
4 0.382157 0.743388 0.004916 0.010085
5 0.396528 0.785493 0.011724 0.046895
5 0.409387 0.797343 0.011724 0.033280
4 0.421489 0.802637 0.016262 0.029751
4 0.457794 0.824824 0.013237 0.028742
5 0.374783 0.729773 0.012858 0.023195
1 0.375539 0.664977 0.005295 0.013615
1 0.361735 0.666742 0.017775 0.033280
1 0.359655 0.718932 0.021935 0.028742
1 0.378186 0.702040 0.006051 0.013110
1 0.405605 0.761793 0.005673 0.008572
1 0.421489 0.760280 0.007942 0.009581
1 0.461765 0.807680 0.017397 0.017649
1 0.453256 0.788014 0.005673 0.011598
1 0.412412 0.783980 0.005673 0.010589
5 0.357953 0.722966 0.007942 0.021683
4 0.352470 0.731538 0.011346 0.013615
1 0.085281 0.108035 0.011724 0.018153
0 0.500000 0.500000 1.000000 1.000000