0 0.500000 0.339725 1.000000 0.670600
5 0.707586 0.313768 0.012102 0.024204
4 0.699266 0.294103 0.007564 0.012102
4 0.681870 0.276202 0.008320 0.012606
1 0.686597 0.271664 0.017018 0.030759
1 0.704939 0.286287 0.019666 0.038827
1 0.663717 0.286539 0.018153 0.019161
1 0.685463 0.310491 0.020044 0.019666
5 0.710990 0.207372 0.012102 0.024204
5 0.675441 0.171318 0.015127 0.020674
5 0.648211 0.187706 0.007564 0.018153
5 0.672037 0.194514 0.008320 0.008572
5 0.695484 0.164763 0.013615 0.012606
5 0.704561 0.149384 0.009833 0.013110
5 0.707397 0.136777 0.007942 0.009076
5 0.720634 0.169806 0.010967 0.022691
5 0.685841 0.141820 0.009455 0.012102
4 0.716852 0.148879 0.004916 0.012102
4 0.739921 0.205859 0.012480 0.012102
5 0.682248 0.120137 0.009833 0.008068
1 0.704561 0.121398 0.041600 0.037819
1 0.723470 0.151653 0.023448 0.022691
1 0.723470 0.193757 0.038575 0.028238
1 0.690190 0.176361 0.027986 0.061014
1 0.656342 0.177117 0.023826 0.037314
1 0.620414 0.361924 0.010211 0.017649
5 0.460442 0.629680 0.021557 0.071099
5 0.450987 0.615057 0.014749 0.061014
5 0.426405 0.588080 0.027608 0.056476
5 0.429809 0.630436 0.029120 0.052442
5 0.422434 0.654388 0.019666 0.032776
5 0.403525 0.644303 0.021935 0.067065
5 0.515279 0.259058 0.009455 0.029751
5 0.503744 0.259058 0.010589 0.019666
5 0.458929 0.151401 0.007186 0.025212
5 0.466493 0.158964 0.007942 0.015127
5 0.505068 0.189723 0.015506 0.012102
4 0.509606 0.108539 0.013993 0.016136
4 0.492777 0.110052 0.011346 0.016136
4 0.500151 0.156947 0.008698 0.016136
4 0.490697 0.145350 0.003404 0.011093
4 0.453067 0.137786 0.006807 0.008068
1 0.501097 0.105010 0.022691 0.028238
1 0.500908 0.144089 0.031389 0.040844
1 0.464034 0.130726 0.029499 0.046391
1 0.461954 0.180143 0.028364 0.028238
1 0.496559 0.183672 0.009076 0.011093
1 0.510551 0.231324 0.009076 0.008572
1 0.432456 0.030885 0.010967 0.019161
1 0.366841 0.016010 0.008320 0.009581
1 0.161107 0.101984 0.018153 0.036306
1 0.127449 0.043491 0.044626 0.032272
1 0.097005 0.053829 0.029120 0.031768
1 0.137282 0.088370 0.021935 0.035297
1 0.122154 0.106775 0.009076 0.013615
1 0.079041 0.116860 0.032524 0.048912
1 0.117238 0.176865 0.030255 0.031768
5 0.068452 0.119885 0.012858 0.012606
5 0.115347 0.104001 0.009833 0.006051
4 0.091332 0.137786 0.018531 0.025212
4 0.104568 0.121902 0.020044 0.020674
4 0.080554 0.067191 0.016640 0.026221
4 0.115536 0.074503 0.010211 0.039836
4 0.128394 0.094925 0.017775 0.012102
5 0.068830 0.017207 0.024204 0.034414