0 0.257028 0.692092 0.201363 0.344210
2 0.545132 0.721006 0.046468 0.126669
2 0.510281 0.732021 0.051115 0.077103
2 0.561396 0.503465 0.032528 0.154206
2 0.542809 0.514480 0.035626 0.154206
2 0.514154 0.481436 0.052664 0.132177
2 0.494792 0.583322 0.029430 0.077103
0 0.591601 0.374042 0.170384 0.330442
2 0.152474 0.603974 0.051115 0.112901
4 0.103989 0.554609 0.045855 0.134529
4 0.067895 0.543795 0.026332 0.112901
0 0.342834 0.171589 0.576208 0.341457
2 0.892590 0.907992 0.030979 0.044059
2 0.887110 0.913075 0.023830 0.037281
0 0.969800 0.904179 0.056715 0.127940
5 0.500310 0.500000 0.999380 1.000000