1 0.045546 0.220065 0.022485 0.073795
1 0.012179 0.211609 0.024358 0.047660
1 0.072354 0.096304 0.040645 0.066108
1 0.049653 0.047491 0.028970 0.045353
1 0.044032 0.083236 0.022052 0.039973
1 0.109972 0.091307 0.024214 0.040741
1 0.010089 0.571746 0.018161 0.065340
2 0.361482 0.079393 0.026808 0.118380
2 0.334241 0.548813 0.039780 0.090707
2 0.331647 0.674881 0.027673 0.106081
2 0.356294 0.682952 0.026808 0.097625
2 0.370563 0.652973 0.032862 0.066877
1 0.379427 0.582636 0.023782 0.056884
0 0.759255 0.257212 0.274633 0.486094
0 0.765277 0.746518 0.127680 0.304077
0 0.560191 0.847008 0.056803 0.105717
0 0.684447 0.947991 0.023076 0.053647
0 0.603902 0.582716 0.046596 0.153053
0 0.069599 0.143281 0.125588 0.129385
0 0.069377 0.433345 0.134907 0.197233
5 0.501124 0.503420 0.997752 0.993160