0 0.401180 0.500000 0.802360 1.000000
5 0.358142 0.663213 0.041600 0.139173
5 0.421867 0.390918 0.071477 0.142198
1 0.320324 0.527822 0.020422 0.026725
1 0.398230 0.489499 0.023448 0.018657
1 0.345851 0.330913 0.024582 0.031263
1 0.446260 0.327131 0.011346 0.019666
1 0.455714 0.343519 0.013615 0.020170
1 0.484267 0.326627 0.023826 0.035802
5 0.476136 0.360159 0.049164 0.092782
1 0.570683 0.330661 0.043870 0.050929
1 0.603963 0.293599 0.027986 0.047399
1 0.527381 0.275698 0.032146 0.029751
1 0.585432 0.134256 0.036306 0.033280
1 0.761289 0.135265 0.037062 0.055467
1 0.684517 0.168293 0.027986 0.028742
1 0.696430 0.203590 0.040466 0.041853
1 0.688488 0.128457 0.019287 0.020674
1 0.721579 0.156695 0.031768 0.040844
1 0.765071 0.326123 0.028742 0.033785
1 0.637433 0.373522 0.027608 0.038827
5 0.608123 0.366715 0.012858 0.023195