5 0.846381 0.765071 0.012102 0.037314
5 0.859617 0.771626 0.012858 0.038323
1 0.877581 0.826337 0.063157 0.036810
1 0.951138 0.767088 0.018153 0.021178
1 0.984041 0.814487 0.031768 0.041348
1 0.795137 0.573204 0.032146 0.020674
5 0.758074 0.632958 0.011724 0.023195
5 0.748809 0.632201 0.007564 0.020674
1 0.794758 0.802637 0.021557 0.021683
5 0.828984 0.926682 0.019666 0.046895
5 0.848083 0.914076 0.018531 0.024708
2 0.889872 0.482440 0.009833 0.018657
2 0.854134 0.447142 0.005673 0.015632
1 0.838628 0.422686 0.045004 0.033280
2 0.840330 0.509417 0.008320 0.010085
2 0.820853 0.512442 0.008698 0.010085
1 0.783791 0.536394 0.051812 0.023700
1 0.829930 0.491516 0.022313 0.016640
1 0.874745 0.488491 0.017397 0.024708
1 0.897247 0.450924 0.043491 0.047399
1 0.990697 0.504879 0.018606 0.063535
1 0.988957 0.396717 0.018909 0.020674
1 0.940360 0.408567 0.026851 0.046391
5 0.737841 0.646068 0.010589 0.019161
5 0.884010 0.337216 0.008698 0.019666
5 0.911429 0.333434 0.011346 0.026221
5 0.884956 0.314777 0.009833 0.020170
5 0.890629 0.338981 0.008320 0.029246
5 0.745594 0.281497 0.010967 0.025212
5 0.786816 0.287548 0.010967 0.012102
3 0.904432 0.332174 0.007186 0.009581
3 0.874177 0.313012 0.010211 0.007564
3 0.996180 0.316794 0.007639 0.013110
1 0.910294 0.284270 0.021935 0.020674
1 0.862265 0.301667 0.020422 0.029246
1 0.900083 0.320324 0.013615 0.013110
1 0.920127 0.328644 0.013615 0.014623
1 0.769798 0.284270 0.021557 0.015632
1 0.775849 0.310239 0.029877 0.025212
1 0.795893 0.295616 0.009455 0.010085
1 0.803646 0.251998 0.018909 0.023700
1 0.774525 0.251242 0.015884 0.018153
1 0.748431 0.250737 0.032524 0.033280
1 0.931284 0.120894 0.054081 0.082192
1 0.982566 0.162998 0.034868 0.040340
1 0.872476 0.093664 0.016640 0.020674
1 0.850541 0.091143 0.012102 0.021683
1 0.904811 0.065930 0.013993 0.022691
2 0.891007 0.079041 0.009833 0.020674
5 0.892330 0.048030 0.019287 0.038323
5 0.869639 0.033911 0.011724 0.030255
2 0.883443 0.080049 0.012102 0.008572
1 0.925233 0.060636 0.020800 0.040340
1 0.688866 0.197791 0.023069 0.061518
1 0.639891 0.200565 0.020422 0.023700
1 0.579949 0.216196 0.063157 0.054963
1 0.620793 0.259562 0.038953 0.050929
1 0.662582 0.268638 0.015127 0.032776
5 0.647077 0.027103 0.012102 0.042861
1 0.563497 0.356377 0.024960 0.017649
1 0.622684 0.529587 0.020800 0.024204
1 0.658800 0.531100 0.013615 0.015127
1 0.633651 0.581272 0.029120 0.034793
1 0.654451 0.553791 0.013993 0.012102
1 0.722525 0.628419 0.022313 0.037314
1 0.672793 0.661700 0.031011 0.018153
1 0.602640 0.624385 0.013993 0.022187
1 0.552719 0.559085 0.011724 0.012606
2 0.699266 0.655145 0.012858 0.035297
2 0.710612 0.635479 0.013615 0.026221
2 0.685463 0.642538 0.013237 0.021178
2 0.561417 0.624638 0.007942 0.022691
2 0.550072 0.643043 0.009455 0.042357
2 0.536457 0.633210 0.012480 0.042861
2 0.540428 0.649598 0.011346 0.027229
5 0.606611 0.610266 0.013615 0.032272
1 0.568981 0.772634 0.021557 0.019161
1 0.583730 0.818521 0.050299 0.041348
1 0.703805 0.812974 0.013615 0.020170
1 0.650858 0.834909 0.017397 0.017649
1 0.655019 0.886595 0.054459 0.066561
1 0.689055 0.854323 0.016640 0.023195
1 0.690946 0.888864 0.013615 0.024708
1 0.721201 0.914832 0.047651 0.054459
1 0.806671 0.876762 0.085470 0.039836
1 0.857159 0.864912 0.009455 0.013110
1 0.887981 0.879283 0.035550 0.041853
1 0.803268 0.720697 0.021935 0.017144
1 0.867937 0.711620 0.015127 0.016136
1 0.908971 0.725991 0.017775 0.015632
1 0.893843 0.729017 0.006429 0.008572
3 0.692648 0.724227 0.005673 0.008068
3 0.686786 0.724731 0.006051 0.007059
3 0.683572 0.710864 0.004160 0.005547
1 0.707019 0.979628 0.038197 0.026725
1 0.548937 0.951643 0.000378 0.000000
1 0.566145 0.875753 0.021178 0.021683
1 0.479729 0.788770 0.010967 0.020170
1 0.486158 0.768853 0.007942 0.007564
1 0.461954 0.748935 0.029877 0.043365
1 0.481242 0.864156 0.017775 0.023700
1 0.414114 0.899957 0.050677 0.064040
1 0.367597 0.937524 0.029499 0.048408
1 0.444369 0.822051 0.029499 0.043365
1 0.445692 0.860122 0.010967 0.019666
1 0.463089 0.861382 0.004160 0.020170
1 0.544210 0.803141 0.015127 0.026725
1 0.536835 0.769861 0.009455 0.016640
1 0.509795 0.843481 0.015127 0.014623
1 0.487104 0.837682 0.015127 0.013110
1 0.412979 0.734816 0.009076 0.012102
5 0.443802 0.881804 0.010211 0.029751
5 0.456093 0.871719 0.006051 0.021683
5 0.360601 0.974082 0.004916 0.024708
5 0.366652 0.981897 0.005673 0.024204
5 0.374026 0.973577 0.006807 0.018657
5 0.425838 0.899453 0.006807 0.007564
5 0.533999 0.903487 0.006807 0.010589
5 0.523788 0.653128 0.011346 0.033280
5 0.412223 0.585810 0.008320 0.029751
1 0.429241 0.645816 0.038575 0.076141
1 0.456660 0.626655 0.011724 0.021683
1 0.489373 0.654640 0.014371 0.023195
1 0.509984 0.642538 0.015506 0.021178
1 0.527192 0.605476 0.015127 0.017649
1 0.524166 0.569927 0.015127 0.021178
1 0.544777 0.581776 0.018531 0.020674
1 0.401256 0.569675 0.013615 0.017649
1 0.422434 0.572196 0.008320 0.022691
1 0.436616 0.566649 0.004160 0.008572
5 0.525112 0.627663 0.005673 0.017649
2 0.519817 0.680105 0.013237 0.031768
1 0.383481 0.531604 0.025717 0.038323
1 0.407874 0.549505 0.014749 0.019666
1 0.396150 0.507400 0.012480 0.015127
1 0.409954 0.504122 0.010589 0.016640
1 0.414870 0.518241 0.021178 0.018657
1 0.533053 0.550513 0.008698 0.008572
1 0.488238 0.354613 0.038575 0.068578
1 0.528137 0.319567 0.026851 0.016640
1 0.455714 0.061392 0.013615 0.014623
5 0.398608 0.115095 0.011346 0.045382
3 0.406550 0.113330 0.014371 0.041853
3 0.417518 0.073242 0.000000 0.001008
3 0.420921 0.096942 0.007564 0.037314
5 0.432456 0.097194 0.008698 0.042861
5 0.442289 0.102993 0.007942 0.041348
5 0.428863 0.119633 0.013615 0.034289
5 0.412979 0.142324 0.009076 0.019161
5 0.423379 0.140055 0.013237 0.023700
5 0.443802 0.123163 0.007942 0.022187
5 0.417328 0.121650 0.007186 0.023195
2 0.348877 0.075511 0.010967 0.034793
5 0.342826 0.006933 0.010967 0.009581
2 0.320702 0.019792 0.007564 0.020170
5 0.232963 0.225021 0.013615 0.056476
5 0.260381 0.217961 0.003404 0.009076
5 0.264730 0.214179 0.005295 0.010589
5 0.270214 0.241157 0.005673 0.015127
5 0.313895 0.116860 0.008320 0.018657
3 0.223319 0.150140 0.004916 0.013615
3 0.214999 0.132743 0.007186 0.017144
2 0.247145 0.148123 0.006429 0.009581
1 0.317676 0.088370 0.021178 0.040340
1 0.330535 0.133248 0.011346 0.025212
1 0.375161 0.105262 0.009076 0.014623
1 0.396906 0.161990 0.010211 0.031263
1 0.323916 0.211154 0.024582 0.032776
1 0.293473 0.170310 0.028742 0.042861
1 0.257734 0.242417 0.012480 0.028742
1 0.213297 0.191236 0.022691 0.032272
3 0.296120 0.126440 0.003782 0.012606
3 0.291582 0.123163 0.006051 0.011093
3 0.282694 0.108792 0.006429 0.012606
5 0.250737 0.320072 0.013615 0.024708
5 0.273429 0.313012 0.008320 0.025717
2 0.258112 0.282001 0.008698 0.011093
2 0.241661 0.299145 0.012858 0.013110
1 0.261516 0.303431 0.020044 0.024708
1 0.294796 0.316794 0.013237 0.034289
1 0.395772 0.289060 0.035928 0.027229
1 0.293473 0.434032 0.019666 0.020674
1 0.196468 0.467060 0.010211 0.025212
1 0.197413 0.536898 0.021935 0.021683
1 0.232585 0.601946 0.031011 0.037819
1 0.191930 0.508660 0.023826 0.030759
2 0.175478 0.491516 0.014371 0.009581
2 0.176046 0.514711 0.013237 0.006555
2 0.193064 0.516981 0.004160 0.009076
2 0.203464 0.497567 0.011346 0.006555
5 0.188148 0.518998 0.004160 0.007059
5 0.205166 0.615813 0.007186 0.018153
1 0.195144 0.650858 0.034037 0.027734
1 0.223697 0.673298 0.030633 0.041348
1 0.204410 0.700023 0.023826 0.032272
1 0.226723 0.813731 0.014749 0.037819
1 0.245632 0.828858 0.009455 0.024708
1 0.263029 0.837430 0.012480 0.016640
1 0.337153 0.754229 0.031389 0.027734
1 0.343393 0.716663 0.010589 0.022187
1 0.264163 0.768348 0.025338 0.022691
1 0.261327 0.796334 0.018153 0.021178
1 0.195333 0.877770 0.023069 0.025717
1 0.165456 0.857096 0.026851 0.021683
1 0.188526 0.849280 0.008698 0.018153
1 0.147682 0.870206 0.016262 0.018657
1 0.303684 0.749691 0.018153 0.036810
5 0.237879 0.842725 0.006807 0.020170
5 0.131798 0.636235 0.007186 0.013615
5 0.132743 0.726496 0.006051 0.028742
5 0.124801 0.724227 0.004538 0.019161
5 0.137849 0.808184 0.008698 0.018657
5 0.144278 0.790031 0.007942 0.026725
3 0.126692 0.791544 0.012102 0.035802
3 0.135580 0.792552 0.009455 0.028742
3 0.255465 0.851297 0.015506 0.015127
2 0.255654 0.840204 0.012858 0.022187
5 0.126881 0.859365 0.008698 0.017144
5 0.119318 0.857852 0.005673 0.010085
5 0.118183 0.844742 0.007186 0.010085
5 0.090954 0.843229 0.003404 0.011093
5 0.098518 0.858861 0.008698 0.011093
5 0.112321 0.858105 0.005295 0.011598
5 0.120074 0.857096 0.002647 0.010589
5 0.102867 0.849784 0.008320 0.010085
5 0.111187 0.842725 0.006051 0.010085
5 0.104190 0.711116 0.007942 0.014119
5 0.100976 0.719688 0.003782 0.017144
2 0.198926 0.901218 0.006807 0.019161
1 0.172264 0.918362 0.033659 0.037314
1 0.194955 0.949878 0.020044 0.021683
1 0.205166 0.917858 0.014749 0.024204
1 0.230126 0.980889 0.020800 0.018153
1 0.284018 0.966014 0.037819 0.031768
5 0.198170 0.992487 0.006051 0.013110
5 0.204410 0.989965 0.008698 0.013110
5 0.209137 0.996748 0.007564 0.006504
1 0.095114 0.781459 0.019287 0.024708
1 0.098328 0.593626 0.040844 0.032272
2 0.027986 0.555808 0.011346 0.034289
2 0.084146 0.412349 0.013237 0.015632
2 0.096059 0.403777 0.009076 0.016640
2 0.069019 0.385876 0.008698 0.011093
2 0.057862 0.387389 0.008320 0.013110
2 0.013615 0.367975 0.011346 0.036810
3 0.041979 0.586063 0.009076 0.030255
3 0.058997 0.559842 0.010589 0.013110
3 0.074314 0.564380 0.007942 0.013110
3 0.035928 0.551522 0.005295 0.018657
3 0.022313 0.382851 0.008320 0.024204
5 0.074124 0.417896 0.011346 0.022691
5 0.055972 0.403273 0.006051 0.022691
5 0.066750 0.404533 0.007942 0.017144
5 0.093979 0.420417 0.011724 0.020674
5 0.004160 0.397726 0.006051 0.009581
5 0.019287 0.404533 0.012102 0.012102
5 0.083957 0.424451 0.009076 0.014623
1 0.037251 0.370244 0.022313 0.038323
1 0.076205 0.373774 0.022313 0.024204
1 0.182475 0.346040 0.009455 0.016136
1 0.027986 0.324358 0.012858 0.016136
1 0.112510 0.318307 0.014749 0.025212
1 0.120641 0.288052 0.008320 0.013110
1 0.128016 0.248468 0.023826 0.017649
3 0.110430 0.279227 0.011346 0.030759
3 0.129907 0.277210 0.010211 0.041853
2 0.139173 0.288808 0.006051 0.017649
5 0.093223 0.089126 0.006429 0.010589
5 0.068074 0.066435 0.006807 0.022691
5 0.119696 0.083327 0.007186 0.012102
5 0.114969 0.080049 0.002269 0.012606
5 0.111754 0.079293 0.004160 0.009076
5 0.107594 0.082319 0.004916 0.007059
5 0.103245 0.080302 0.004538 0.006051
5 0.097572 0.068200 0.002269 0.003025
5 0.064670 0.068956 0.003025 0.016640
5 0.094168 0.085092 0.008320 0.014623
5 0.105703 0.100724 0.004916 0.009581
5 0.101732 0.108287 0.008320 0.012606
5 0.107972 0.109800 0.004160 0.014623
5 0.081688 0.078537 0.005295 0.019666
5 0.086794 0.083075 0.004916 0.019666
3 0.083012 0.045256 0.006429 0.022691
5 0.123856 0.629176 0.005673 0.011598
5 0.123100 0.618839 0.007186 0.007059
5 0.159784 0.702796 0.007186 0.015632
5 0.154489 0.706326 0.008698 0.016640
0 0.500000 0.501229 1.000000 0.997542