5 0.875546 0.089198 0.015139 0.024550
1 0.910120 0.092199 0.022913 0.033824
1 0.883524 0.114294 0.021277 0.023459
1 0.937534 0.116748 0.018003 0.022913
1 0.914416 0.121931 0.021686 0.012548
1 0.381683 0.493453 0.042144 0.038734
1 0.431806 0.525368 0.094108 0.098200
5 0.361020 0.552646 0.045827 0.105837
1 0.361020 0.662029 0.045008 0.056192
1 0.274073 0.606929 0.038871 0.048554
1 0.245840 0.567921 0.029051 0.064375
1 0.294122 0.698582 0.050327 0.044190
1 0.209220 0.678396 0.049100 0.052919
2 0.224973 0.540917 0.034779 0.032188
2 0.250750 0.617840 0.016776 0.047463
2 0.326446 0.720949 0.032324 0.025641
5 0.327264 0.650300 0.040507 0.097109
5 0.297395 0.629296 0.023322 0.083470
5 0.042485 0.154937 0.041326 0.031642
5 0.016844 0.334424 0.033688 0.050191
5 0.246045 0.264048 0.018003 0.063284
5 0.229269 0.283688 0.018003 0.046918
5 0.236020 0.312057 0.023322 0.049100
5 0.276528 0.354883 0.037234 0.037643
5 0.304760 0.246318 0.020867 0.048554
5 0.305578 0.312057 0.015139 0.045827
5 0.308238 0.355701 0.018003 0.050191
1 0.324809 0.296781 0.024959 0.086197
1 0.307215 0.196127 0.046236 0.044190
1 0.275505 0.276869 0.030278 0.043099
2 0.279801 0.295417 0.015957 0.033279
2 0.280619 0.262411 0.019231 0.012002
2 0.234793 0.228041 0.016776 0.025095
1 0.100586 0.099291 0.047054 0.033824
1 0.087493 0.047736 0.034779 0.035461
1 0.134752 0.025914 0.071195 0.051828
1 0.261436 0.425532 0.036702 0.063830
1 0.387500 0.242553 0.039894 0.072340
0 0.498138 0.498936 0.996276 0.997872