1 0.756069 0.225859 0.047054 0.037098
5 0.862861 0.708947 0.017594 0.044190
1 0.709834 0.718767 0.058511 0.054010
2 0.598950 0.381888 0.028232 0.097109
5 0.630251 0.165848 0.013093 0.025095
1 0.640480 0.204037 0.029460 0.040371
1 0.667076 0.222859 0.026187 0.028914
1 0.605906 0.185761 0.044599 0.046372
2 0.484588 0.532188 0.022913 0.090016
2 0.502387 0.564648 0.025777 0.098200
3 0.474973 0.574195 0.020867 0.050736
1 0.325627 0.102019 0.023322 0.028369
2 0.328901 0.296508 0.007774 0.024550
1 0.332992 0.292690 0.032324 0.070376
1 0.303123 0.271413 0.018412 0.027823
1 0.290235 0.300327 0.018003 0.040917
5 0.169940 0.584834 0.018822 0.043644
5 0.180783 0.556465 0.018412 0.044735
1 0.075218 0.185215 0.080606 0.088925
5 0.099564 0.280960 0.015548 0.039280
1 0.037984 0.825150 0.035597 0.039825
1 0.079514 0.755319 0.022913 0.026732
1 0.117771 0.816148 0.033142 0.026187
1 0.130456 0.772231 0.019231 0.061648
1 0.104474 0.771140 0.022913 0.026732
1 0.077673 0.802237 0.026596 0.050736
5 0.090562 0.682761 0.012275 0.031097
2 0.101200 0.695308 0.009820 0.026732
5 0.067239 0.539553 0.015548 0.027278
5 0.008320 0.627932 0.012275 0.028369
0 0.498936 0.493617 0.997872 0.987234