2 0.220067 0.380008 0.035936 0.129974
2 0.185370 0.413052 0.030979 0.085915
2 0.259100 0.495663 0.059480 0.110147
2 0.304949 0.391023 0.034696 0.107944
1 0.375581 0.345863 0.017348 0.127771
1 0.362570 0.365689 0.033457 0.096930
2 0.327254 0.371196 0.029740 0.165221
1 0.340884 0.317224 0.032218 0.154206
1 0.651913 0.928450 0.019827 0.143100
1 0.637663 0.941668 0.026022 0.116664
2 0.588716 0.943871 0.042131 0.112258
2 0.610401 0.920740 0.026022 0.158520
2 0.139250 0.565572 0.056691 0.135481
2 0.075124 0.512701 0.028810 0.132177
2 0.117875 0.425960 0.041822 0.133829
2 0.069548 0.387960 0.023234 0.097480
1 0.051425 0.409438 0.026022 0.074349
1 0.040273 0.344176 0.027881 0.099133
2 0.017038 0.342524 0.026022 0.135481
5 0.498451 0.500000 0.996902 1.000000