0 0.497050 0.443953 0.994100 0.886922
5 0.801566 0.396213 0.015506 0.057989
5 0.735383 0.359907 0.008698 0.019666
4 0.654829 0.431763 0.013993 0.028238
1 0.784736 0.307465 0.056728 0.040844
1 0.807806 0.339233 0.028742 0.028742
1 0.831442 0.384363 0.028364 0.038323
1 0.809319 0.365202 0.009076 0.012102
1 0.789464 0.396465 0.007942 0.033280
1 0.729332 0.333686 0.048786 0.054963
1 0.692648 0.376547 0.034415 0.067065
1 0.717041 0.373774 0.009076 0.036306
1 0.734059 0.389406 0.025717 0.026221
1 0.728008 0.426720 0.021935 0.040340
1 0.677142 0.444873 0.017775 0.022187
1 0.698132 0.467060 0.009833 0.010085
1 0.814046 0.475380 0.029877 0.043870
1 0.795326 0.469581 0.015884 0.026221
1 0.632138 0.370244 0.032146 0.033280
1 0.616822 0.389910 0.023448 0.019161
1 0.606233 0.415122 0.021178 0.030255
1 0.638189 0.454454 0.014749 0.017144
1 0.669011 0.477397 0.009076 0.013615
1 0.636487 0.423947 0.035550 0.041853
1 0.649535 0.541437 0.029120 0.030759
1 0.616254 0.528830 0.022313 0.038827
1 0.602072 0.553539 0.027986 0.031768
1 0.647455 0.583289 0.016640 0.025717
1 0.710423 0.609510 0.053324 0.063031
1 0.702859 0.677079 0.048786 0.065048
1 0.672226 0.710612 0.026095 0.039331
1 0.671091 0.768600 0.059375 0.057484
1 0.716285 0.795326 0.048408 0.108918
5 0.661448 0.803898 0.024204 0.074629
5 0.680735 0.804906 0.010589 0.038323
5 0.743892 0.531352 0.024960 0.056980
4 0.638946 0.729521 0.039710 0.085218
4 0.678277 0.736833 0.023069 0.038323
1 0.626465 0.920883 0.015506 0.024204
1 0.573330 0.874745 0.015127 0.019666
1 0.510551 0.709856 0.030255 0.026725
1 0.513199 0.663465 0.012102 0.014623
1 0.545723 0.673550 0.025717 0.038827
1 0.579192 0.490003 0.023826 0.023700
1 0.543075 0.457479 0.026473 0.031263
5 0.556312 0.542193 0.045382 0.105892
5 0.520006 0.601190 0.026473 0.113960
5 0.509039 0.571439 0.035550 0.067569
1 0.545723 0.358899 0.013615 0.016640
1 0.526435 0.051559 0.022691 0.018153
1 0.526435 0.067695 0.009833 0.013110
1 0.523788 0.114338 0.020422 0.016640
5 0.546290 0.077528 0.013237 0.017649
1 0.504122 0.076520 0.010589 0.014623
1 0.555934 0.111061 0.011346 0.013110
1 0.549126 0.088622 0.010589 0.008572
1 0.466115 0.046517 0.025338 0.039331
5 0.469329 0.045761 0.006807 0.012606
5 0.459874 0.053324 0.004538 0.010589
1 0.456282 0.100976 0.013993 0.019161
5 0.507148 0.375287 0.008320 0.019161
1 0.446449 0.558329 0.008698 0.010085
1 0.360601 0.336460 0.013993 0.032272
1 0.334884 0.369236 0.015506 0.012102
1 0.374593 0.278471 0.017018 0.016136
1 0.407117 0.063661 0.017018 0.022187
1 0.373459 0.045508 0.011724 0.020170
1 0.342069 0.012417 0.020044 0.024834
1 0.315407 0.058619 0.016640 0.018153
1 0.147871 0.453193 0.040844 0.065048
1 0.218970 0.271916 0.040844 0.070595
5 0.229937 0.386128 0.040844 0.074124
4 0.194766 0.133248 0.018153 0.021178
5 0.187580 0.102741 0.017397 0.014623
4 0.140685 0.076520 0.009833 0.019666
1 0.206490 0.114843 0.019666 0.056980
1 0.148249 0.065174 0.012858 0.015127
1 0.166969 0.067695 0.020044 0.019161
1 0.042735 0.172075 0.035550 0.057484
1 0.086605 0.162998 0.015884 0.034289
1 0.092277 0.090891 0.108161 0.106901
1 0.037819 0.260318 0.026473 0.023195
1 0.014371 0.302675 0.012858 0.013110