1 0.634352 0.663376 0.071708 0.071398
4 0.608043 0.762712 0.006985 0.018005
5 0.745173 0.515304 0.009313 0.021109
5 0.518175 0.412554 0.019091 0.034147
2 0.533774 0.415658 0.010244 0.035388
1 0.448796 0.293040 0.049823 0.044701
1 0.510492 0.311045 0.025144 0.024834
1 0.489073 0.393928 0.028869 0.085056
1 0.532377 0.378407 0.030732 0.045322
5 0.385935 0.386168 0.022816 0.047184
5 0.446933 0.404483 0.018160 0.041597
5 0.456479 0.430558 0.014900 0.032905
5 0.464627 0.449804 0.016297 0.039113
4 0.445769 0.436146 0.029801 0.049047
4 0.578242 0.528963 0.008847 0.014900
1 0.465791 0.966971 0.025144 0.030422
1 0.486978 0.950518 0.044235 0.043459
3 0.084435 0.916061 0.010244 0.035388
3 0.095611 0.902403 0.011175 0.029180
3 0.115167 0.885950 0.013969 0.034767
5 0.105855 0.915751 0.013969 0.032284
1 0.204802 0.906438 0.026541 0.038493
5 0.102130 0.680760 0.010244 0.022971
5 0.084203 0.684795 0.014435 0.028559
5 0.097939 0.692556 0.013038 0.027938
5 0.114236 0.553176 0.012107 0.023592
0 0.410714 0.498789 0.821428 0.997578