5 0.763639 0.284506 0.013912 0.068194
5 0.780824 0.286688 0.024550 0.047463
5 0.735611 0.313148 0.028232 0.045827
5 0.805169 0.250136 0.026596 0.061648
5 0.826650 0.247409 0.018822 0.069285
5 0.870226 0.223131 0.024959 0.051282
5 0.889253 0.268140 0.014730 0.058374
5 0.900914 0.324604 0.013502 0.028369
5 0.852223 0.213312 0.011047 0.029460
5 0.728451 0.836607 0.014730 0.046372
5 0.711879 0.828696 0.017594 0.036007
5 0.707174 0.813148 0.024550 0.026732
5 0.644776 0.373159 0.020867 0.058920
5 0.614907 0.393344 0.026596 0.043644
5 0.595881 0.366612 0.016367 0.052373
5 0.576241 0.357883 0.018003 0.051282
5 0.604064 0.372340 0.010638 0.035461
5 0.603860 0.428532 0.010229 0.028914
5 0.718631 0.395799 0.028642 0.076923
1 0.537984 0.373432 0.037234 0.051828
1 0.568262 0.320240 0.029869 0.033824
1 0.618794 0.354610 0.018003 0.031642
1 0.633320 0.430169 0.049509 0.051828
1 0.587493 0.465903 0.045417 0.052373
1 0.560284 0.495908 0.049100 0.048009
1 0.571127 0.438352 0.033961 0.038734
1 0.459424 0.820786 0.060966 0.051828
1 0.420963 0.773322 0.014321 0.027823
2 0.412575 0.703219 0.022095 0.051282
2 0.419122 0.659302 0.018822 0.048554
5 0.398050 0.548282 0.019231 0.053464
5 0.408483 0.554010 0.013912 0.061648
5 0.422395 0.548554 0.016367 0.055101
2 0.501364 0.525914 0.009002 0.041462
1 0.483156 0.590289 0.020867 0.021822
1 0.497681 0.572559 0.010638 0.023459
1 0.467403 0.570376 0.011457 0.021277
1 0.453492 0.557556 0.011457 0.052373
1 0.494408 0.490998 0.035188 0.046918
5 0.486429 0.381069 0.019231 0.047463
3 0.472109 0.330606 0.009411 0.025095
2 0.395390 0.384070 0.016367 0.024004
2 0.375136 0.384070 0.015957 0.027278
2 0.330128 0.405892 0.011047 0.026187
2 0.386184 0.445717 0.017594 0.048009
1 0.366135 0.450355 0.016776 0.015821
1 0.433852 0.436443 0.017185 0.016367
1 0.418303 0.388434 0.011457 0.012002
1 0.387207 0.360065 0.036825 0.017458
1 0.356519 0.423622 0.039280 0.039825
1 0.455742 0.483906 0.028232 0.039280
1 0.247477 0.885706 0.055237 0.033279
5 0.257092 0.943262 0.028642 0.074195
5 0.188966 0.915166 0.023322 0.061648
5 0.279596 0.605837 0.018822 0.038734
5 0.254637 0.580742 0.014730 0.034370
5 0.166871 0.711402 0.018412 0.049100
5 0.146618 0.703219 0.021277 0.051282
5 0.129023 0.696672 0.027823 0.053464
5 0.155824 0.825150 0.009411 0.031097
5 0.159506 0.824059 0.006956 0.031097
5 0.145185 0.818058 0.010229 0.022368
1 0.209834 0.468631 0.029051 0.044735
1 0.376978 0.189307 0.035188 0.056738
1 0.421372 0.194490 0.015957 0.020185
5 0.411757 0.260502 0.013912 0.025641
1 0.254023 0.051828 0.056056 0.060011
1 0.312739 0.039825 0.026187 0.016367
1 0.217403 0.422259 0.014730 0.028369
1 0.498936 0.497872 0.997872 0.991489