2 0.287687 0.267148 0.056211 0.083596
2 0.224557 0.318459 0.025079 0.075525
2 0.256771 0.394560 0.022052 0.063994
2 0.269310 0.417622 0.023782 0.072066
2 0.298929 0.411568 0.042375 0.092244
2 0.317738 0.385336 0.024647 0.069760
0 0.220882 0.024466 0.044537 0.048932
2 0.333521 0.466050 0.023349 0.051311
2 0.429801 0.471911 0.025079 0.043816
2 0.410991 0.522646 0.026376 0.042663
2 0.423963 0.574245 0.029835 0.069760
2 0.450123 0.583181 0.022485 0.061112
2 0.438881 0.552337 0.015566 0.031709
2 0.459204 0.515151 0.017296 0.054194
2 0.498119 0.529564 0.029403 0.046122
2 0.472175 0.587793 0.022485 0.070336
2 0.487093 0.610854 0.029835 0.072642
2 0.572275 0.635356 0.029835 0.083596
1 0.531413 0.551760 0.016431 0.049005
0 0.485147 0.676578 0.040645 0.049581
0 0.897220 0.532927 0.115882 0.085902
0 0.768366 0.560600 0.073507 0.097433
0 0.781626 0.306640 0.065724 0.081867
5 0.502811 0.503232 0.994378 0.993536