4 0.797751 0.204545 0.016683 0.031915
1 0.676620 0.203095 0.026838 0.025145
3 0.675895 0.137331 0.013781 0.032882
2 0.651958 0.201161 0.006528 0.030948
2 0.638540 0.203578 0.010155 0.033849
4 0.858317 0.481141 0.007253 0.029981
4 0.871011 0.541586 0.010880 0.023211
4 0.877539 0.522727 0.013781 0.024178
3 0.687500 0.131528 0.015232 0.034816
5 0.702007 0.127660 0.013781 0.036750
3 0.309599 0.195358 0.019584 0.085106
3 0.323743 0.189555 0.014507 0.054159
3 0.340426 0.186170 0.020309 0.057060
4 0.358922 0.260638 0.021035 0.045455
4 0.389023 0.193907 0.020309 0.043520
2 0.391199 0.155706 0.017408 0.067698
2 0.378506 0.195358 0.015232 0.075435
2 0.359284 0.197292 0.017408 0.075435
2 0.377780 0.256770 0.012331 0.041586
2 0.389749 0.256286 0.020309 0.046422
2 0.372340 0.268375 0.013056 0.047389
2 0.390837 0.615571 0.076161 0.109284
4 0.350580 0.907640 0.014507 0.031915
4 0.338975 0.914894 0.007253 0.040619
4 0.316852 0.895551 0.009429 0.036750
3 0.323743 0.908124 0.002901 0.046422
3 0.326281 0.899420 0.010880 0.027079
3 0.073864 0.867505 0.009429 0.036750
3 0.065522 0.863636 0.005803 0.038685
1 0.132616 0.523694 0.042795 0.062863
0 0.505053 0.497872 0.989894 0.982979