2 0.477364 0.522549 0.014701 0.040933
2 0.501146 0.539845 0.012107 0.052464
2 0.513037 0.553970 0.018593 0.044969
2 0.519523 0.545034 0.018593 0.036321
2 0.524063 0.491705 0.023349 0.047275
2 0.557141 0.452790 0.025511 0.065148
0 0.538764 0.384087 0.127124 0.104928
2 0.742062 0.218720 0.017728 0.029403
0 0.680662 0.211225 0.148311 0.098586
2 0.675041 0.253311 0.019458 0.031709
1 0.808146 0.639392 0.012107 0.020178
1 0.817659 0.629591 0.019025 0.021331
1 0.829550 0.634492 0.011675 0.013837
1 0.847927 0.624691 0.013837 0.019602
1 0.844251 0.588370 0.012539 0.011531
0 0.832793 0.625844 0.052752 0.121071
5 0.505340 0.507729 0.989320 0.984542