5 0.927237 0.946793 0.034457 0.053393
5 0.918622 0.967592 0.023747 0.032905
4 0.563808 0.388961 0.014435 0.027938
4 0.576845 0.404793 0.014435 0.031042
5 0.421789 0.968833 0.017229 0.025455
5 0.509328 0.755262 0.010710 0.014280
5 0.499783 0.781648 0.006519 0.028559
5 0.515614 0.771714 0.007450 0.011175
5 0.436689 0.514373 0.024679 0.086298
5 0.457410 0.509406 0.020488 0.108648
5 0.448330 0.587943 0.029335 0.067052
1 0.254160 0.280934 0.041442 0.045322
1 0.347287 0.250202 0.020954 0.016142
1 0.301422 0.272863 0.035388 0.026696
1 0.392686 0.277519 0.024213 0.027317
5 0.175467 0.213882 0.010710 0.022971
5 0.147762 0.205811 0.011175 0.016763
5 0.088626 0.892780 0.028869 0.057118
5 0.134026 0.876327 0.016297 0.047805
5 0.142407 0.821382 0.020954 0.059601
5 0.121919 0.813311 0.027473 0.067052
5 0.067440 0.817657 0.016297 0.055876
5 0.080710 0.810828 0.028869 0.063327
5 0.089557 0.797479 0.018625 0.057739
5 0.140079 0.319737 0.007916 0.014900
5 0.081642 0.447631 0.021419 0.069535
5 0.064646 0.448563 0.030266 0.060222
5 0.058593 0.471224 0.024679 0.058360
5 0.045322 0.460980 0.018625 0.032905
5 0.032983 0.476811 0.017229 0.067052
5 0.011796 0.460669 0.021419 0.068293
5 0.024135 0.449184 0.012572 0.035388
5 0.020178 0.763954 0.013038 0.030422
5 0.103526 0.808655 0.020488 0.044080
0 0.498789 0.497579 0.997578 0.990315