0 0.500000 0.500246 1.000000 0.999508
1 0.889116 0.463782 0.011346 0.014623
1 0.800431 0.321584 0.015506 0.027734
1 0.753536 0.262839 0.029877 0.039331
1 0.601127 0.654388 0.009455 0.011598
1 0.622495 0.590097 0.010589 0.018153
1 0.658233 0.538663 0.013993 0.031263
1 0.685841 0.483196 0.007942 0.017144
1 0.686030 0.453445 0.009076 0.012102
1 0.665040 0.461513 0.008698 0.011093
1 0.628735 0.475380 0.009455 0.013615
1 0.649535 0.487482 0.010211 0.014623
5 0.642349 0.541689 0.020800 0.034289
5 0.641782 0.507652 0.018909 0.057989
4 0.662582 0.495802 0.019666 0.054459
4 0.676953 0.470338 0.014371 0.041853
1 0.675819 0.421173 0.025717 0.023195
1 0.639135 0.413862 0.018909 0.016640
1 0.551017 0.481431 0.009076 0.014623
1 0.575599 0.483196 0.011346 0.015127
1 0.565388 0.450672 0.028742 0.033785
1 0.530028 0.461261 0.017775 0.017649
1 0.550261 0.331921 0.016640 0.021178
1 0.577679 0.337468 0.014749 0.017144
1 0.607556 0.348562 0.020044 0.019161
1 0.599236 0.303684 0.024582 0.030255
1 0.535701 0.319063 0.013993 0.011598
4 0.533621 0.334191 0.009076 0.021683
4 0.590160 0.349066 0.013993 0.058493
4 0.619280 0.262083 0.012480 0.026725
4 0.609636 0.257293 0.011346 0.022187
4 0.607367 0.278471 0.014371 0.013110
4 0.574843 0.088370 0.007564 0.019161
4 0.586378 0.073242 0.009455 0.030255
1 0.577112 0.058871 0.015127 0.021683
1 0.613985 0.017964 0.051812 0.035928
1 0.576356 0.020737 0.016640 0.041474
1 0.557446 0.031389 0.009833 0.014119
1 0.490886 0.178630 0.014371 0.015127
1 0.517737 0.187454 0.018153 0.038827
1 0.525301 0.243426 0.040844 0.036810
1 0.498828 0.288304 0.026473 0.018657
1 0.541184 0.282757 0.012858 0.025717
1 0.465358 0.238888 0.027608 0.028742
4 0.488806 0.201069 0.021557 0.012606
4 0.513766 0.265109 0.020044 0.036810
4 0.449474 0.232080 0.015506 0.016136
4 0.333182 0.344780 0.014371 0.022691
4 0.306142 0.331669 0.009455 0.014623
1 0.309356 0.316542 0.031011 0.036810
1 0.446638 0.271664 0.011346 0.022691
1 0.298956 0.250990 0.021557 0.035802
1 0.269647 0.240400 0.028742 0.035802
4 0.247523 0.286539 0.013993 0.017144
1 0.189093 0.361672 0.011346 0.016136
1 0.143900 0.341250 0.019287 0.019666
1 0.167158 0.310743 0.034793 0.037314
5 0.212541 0.379069 0.010589 0.019666
5 0.048786 0.353352 0.011346 0.022691
4 0.077528 0.418400 0.007564 0.033785
4 0.086226 0.420921 0.008320 0.012606
4 0.059564 0.356125 0.013237 0.018153
4 0.056161 0.332426 0.013237 0.028238
4 0.022880 0.353856 0.011724 0.007564
4 0.011346 0.312508 0.013615 0.021683
4 0.030444 0.271160 0.007186 0.010589
4 0.010967 0.230315 0.012102 0.018657
1 0.012669 0.340746 0.012480 0.028742
1 0.048030 0.324862 0.015127 0.014119
1 0.041411 0.258049 0.014749 0.016640
1 0.006429 0.296876 0.012858 0.026725