0 0.500000 0.500000 1.000000 1.000000
1 0.534755 0.380329 0.026473 0.035297
1 0.564821 0.502862 0.031389 0.046391
1 0.594698 0.451428 0.018531 0.027229
1 0.474246 0.283766 0.033280 0.039836
1 0.481998 0.339737 0.017018 0.014623
1 0.496180 0.363941 0.010589 0.012606
1 0.483133 0.422938 0.020044 0.018657
1 0.518115 0.248973 0.036306 0.029751
1 0.592240 0.214684 0.022691 0.036810
1 0.620604 0.274185 0.018153 0.022691
1 0.678655 0.323349 0.013993 0.026221
1 0.658044 0.345536 0.013615 0.025212
1 0.424136 0.266873 0.013237 0.019161
1 0.378186 0.209389 0.018153 0.021178
1 0.354739 0.189976 0.018153 0.015632
1 0.456660 0.186194 0.017775 0.027229
1 0.479918 0.211406 0.021178 0.023195
1 0.374972 0.109800 0.032146 0.034793
1 0.389154 0.083579 0.015884 0.019666
5 0.431889 0.609258 0.043870 0.113960
5 0.500908 0.587827 0.064670 0.068074
5 0.411845 0.229559 0.044626 0.046391
5 0.346040 0.137282 0.029499 0.052442
5 0.354550 0.141820 0.010967 0.030255
5 0.442478 0.040718 0.019666 0.053955
5 0.498449 0.115851 0.051433 0.100345
5 0.508660 0.150896 0.028742 0.103875
5 0.528326 0.161486 0.018909 0.077654
5 0.555366 0.139803 0.035928 0.111943
5 0.567658 0.101228 0.031011 0.100345
5 0.476893 0.168545 0.027229 0.060510
4 0.471220 0.181403 0.020422 0.025717
4 0.484835 0.260570 0.027229 0.040844
5 0.593752 0.640269 0.031011 0.045887
5 0.625520 0.434284 0.055215 0.165393
5 0.654262 0.497567 0.047651 0.125558
5 0.553286 0.325366 0.047651 0.070595
1 0.301036 0.227542 0.019666 0.032272
4 0.427918 0.079545 0.028364 0.027734
5 0.965888 0.161233 0.031768 0.066057
5 0.043113 0.606989 0.034793 0.097320
5 0.012102 0.591609 0.023448 0.058493
4 0.089441 0.576986 0.029120 0.026221
4 0.118183 0.555303 0.020800 0.024204
5 0.134823 0.546479 0.017775 0.026725
1 0.038008 0.568666 0.018531 0.033785
1 0.010967 0.549757 0.013615 0.017144
1 0.078285 0.584298 0.024960 0.024708
1 0.148627 0.202078 0.015884 0.024708
5 0.102299 0.276454 0.034415 0.043365
5 0.151464 0.289312 0.034415 0.078158
5 0.117238 0.179638 0.031768 0.020170
5 0.048219 0.050551 0.021557 0.042357
1 0.130663 0.148627 0.019287 0.018657
1 0.551963 0.030822 0.060132 0.061644
1 0.442856 0.108792 0.031768 0.032776