0 0.500000 0.500000 1.000000 1.000000
4 0.933364 0.340998 0.016640 0.027229
4 0.935065 0.362933 0.011724 0.026725
4 0.942818 0.374530 0.009076 0.015632
4 0.970804 0.473867 0.017397 0.039836
5 0.943953 0.446134 0.016640 0.043870
5 0.923342 0.440839 0.023826 0.042357
5 0.909160 0.413358 0.018153 0.039836
4 0.849595 0.436301 0.014749 0.033280
1 0.931284 0.393692 0.011724 0.012606
1 0.948302 0.354108 0.010967 0.010085
1 0.854890 0.536394 0.022313 0.028742
1 0.816126 0.547488 0.017397 0.072108
1 0.840519 0.612031 0.026095 0.035802
1 0.802700 0.619091 0.042735 0.043870
1 0.784736 0.534125 0.013615 0.017144
5 0.783413 0.581776 0.021557 0.056980
5 0.793813 0.645312 0.024204 0.055972
5 0.774904 0.627663 0.020422 0.037819
4 0.512253 0.600938 0.019287 0.021683
1 0.497504 0.602703 0.013993 0.020170
1 0.578436 0.739858 0.023069 0.020170
1 0.484267 0.578247 0.014749 0.015632
5 0.468762 0.609006 0.021557 0.043870
5 0.346608 0.552026 0.020800 0.037819
5 0.358331 0.577238 0.013993 0.025717
4 0.346986 0.576986 0.014749 0.027229
4 0.320513 0.518493 0.006429 0.030255
4 0.314651 0.514207 0.011346 0.017649
4 0.301036 0.501853 0.018153 0.032272
4 0.348120 0.492020 0.012480 0.012606
1 0.373837 0.604720 0.022313 0.035297
1 0.387263 0.583541 0.006807 0.016136
1 0.394070 0.546983 0.031011 0.023700
1 0.415248 0.524796 0.019666 0.019666
1 0.443991 0.490508 0.010589 0.014623
1 0.329400 0.501349 0.010589 0.015127
1 0.313516 0.415122 0.015127 0.025212
5 0.267378 0.411845 0.013615 0.019666
1 0.251683 0.426720 0.017775 0.026221
1 0.265298 0.397222 0.023826 0.020674
1 0.201384 0.968283 0.043491 0.055467
1 0.157515 0.918866 0.034415 0.050425
5 0.261138 0.895419 0.013237 0.025717
5 0.018720 0.898192 0.026851 0.047399