4 0.624932 0.199945 0.009002 0.019094
5 0.681601 0.815057 0.007774 0.014184
5 0.703287 0.818331 0.006956 0.020731
5 0.690194 0.826514 0.007774 0.018549
5 0.684875 0.824332 0.006956 0.016367
4 0.371045 0.290780 0.007774 0.016367
5 0.365316 0.291053 0.005319 0.011457
5 0.386593 0.464812 0.015139 0.043644
5 0.376159 0.456083 0.010638 0.030551
5 0.400300 0.470540 0.011457 0.034370
5 0.415644 0.481997 0.015957 0.040917
5 0.400914 0.495636 0.012684 0.025641
5 0.427100 0.467812 0.009411 0.027823
5 0.417485 0.444081 0.016367 0.022913
5 0.436716 0.455537 0.016367 0.038189
5 0.440603 0.478178 0.014321 0.021277
5 0.120840 0.076650 0.005728 0.010366
5 0.122477 0.086197 0.004910 0.008729
5 0.139457 0.265139 0.005319 0.012002
5 0.149277 0.269231 0.007774 0.012548
5 0.154596 0.271140 0.004501 0.009820
5 0.152141 0.279051 0.004501 0.008183
5 0.140480 0.277960 0.004910 0.009274
5 0.144163 0.279596 0.004092 0.009274
5 0.173827 0.318603 0.005319 0.010911
5 0.158279 0.322695 0.003682 0.008183
5 0.165848 0.323513 0.004092 0.012002
5 0.169735 0.330060 0.006956 0.009820
5 0.166871 0.813421 0.006956 0.020731
5 0.177100 0.811238 0.010229 0.026187
4 0.078492 0.327332 0.006137 0.012002
4 0.185897 0.113475 0.004910 0.015276
3 0.188762 0.117021 0.004092 0.009274
4 0.946740 0.952264 0.011047 0.026732
5 0.986429 0.243863 0.014321 0.017458
5 0.992976 0.254228 0.004501 0.019640
5 0.996249 0.261320 0.006137 0.013093
5 0.986429 0.259138 0.006137 0.016367
5 0.981315 0.259684 0.007365 0.020731
5 0.977428 0.298418 0.011866 0.017458
4 0.971290 0.274414 0.015139 0.021822
4 0.964948 0.301146 0.013912 0.014184
4 0.964744 0.287234 0.013502 0.011457
4 0.959220 0.277141 0.012275 0.019640
0 0.500000 0.497872 0.995745 0.991489