0 0.345133 0.501229 0.690265 0.997542
1 0.110619 0.079482 0.118977 0.158964
5 0.503933 0.232383 0.048181 0.173058
5 0.456244 0.255982 0.049164 0.138971
5 0.422812 0.322189 0.031465 0.069485
5 0.405113 0.240249 0.057030 0.175680
5 0.388397 0.319567 0.041298 0.072108
5 0.355457 0.316290 0.040315 0.152081
5 0.328909 0.306457 0.036382 0.069485
5 0.269912 0.277614 0.046214 0.135038
5 0.334808 0.469027 0.048181 0.132416
5 0.375615 0.456572 0.033432 0.112750
5 0.401672 0.440839 0.026549 0.104884
5 0.426745 0.444772 0.041298 0.141593