0 0.568584 0.519912 0.862832 0.960176
1 0.339611 0.418400 0.012858 0.018657
1 0.372892 0.433780 0.013615 0.014119
1 0.397663 0.428989 0.010967 0.012606
1 0.410710 0.413862 0.013615 0.015632
1 0.345662 0.359403 0.022691 0.027734
1 0.336964 0.389910 0.031768 0.029246
1 0.316164 0.475884 0.031768 0.044878
4 0.340557 0.425964 0.017775 0.079167
4 0.443612 0.410836 0.011346 0.027734
4 0.431132 0.392431 0.009076 0.025212
4 0.424325 0.390162 0.007564 0.021683
5 0.387641 0.402516 0.033280 0.083705
5 0.351902 0.424955 0.023069 0.069082
5 0.430943 0.478406 0.021557 0.052946
5 0.459874 0.416383 0.010589 0.030759
5 0.392557 0.634975 0.025717 0.062527
1 0.395583 0.566145 0.015884 0.021683
1 0.374593 0.603963 0.029120 0.036810
1 0.354928 0.576230 0.023826 0.028742
1 0.971182 0.844238 0.015884 0.022187
1 0.945844 0.787510 0.024960 0.033785
1 0.977233 0.757003 0.019666 0.042357
4 0.965509 0.814739 0.016640 0.024708
5 0.754292 0.713890 0.020800 0.047904