0 0.022340 0.530621 0.044680 0.110117
0 0.151266 0.511019 0.054914 0.103198
2 0.318819 0.253408 0.031997 0.070336
2 0.341088 0.302412 0.037618 0.080714
2 0.343898 0.356606 0.049293 0.046122
2 0.384976 0.324032 0.048428 0.074372
2 0.407244 0.359392 0.049725 0.137790
2 0.420865 0.440490 0.044969 0.110117
2 0.488102 0.386009 0.041078 0.086479
2 0.532206 0.527546 0.073940 0.047852
1 0.580202 0.535906 0.015999 0.063418
1 0.626108 0.609893 0.026808 0.089938
1 0.593246 0.581643 0.025944 0.040357
1 0.500497 0.140408 0.027241 0.040357
1 0.558006 0.082467 0.028106 0.028250
2 0.914516 0.092749 0.022485 0.062265
2 0.910192 0.042591 0.015566 0.023061
0 0.551520 0.500353 0.161283 0.115305
5 0.502811 0.502108 0.994378 0.995784