2 0.581055 0.631110 0.027261 0.062784
2 0.478625 0.521853 0.022628 0.054595
2 0.496000 0.505331 0.016971 0.076145
2 0.611160 0.408638 0.014547 0.094822
2 0.602271 0.495558 0.021012 0.067525
2 0.586916 0.445274 0.019396 0.061778
2 0.528730 0.443837 0.019396 0.067525
2 0.515799 0.458922 0.022628 0.091949
2 0.728375 0.514946 0.027410 0.085888
2 0.710630 0.511197 0.024244 0.090512
2 0.761947 0.496112 0.028285 0.066088
2 0.753462 0.447264 0.019396 0.048848
0 0.724368 0.430024 0.151931 0.140797
0 0.829831 0.164233 0.104251 0.183898
2 0.631531 0.021651 0.021685 0.043302
5 0.398437 0.500000 0.796873 1.000000