2 0.440827 0.520982 0.032039 0.063862
2 0.461701 0.531338 0.031068 0.077670
4 0.492769 0.499407 0.023301 0.065588
2 0.551507 0.495955 0.032039 0.079396
2 0.493740 0.434682 0.031068 0.077670
2 0.519468 0.438997 0.024272 0.075944
2 0.511216 0.520119 0.023301 0.075944
2 0.535973 0.477832 0.026214 0.132902
2 0.644965 0.219410 0.016470 0.044691
1 0.631528 0.220180 0.013870 0.052396
0 0.695504 0.276429 0.121359 0.204962
2 0.243265 0.047341 0.025584 0.046649
1 0.212433 0.245014 0.042640 0.048981
5 0.500000 0.504045 1.000000 0.991909