1 0.591294 0.915589 0.024582 0.064040
1 0.553097 0.920127 0.013993 0.037819
1 0.603207 0.861886 0.023448 0.033280
1 0.575032 0.846759 0.010967 0.020170
1 0.589592 0.811209 0.011346 0.017649
1 0.557636 0.844238 0.013237 0.028238
1 0.581083 0.742127 0.034415 0.054963
4 0.576167 0.766583 0.012480 0.022187
1 0.488806 0.824824 0.013237 0.017649
1 0.468951 0.889872 0.012858 0.019666
1 0.441532 0.850289 0.017018 0.020170
1 0.458173 0.809949 0.009455 0.014119
1 0.447016 0.812974 0.009076 0.015127
4 0.497126 0.813226 0.004916 0.016640
4 0.520384 0.883569 0.042357 0.117994
4 0.543454 0.776416 0.034037 0.090260
4 0.431889 0.842473 0.015127 0.014623
4 0.584298 0.459496 0.058997 0.138164
4 0.604720 0.432771 0.018153 0.058493
4 0.619091 0.361672 0.012858 0.013110
4 0.450798 0.403020 0.021935 0.095807
4 0.512442 0.441343 0.054459 0.062527
4 0.667310 0.358394 0.017775 0.044878
4 0.647077 0.358899 0.016640 0.037819
5 0.540050 0.503618 0.048408 0.107405
5 0.518304 0.391171 0.043491 0.083201
5 0.494100 0.397222 0.013237 0.027734
5 0.558392 0.416887 0.022313 0.021683
1 0.584676 0.355117 0.009833 0.016136
1 0.620793 0.411088 0.007186 0.020170
1 0.632327 0.382346 0.018153 0.011093
1 0.645564 0.354108 0.009833 0.014119
1 0.664095 0.328896 0.010589 0.020170
1 0.654829 0.296120 0.008698 0.018153
1 0.608880 0.421173 0.008320 0.017144
1 0.545534 0.436553 0.010967 0.015632
1 0.564632 0.432015 0.009076 0.010589
1 0.500908 0.389154 0.008698 0.011598
1 0.458929 0.288052 0.010967 0.018153
1 0.452500 0.352848 0.011724 0.016640
1 0.473867 0.559085 0.013615 0.028742
1 0.420543 0.607997 0.031768 0.035802
1 0.409197 0.551522 0.007564 0.014623
1 0.488995 0.376800 0.009833 0.014119
1 0.554421 0.212667 0.010589 0.017649
1 0.574087 0.163250 0.012858 0.019666
1 0.586189 0.129214 0.021935 0.052442
1 0.540428 0.115095 0.009076 0.013110
1 0.562174 0.089126 0.009455 0.011598
4 0.513766 0.099211 0.020800 0.052946
4 0.580138 0.177621 0.027229 0.045382
1 0.242985 0.548244 0.010967 0.024204
4 0.199115 0.528830 0.013237 0.028742
4 0.140118 0.028616 0.017775 0.021683
4 0.054648 0.240148 0.020044 0.046391
4 0.041222 0.242922 0.013615 0.034793
4 0.080175 0.161486 0.005295 0.013110
4 0.009644 0.324358 0.009455 0.010085
4 0.016262 0.346040 0.012102 0.022187
4 0.004349 0.343267 0.008698 0.027734
4 0.339233 0.463782 0.008320 0.019666
4 0.331480 0.462017 0.004916 0.018153
4 0.527570 0.099463 0.009833 0.024204
0 0.500737 0.501229 0.998525 0.997542