3 0.597299 0.390482 0.033053 0.184103
3 0.578642 0.417331 0.038502 0.110934
2 0.780448 0.222606 0.051779 0.165221
2 0.812312 0.353602 0.035847 0.106213
2 0.538148 0.925975 0.055762 0.132177
1 0.402350 0.263989 0.042642 0.095245
1 0.270623 0.031962 0.044256 0.050353
1 0.296734 0.086249 0.030979 0.121162
1 0.361568 0.031717 0.041600 0.063433
1 0.320411 0.082315 0.026553 0.081824
1 0.340768 0.077595 0.033634 0.078677
0 0.181904 0.168893 0.168835 0.305659
1 0.233020 0.247373 0.060409 0.071596
1 0.963445 0.323140 0.014604 0.062548
1 0.915317 0.268263 0.017924 0.049566
1 0.920959 0.328450 0.025226 0.037765
1 0.947181 0.327270 0.007302 0.070809
1 0.893078 0.346743 0.014604 0.050746
2 0.874491 0.343202 0.011949 0.057827
2 0.938219 0.315469 0.009294 0.096772
5 0.500000 0.502169 1.000000 0.995662