5 0.896004 0.013093 0.014321 0.026186
5 0.907665 0.007911 0.009002 0.015821
5 0.905415 0.036552 0.013502 0.019640
5 0.893958 0.035734 0.006956 0.026732
5 0.893549 0.271686 0.011866 0.029460
5 0.903369 0.274959 0.011866 0.042553
5 0.916053 0.261320 0.011866 0.025095
5 0.910529 0.283415 0.012275 0.027823
5 0.591994 0.423077 0.009411 0.043099
4 0.580333 0.380251 0.018003 0.036007
5 0.583402 0.430987 0.008592 0.030551
5 0.564580 0.417894 0.007774 0.032733
5 0.576241 0.422804 0.014730 0.049100
5 0.405619 0.709765 0.012275 0.033824
5 0.478246 0.024277 0.006137 0.014730
5 0.486225 0.019367 0.004910 0.009274
1 0.438148 0.030551 0.028232 0.036007
5 0.437943 0.033824 0.004092 0.009820
5 0.383729 0.324877 0.011866 0.033279
5 0.367567 0.332788 0.009002 0.029460
4 0.367771 0.302237 0.011866 0.033824
4 0.360406 0.451991 0.004501 0.006001
5 0.351405 0.697218 0.010229 0.016367
5 0.513434 0.011729 0.006137 0.011457
1 0.486225 0.091926 0.015548 0.021277
0 0.643883 0.502128 0.712234 0.995744