5 0.557215 0.245499 0.014321 0.044735
5 0.577878 0.241408 0.011457 0.052919
5 0.591176 0.231042 0.010229 0.021277
5 0.622886 0.300327 0.012275 0.038734
5 0.732133 0.162575 0.013093 0.034915
5 0.772027 0.100927 0.006956 0.021822
5 0.773663 0.116476 0.006956 0.019094
5 0.785734 0.112657 0.013093 0.018003
5 0.780824 0.131751 0.009820 0.019094
5 0.863475 0.170486 0.018003 0.052919
5 0.883524 0.171304 0.009820 0.037098
5 0.942649 0.167212 0.009411 0.015821
5 0.990521 0.151391 0.012684 0.033279
5 0.888025 0.292417 0.011457 0.030551
5 0.909711 0.264048 0.018822 0.027278
2 0.810897 0.211402 0.017594 0.016912
2 0.798827 0.263502 0.013093 0.009820
2 0.783688 0.297327 0.010638 0.014184
2 0.761388 0.316967 0.008592 0.018549
2 0.770799 0.329242 0.007774 0.012548
2 0.852223 0.254228 0.010229 0.014184
2 0.845881 0.215767 0.012275 0.016912
2 0.854883 0.208402 0.011457 0.012002
2 0.875955 0.288598 0.006956 0.021822
2 0.994408 0.189580 0.006547 0.018003
2 0.977019 0.180851 0.006956 0.012548
1 0.843426 0.424714 0.047463 0.058374
1 0.901937 0.505456 0.036007 0.067103
1 0.849564 0.481724 0.058101 0.032733
1 0.760366 0.270595 0.039280 0.030551
1 0.838721 0.191489 0.022504 0.030551
1 0.854678 0.102291 0.020049 0.012548
1 0.873909 0.120022 0.014321 0.014184
1 0.914007 0.159029 0.014321 0.034370
1 0.863066 0.057556 0.017185 0.050736
1 0.843835 0.063830 0.010638 0.018549
1 0.848541 0.042826 0.012684 0.012548
1 0.818262 0.077741 0.015139 0.021277
1 0.804146 0.052919 0.018003 0.020731
5 0.750546 0.054828 0.009820 0.030005
5 0.737043 0.015821 0.009002 0.031642
5 0.784711 0.085925 0.008592 0.021277
5 0.753410 0.197490 0.009002 0.041462
5 0.744817 0.197218 0.010638 0.042008
5 0.739498 0.196672 0.012275 0.036552
5 0.729678 0.199945 0.010638 0.034370
5 0.684261 0.195035 0.009002 0.034370
5 0.706765 0.218767 0.013093 0.046918
5 0.686716 0.213312 0.011457 0.041462
5 0.685488 0.266503 0.011457 0.042008
1 0.730087 0.323513 0.023732 0.026187
1 0.736225 0.394708 0.033552 0.046372
1 0.769572 0.346427 0.021686 0.032733
1 0.784711 0.248227 0.018412 0.017458
1 0.840767 0.236498 0.020049 0.021277
1 0.683852 0.311238 0.028642 0.046372
5 0.753001 0.112384 0.017185 0.013093
5 0.720881 0.054828 0.025777 0.047463
5 0.763639 0.033279 0.028642 0.049100
5 0.973131 0.092744 0.032733 0.033824
5 0.965357 0.129023 0.039280 0.036552
5 0.932829 0.033824 0.046236 0.067648
5 0.962902 0.177032 0.014730 0.021277
5 0.953082 0.245772 0.011457 0.026732
5 0.749113 0.442990 0.015139 0.039280
5 0.874113 0.738134 0.017185 0.042553
5 0.891912 0.716039 0.011047 0.034370
5 0.905415 0.733224 0.011866 0.041462
5 0.892321 0.747681 0.011047 0.038734
1 0.827469 0.661211 0.046645 0.068740
5 0.629637 0.779596 0.017594 0.040371
5 0.530415 0.786416 0.012275 0.034370
1 0.617567 0.643753 0.040098 0.039280
5 0.647845 0.540098 0.014730 0.037098
2 0.662166 0.502455 0.011457 0.022913
2 0.682010 0.529733 0.010229 0.037098
2 0.668917 0.530278 0.011047 0.030551
2 0.671577 0.565194 0.012275 0.012002
2 0.665030 0.577196 0.013093 0.012002
2 0.688352 0.542553 0.009820 0.026732
2 0.658893 0.522095 0.018003 0.024004
2 0.668303 0.548554 0.013912 0.019094
5 0.534506 0.584288 0.013093 0.054555
5 0.577264 0.602019 0.015139 0.056192
5 0.567239 0.600655 0.015548 0.058920
5 0.556192 0.613475 0.009002 0.054010
5 0.545554 0.606656 0.013093 0.045827
5 0.514866 0.612657 0.009820 0.050191
5 0.537575 0.654937 0.010229 0.025641
5 0.553942 0.655483 0.013502 0.024550
2 0.507092 0.749591 0.009820 0.032733
2 0.501773 0.934806 0.009820 0.033279
2 0.447354 0.975177 0.009820 0.035461
2 0.446331 0.651937 0.010229 0.028369
2 0.436102 0.651118 0.006956 0.023459
2 0.430374 0.648118 0.007774 0.024004
2 0.397845 0.133661 0.013093 0.012002
2 0.520390 0.058374 0.008592 0.016367
2 0.527550 0.059738 0.005728 0.014730
2 0.501159 0.037916 0.008592 0.014730
2 0.471699 0.053737 0.011047 0.015821
1 0.484997 0.100927 0.051555 0.054555
1 0.520595 0.090289 0.018003 0.034370
1 0.490316 0.053464 0.016367 0.038189
1 0.410529 0.091653 0.036007 0.043644
1 0.367362 0.246863 0.015957 0.030005
5 0.328696 0.404801 0.013093 0.036007
1 0.294122 0.352700 0.019231 0.037643
5 0.406028 0.046918 0.005728 0.018549
5 0.410938 0.047463 0.006547 0.014184
5 0.420758 0.042280 0.004910 0.011457
5 0.380865 0.100927 0.006137 0.020731
5 0.368999 0.100927 0.006137 0.020731
5 0.373500 0.107747 0.006956 0.025641
5 0.340767 0.202128 0.004501 0.019094
5 0.348131 0.202400 0.008592 0.017458
5 0.328696 0.536825 0.005728 0.025095
5 0.334424 0.536279 0.009002 0.025095
5 0.311716 0.533552 0.005319 0.017458
5 0.298622 0.546645 0.006956 0.021822
5 0.304965 0.547463 0.004910 0.018003
5 0.291667 0.684124 0.008592 0.015276
5 0.276118 0.679214 0.007774 0.020731
5 0.282870 0.690125 0.009002 0.024004
5 0.328082 0.829514 0.011047 0.035461
5 0.294326 0.783688 0.009820 0.030005
5 0.268958 0.102837 0.008183 0.021277
5 0.348131 0.039825 0.006956 0.009820
5 0.352837 0.029460 0.007365 0.008729
5 0.191012 0.168031 0.009411 0.025095
5 0.175055 0.180851 0.007774 0.035461
5 0.179146 0.183579 0.006956 0.026732
5 0.183442 0.169394 0.006547 0.026732
5 0.183442 0.198309 0.005728 0.027823
5 0.190807 0.194217 0.006547 0.027278
5 0.217403 0.165030 0.008183 0.022368
5 0.231110 0.065466 0.005319 0.018549
5 0.262616 0.033006 0.005319 0.019094
5 0.267117 0.031097 0.006956 0.016367
5 0.152141 0.079378 0.006956 0.020185
5 0.157870 0.076105 0.006137 0.020185
5 0.179146 0.068194 0.005319 0.017458
5 0.097518 0.030278 0.006547 0.019094
5 0.077878 0.030278 0.005728 0.025641
5 0.084424 0.031097 0.006547 0.026187
5 0.093017 0.055646 0.004910 0.016367
5 0.115726 0.156301 0.008592 0.024550
5 0.113680 0.177851 0.007774 0.020731
5 0.084629 0.342062 0.006956 0.024004
5 0.084015 0.393890 0.005728 0.017458
5 0.089539 0.399618 0.010229 0.022368
5 0.112248 0.415166 0.008183 0.027278
5 0.113680 0.445990 0.007774 0.019094
5 0.137207 0.426350 0.009820 0.027823
5 0.144163 0.423077 0.009002 0.020185
5 0.179965 0.368249 0.009411 0.019640
5 0.172395 0.381888 0.007365 0.019640
5 0.164825 0.368522 0.011866 0.012548
5 0.161348 0.384070 0.007365 0.022913
5 0.168099 0.396072 0.010229 0.014184
5 0.204514 0.381615 0.013502 0.027823
5 0.213925 0.383797 0.005319 0.025641
5 0.221086 0.386798 0.010638 0.021822
5 0.182420 0.551282 0.009411 0.025641
5 0.177305 0.565466 0.009002 0.023459
5 0.170349 0.561920 0.008183 0.020731
5 0.107338 0.510638 0.006547 0.018549
5 0.112657 0.514730 0.005728 0.021277
5 0.117976 0.507638 0.008183 0.014730
5 0.081765 0.616748 0.008592 0.022368
5 0.097518 0.636661 0.005728 0.016367
5 0.093835 0.644026 0.006547 0.022368
5 0.044122 0.582106 0.006956 0.017458
5 0.050668 0.581833 0.005319 0.014730
5 0.050668 0.558374 0.008592 0.014730
5 0.008933 0.396890 0.008592 0.023459
1 0.022027 0.467812 0.024959 0.028914
5 0.168712 0.440262 0.012275 0.039280
5 0.180783 0.676214 0.007774 0.022368
5 0.188966 0.676759 0.009411 0.022368
5 0.064171 0.812602 0.004501 0.021277
5 0.067853 0.811784 0.007774 0.028369
5 0.075218 0.809602 0.008592 0.025095
5 0.097927 0.957174 0.009820 0.025641
5 0.079310 0.957992 0.005319 0.022913
5 0.084629 0.975450 0.007774 0.026187
5 0.094244 0.977632 0.010638 0.022913
5 0.139457 0.915439 0.006137 0.019640
5 0.144776 0.917076 0.006137 0.015276
5 0.148868 0.923077 0.006137 0.024004
5 0.021618 0.818058 0.010229 0.027823
5 0.014457 0.818331 0.008183 0.024004
5 0.003137 0.837971 0.006274 0.030551
5 0.008524 0.836061 0.010229 0.026732
5 0.006478 0.813148 0.006137 0.020185
0 0.500000 0.494681 0.995745 0.989362