1 0.968157 0.210650 0.010589 0.010589
1 0.928069 0.193253 0.009076 0.012102
1 0.908403 0.203842 0.011346 0.013110
1 0.904054 0.221239 0.010211 0.012606
1 0.894032 0.230568 0.008320 0.008068
1 0.947546 0.227794 0.006429 0.008572
1 0.881930 0.943322 0.071855 0.112447
1 0.773769 0.977359 0.022691 0.035297
1 0.742380 0.883317 0.064292 0.042861
1 0.709099 0.821547 0.026473 0.031263
1 0.741434 0.792300 0.020044 0.018153
1 0.654073 0.906512 0.042735 0.048912
1 0.636109 0.950634 0.024204 0.036306
1 0.671470 0.969543 0.035928 0.051938
1 0.613607 0.736833 0.016262 0.022187
1 0.571061 0.742127 0.010589 0.009581
1 0.634218 0.696241 0.037062 0.025717
1 0.603774 0.699771 0.023069 0.022691
1 0.660124 0.613544 0.009455 0.014623
1 0.658233 0.564128 0.044248 0.078158
1 0.625709 0.567153 0.009455 0.010589
1 0.624575 0.593374 0.010967 0.016640
1 0.607745 0.521267 0.009833 0.014623
1 0.588080 0.511182 0.011346 0.014623
1 0.575789 0.569170 0.011724 0.015632
1 0.598102 0.457479 0.014749 0.018153
1 0.610771 0.439831 0.016640 0.015127
1 0.635542 0.456975 0.006429 0.011093
1 0.730656 0.409324 0.009076 0.010589
1 0.687353 0.389406 0.034415 0.037314
1 0.636109 0.388145 0.027986 0.030759
1 0.642917 0.358394 0.011346 0.008572
1 0.659368 0.351587 0.007942 0.012102
1 0.661448 0.332426 0.035550 0.022187
1 0.690379 0.350074 0.014749 0.026221
5 0.680168 0.361672 0.005673 0.008068
4 0.639891 0.635479 0.022691 0.050425
4 0.549126 0.585810 0.042357 0.111439
4 0.589592 0.564632 0.016640 0.040844
4 0.567847 0.555808 0.007186 0.018153
4 0.558392 0.469077 0.041222 0.036306
4 0.587701 0.470338 0.021178 0.052946
4 0.472733 0.545975 0.016640 0.037819
4 0.487104 0.588332 0.010589 0.011598
4 0.549126 0.391675 0.021935 0.064040
4 0.496559 0.388649 0.021935 0.070091
1 0.510930 0.332174 0.024204 0.026725
1 0.537970 0.323349 0.010211 0.013110
1 0.571061 0.346797 0.026473 0.027734
1 0.539104 0.390414 0.011724 0.011093
1 0.515279 0.404533 0.010211 0.015127
1 0.492209 0.363437 0.017018 0.016640
1 0.524733 0.537655 0.010211 0.018153
1 0.504690 0.579255 0.010211 0.012606
1 0.447016 0.525301 0.032524 0.016640
4 0.485780 0.555303 0.007942 0.015127
4 0.492209 0.567910 0.006429 0.014119
1 0.414681 0.732547 0.017775 0.017649
4 0.410899 0.743640 0.007186 0.015632
4 0.418274 0.744144 0.008320 0.013615
4 0.421489 0.711368 0.005673 0.008572
1 0.431321 0.703805 0.013237 0.017649
1 0.396150 0.610014 0.010967 0.021683
1 0.386885 0.621360 0.007564 0.005042
1 0.388208 0.589088 0.010967 0.009076
1 0.383292 0.501853 0.031389 0.028238
1 0.433212 0.449159 0.016262 0.024708
1 0.409008 0.454202 0.010967 0.013615
1 0.403525 0.421173 0.020422 0.026221
1 0.393503 0.443612 0.011724 0.017649
1 0.295553 0.263092 0.009455 0.008572
1 0.284018 0.240905 0.014371 0.009581
1 0.134634 0.853062 0.012858 0.022691
1 0.030066 0.182412 0.023826 0.021683
1 0.048030 0.202582 0.016640 0.018657
1 0.077528 0.268638 0.010589 0.010589
1 0.048786 0.246451 0.006807 0.020674
1 0.064859 0.215188 0.004160 0.012606
4 0.116481 0.824320 0.018909 0.023700
0 0.500000 0.500000 1.000000 1.000000