0 0.500000 0.500000 1.000000 1.000000
3 0.445503 0.686912 0.018153 0.046391
4 0.455714 0.635479 0.017397 0.030255
5 0.548937 0.664221 0.007186 0.015127
5 0.552719 0.674054 0.007942 0.013615
3 0.569170 0.666238 0.009833 0.013110
3 0.564821 0.615309 0.010211 0.021178
3 0.555934 0.608250 0.005295 0.013110
4 0.549694 0.613292 0.011724 0.021178
5 0.568981 0.593626 0.008698 0.025212
1 0.569359 0.750952 0.019287 0.019161
1 0.592240 0.735572 0.012858 0.009581
1 0.611905 0.725235 0.011346 0.023195
1 0.591861 0.715907 0.012102 0.010589
1 0.564632 0.652371 0.027986 0.021683
1 0.504122 0.638504 0.039331 0.030255
1 0.460064 0.618587 0.007942 0.008572
3 0.905378 0.335703 0.006807 0.023700
3 0.926745 0.314021 0.007186 0.013615
3 0.914832 0.308726 0.009076 0.010085
3 0.912185 0.338225 0.007564 0.018657
3 0.920883 0.335703 0.010589 0.016640
3 0.928447 0.327383 0.011346 0.011093
4 0.939793 0.325618 0.009833 0.013615
4 0.769042 0.268890 0.009455 0.014119
4 0.755238 0.268890 0.015127 0.017144
4 0.769042 0.240652 0.007942 0.019161
3 0.767907 0.257041 0.010967 0.013615
3 0.827850 0.605224 0.016640 0.018153
5 0.845057 0.585306 0.015506 0.024708
4 0.829173 0.584046 0.013237 0.030255
4 0.736139 0.580012 0.016262 0.044374
1 0.792867 0.564128 0.015506 0.023700
1 0.700968 0.576230 0.048030 0.035802
1 0.736518 0.497819 0.047273 0.038323
1 0.761478 0.552278 0.007942 0.014119
5 0.523977 0.333938 0.016262 0.040340
5 0.470653 0.114338 0.009455 0.023700
5 0.447962 0.131987 0.010967 0.026725
5 0.437183 0.110052 0.007564 0.018153
3 0.442856 0.113330 0.006051 0.026725
1 0.443045 0.098202 0.010211 0.026725
1 0.463467 0.093412 0.027608 0.015127
4 0.265298 0.553539 0.010967 0.008572
4 0.273429 0.571692 0.012102 0.014623
4 0.261894 0.569170 0.005673 0.012606
3 0.268323 0.576230 0.007186 0.017649
3 0.253385 0.566145 0.006807 0.020674
5 0.247523 0.557573 0.006429 0.016640
4 0.199304 0.385876 0.015127 0.038323
5 0.213675 0.381338 0.014371 0.047399
4 0.208381 0.297633 0.013615 0.032272
1 0.203275 0.273177 0.029877 0.035802
5 0.342069 0.111817 0.010967 0.018657