1 0.625750 0.620022 0.018822 0.036552
1 0.617362 0.536552 0.040507 0.048554
1 0.666871 0.397436 0.021686 0.038734
5 0.542076 0.015003 0.012684 0.030005
5 0.586879 0.011184 0.019640 0.022368
5 0.443672 0.443808 0.017185 0.037643
5 0.461061 0.459902 0.017594 0.051282
5 0.482542 0.465630 0.025368 0.050736
1 0.488475 0.428532 0.023322 0.026732
1 0.474359 0.389253 0.030278 0.032188
1 0.288393 0.707583 0.024959 0.031642
1 0.311920 0.660666 0.012275 0.020731
1 0.331151 0.712766 0.011457 0.018003
5 0.381069 0.339062 0.018003 0.040917
5 0.375341 0.357065 0.022913 0.040917
5 0.340767 0.247136 0.015139 0.017458
1 0.367362 0.219585 0.034779 0.023459
1 0.434465 0.219313 0.012684 0.021822
1 0.345676 0.265685 0.017594 0.026187
5 0.375341 0.015003 0.015548 0.019094
5 0.400300 0.034643 0.010638 0.031097
1 0.268549 0.046099 0.028642 0.030005
1 0.255865 0.072013 0.020458 0.030551
1 0.257501 0.391162 0.026187 0.024004
5 0.274686 0.406438 0.013912 0.036007
5 0.291462 0.462357 0.018003 0.043099
5 0.238475 0.436443 0.019231 0.024004
5 0.328696 0.425805 0.023732 0.028914
5 0.221699 0.576650 0.023322 0.053464
1 0.084220 0.339607 0.033961 0.056192
1 0.120226 0.324059 0.016776 0.026187
1 0.126978 0.370158 0.021277 0.031097
1 0.018344 0.278778 0.019231 0.028369
0 0.501862 0.357447 0.996276 0.714894