1 0.428141 0.481841 0.019293 0.101790
1 0.441833 0.475203 0.018048 0.117279
1 0.454591 0.469671 0.032362 0.130556
2 0.477307 0.491799 0.015559 0.092938
1 0.497223 0.474096 0.025517 0.115067
1 0.518072 0.453628 0.034852 0.125024
2 0.508931 0.660042 0.009958 0.058640
2 0.498351 0.665021 0.012447 0.055320
2 0.488393 0.672766 0.018671 0.061959
0 0.573345 0.963343 0.066592 0.073313
2 0.661440 0.687345 0.023649 0.082981
4 0.682911 0.659132 0.011825 0.070810
2 0.683845 0.682366 0.021160 0.064172
2 0.707494 0.672408 0.017426 0.079661
2 0.694425 0.714452 0.017426 0.035405
2 0.718697 0.670196 0.022405 0.046469
2 0.724493 0.013761 0.009958 0.027522
2 0.730716 0.029804 0.022405 0.059608
2 0.733828 0.026969 0.013692 0.043150
2 0.740674 0.079523 0.014937 0.055320
2 0.728227 0.069565 0.022405 0.057533
2 0.731961 0.074544 0.009958 0.040937
2 0.768680 0.026485 0.012447 0.052969
2 0.760900 0.030910 0.014314 0.061820
1 0.752499 0.045294 0.008713 0.090587
1 0.723248 0.041974 0.044810 0.083948
2 0.236426 0.820473 0.029666 0.141436
2 0.265417 0.822870 0.041802 0.122258
2 0.261372 0.825268 0.014833 0.069519
1 0.298454 0.469281 0.040453 0.095889
1 0.328119 0.490856 0.029666 0.095889
1 0.012361 0.476472 0.024721 0.134244
2 0.053038 0.430925 0.018878 0.186983
2 0.032812 0.456096 0.037756 0.218147
2 0.129899 0.477671 0.037756 0.184586
2 0.110347 0.472876 0.044498 0.160614
2 0.074613 0.469281 0.045847 0.254105
2 0.090795 0.483664 0.032362 0.186983
5 0.500000 0.500000 1.000000 1.000000