0 0.500000 0.500000 1.000000 1.000000
3 0.452878 0.406802 0.012480 0.048912
3 0.454580 0.431510 0.013615 0.009581
3 0.436049 0.426720 0.010589 0.009076
3 0.440398 0.434284 0.011724 0.009076
3 0.440020 0.396969 0.012480 0.052442
3 0.433590 0.391423 0.007942 0.016136
3 0.427350 0.397222 0.014371 0.046895
3 0.415248 0.380581 0.015127 0.053955
3 0.424514 0.423443 0.013993 0.019666
4 0.421489 0.430754 0.019287 0.022187
5 0.399554 0.384363 0.015506 0.041348
5 0.450420 0.330913 0.008320 0.024204
1 0.417139 0.347301 0.014371 0.016640
5 0.672415 0.933490 0.006051 0.013110
5 0.659935 0.934498 0.007564 0.024204
5 0.654073 0.941810 0.004916 0.015632
5 0.651804 0.927439 0.004160 0.009076
1 0.646131 0.773643 0.009455 0.018153
1 0.647077 0.561859 0.012858 0.019161
1 0.625709 0.591105 0.015506 0.013110
4 0.644618 0.594635 0.005673 0.013110
4 0.639513 0.604216 0.019666 0.035297
4 0.629113 0.598921 0.010211 0.011598
4 0.628924 0.631193 0.011346 0.017649
4 0.316920 0.948869 0.010589 0.016640
5 0.331480 0.945087 0.014749 0.043365
5 0.319000 0.961223 0.010211 0.017144
3 0.101543 0.014245 0.006429 0.018153