5 0.867402 0.265413 0.014435 0.024213
5 0.925840 0.304216 0.011175 0.031042
1 0.598963 0.344881 0.053083 0.073881
1 0.558453 0.488607 0.041907 0.039734
4 0.470215 0.344571 0.007916 0.012417
4 0.474638 0.362575 0.007450 0.012417
4 0.477898 0.548209 0.012107 0.037251
4 0.488607 0.533929 0.010244 0.018625
3 0.459272 0.518408 0.012107 0.033526
5 0.448097 0.523996 0.010244 0.028559
3 0.469516 0.545415 0.012107 0.039113
4 0.664618 0.662134 0.010244 0.014280
1 0.456711 0.632023 0.065655 0.047184
4 0.271155 0.765816 0.014900 0.031663
4 0.280934 0.765195 0.011175 0.035388
4 0.286754 0.763333 0.010710 0.029180
2 0.195722 0.477743 0.012107 0.049047
2 0.283029 0.608431 0.012572 0.031042
1 0.362420 0.402310 0.032595 0.045943
1 0.084901 0.425281 0.056808 0.057118
1 0.196421 0.422177 0.059136 0.039734
1 0.132861 0.958900 0.036320 0.050289
1 0.220634 0.097784 0.026541 0.041597
1 0.081176 0.361023 0.016763 0.022971
1 0.049513 0.365059 0.027938 0.029801
1 0.010787 0.375303 0.021574 0.020488
5 0.250202 0.337741 0.008381 0.021109
5 0.254858 0.346123 0.007450 0.018005
5 0.262075 0.357919 0.007916 0.025455
0 0.498184 0.498789 0.991525 0.997578