0 0.500000 0.417158 1.000000 0.834316
1 0.605108 0.200409 0.033380 0.050717
1 0.612483 0.277778 0.041919 0.061585
1 0.564936 0.303136 0.047741 0.043989
1 0.602003 0.397583 0.043472 0.062102
1 0.542229 0.422942 0.020183 0.028981
1 0.494488 0.287611 0.038038 0.035709
1 0.468871 0.348937 0.034156 0.065207
1 0.421130 0.376882 0.044248 0.034156
1 0.409486 0.309088 0.018631 0.022771
1 0.345443 0.245174 0.055892 0.076075
5 0.567458 0.362133 0.039590 0.092636
5 0.464408 0.414144 0.058609 0.173886
5 0.439567 0.419060 0.019795 0.065725
5 0.416084 0.422683 0.042695 0.102986
5 0.383481 0.429928 0.048905 0.070900
5 0.333411 0.399395 0.056668 0.072970
5 0.379599 0.335740 0.052011 0.171298
4 0.494877 0.383610 0.034932 0.156290
1 0.404440 0.050846 0.034156 0.034156
1 0.340592 0.006534 0.037649 0.013067