2 0.524899 0.562887 0.030979 0.109046
1 0.539769 0.510017 0.035936 0.072697
4 0.564552 0.553800 0.043371 0.074349
2 0.630847 0.660368 0.042131 0.105741
1 0.649435 0.634758 0.049566 0.114002
2 0.642619 0.334228 0.026022 0.084263
1 0.662446 0.342489 0.045849 0.097480
2 0.700240 0.396186 0.034696 0.076002
2 0.710153 0.331750 0.057001 0.076002
0 0.676077 0.322663 0.154895 0.252788
1 0.550922 0.439643 0.035936 0.051219
1 0.605445 0.485078 0.038414 0.049566
4 0.935719 0.654753 0.039963 0.049566
1 0.979399 0.615719 0.021375 0.028501
1 0.987608 0.645459 0.024783 0.050805
0 0.906289 0.689449 0.187422 0.203222
0 0.601611 0.555620 0.195167 0.257745
2 0.489959 0.743971 0.013821 0.029231
1 0.485908 0.723001 0.013345 0.036857
2 0.478282 0.737934 0.007626 0.029867
2 0.460171 0.755092 0.013345 0.029867
1 0.460410 0.735075 0.012868 0.036857
1 0.446826 0.732850 0.020970 0.034951
1 0.443490 0.710609 0.014298 0.031138
1 0.554763 0.769622 0.012178 0.006837
0 0.610285 0.078996 0.185874 0.157992
5 0.498451 0.500000 0.996902 1.000000