2 0.505614 0.325089 0.028538 0.061112
2 0.530044 0.359969 0.016863 0.046699
2 0.518370 0.367752 0.010810 0.048428
2 0.506767 0.432323 0.018161 0.025367
2 0.465906 0.431746 0.014269 0.040357
2 0.535017 0.491993 0.018161 0.028250
2 0.520315 0.536098 0.014701 0.027673
1 0.503884 0.538116 0.009513 0.025944
2 0.601678 0.375631 0.018593 0.036898
2 0.550439 0.250237 0.011242 0.029403
2 0.466698 0.339022 0.009513 0.014413
2 0.935919 0.390333 0.022052 0.037474
2 0.946297 0.327491 0.019458 0.034015
2 0.871348 0.313943 0.021187 0.048428
2 0.847999 0.293764 0.018593 0.057653
2 0.886050 0.287519 0.017728 0.029403
2 0.918695 0.183167 0.027673 0.045546
2 0.936207 0.172502 0.015999 0.029979
2 0.889725 0.175961 0.019025 0.024214
2 0.865078 0.114368 0.019025 0.024791
2 0.879347 0.052680 0.019025 0.032862
2 0.151338 0.509193 0.014701 0.011531
0 0.499200 0.231884 0.055779 0.056500
0 0.586760 0.279159 0.047563 0.051887
0 0.560816 0.426750 0.067454 0.077255
0 0.494660 0.496702 0.019890 0.035745
5 0.499719 0.507729 0.991568 0.984542