0 0.500000 0.500000 1.000000 1.000000
5 0.971371 0.240905 0.034415 0.080175
5 0.990697 0.244686 0.018606 0.090765
1 0.723092 0.428485 0.024204 0.024708
1 0.723659 0.398986 0.013237 0.012102
5 0.649913 0.186698 0.012480 0.033280
5 0.339044 0.527318 0.060888 0.135643
1 0.315975 0.392935 0.047273 0.050425
1 0.285531 0.439831 0.012858 0.021178
1 0.358331 0.148123 0.014749 0.015632
1 0.359088 0.115599 0.028364 0.022187
1 0.329967 0.095681 0.029120 0.016640
5 0.397474 0.290573 0.032524 0.077654
5 0.374215 0.222752 0.042735 0.140685