2 0.441368 0.427278 0.079241 0.182613
2 0.412998 0.532729 0.063588 0.070436
2 0.431096 0.634470 0.054784 0.122611
2 0.507402 0.652079 0.041088 0.126524
2 0.472184 0.654688 0.027392 0.123916
2 0.562186 0.561425 0.046958 0.148699
2 0.493706 0.233157 0.046958 0.088698
2 0.482945 0.113155 0.046958 0.088698
2 0.689363 0.021359 0.046958 0.042718
2 0.560719 0.068806 0.016631 0.049566
2 0.541153 0.058371 0.024457 0.062610
2 0.102037 0.400015 0.031366 0.100682
2 0.146182 0.379105 0.033690 0.083643
2 0.125271 0.409309 0.015102 0.100682
5 0.500000 0.500000 1.000000 1.000000