2 0.161150 0.189369 0.025736 0.132177
2 0.221201 0.163950 0.017158 0.122009
2 0.140418 0.148699 0.038605 0.101674
2 0.248368 0.327900 0.031456 0.170305
2 0.224061 0.303752 0.054332 0.096591
4 0.197610 0.166492 0.021447 0.193181
2 0.382769 0.449909 0.051473 0.149970
2 0.522174 0.560480 0.032885 0.132177
2 0.499714 0.589235 0.024307 0.149970
2 0.484701 0.553649 0.045754 0.185556
2 0.400343 0.567629 0.025736 0.157595
2 0.417501 0.509167 0.034315 0.132177
2 0.421075 0.598132 0.018587 0.106758
2 0.449671 0.516792 0.030026 0.177930
2 0.444667 0.623550 0.034315 0.137261
4 0.843908 0.760300 0.050648 0.106908
4 0.416047 0.207559 0.135688 0.333746
5 0.500000 0.500000 1.000000 1.000000