1 0.419940 0.363884 0.047463 0.049100
1 0.463516 0.662029 0.040507 0.058374
1 0.488475 0.600382 0.062602 0.094381
1 0.542894 0.619203 0.024959 0.036007
5 0.527550 0.652755 0.016367 0.039825
3 0.454514 0.670486 0.010229 0.016367
3 0.456765 0.683579 0.012275 0.016367
2 0.507706 0.603928 0.009411 0.016367
2 0.487043 0.592471 0.010638 0.015276
5 0.590971 0.501637 0.006547 0.018003
1 0.587289 0.470540 0.046645 0.037643
1 0.593835 0.102291 0.044190 0.054010
1 0.374318 0.409984 0.021686 0.035461
3 0.505046 0.797054 0.014730 0.028369
2 0.499932 0.769231 0.015139 0.030551
1 0.300259 0.715494 0.035597 0.055101
0 0.593351 0.489362 0.799468 0.978723