0 0.015278 0.500545 0.028538 0.065724
0 0.196668 0.439145 0.034159 0.080137
0 0.385480 0.865679 0.030700 0.032285
0 0.360185 0.761616 0.055347 0.076678
2 0.447745 0.665432 0.024647 0.061112
2 0.458771 0.657072 0.019025 0.039780
2 0.457474 0.607779 0.016431 0.047275
2 0.476932 0.597114 0.018161 0.058229
2 0.500281 0.615274 0.013837 0.025367
2 0.465041 0.567422 0.023782 0.042663
2 0.452501 0.541479 0.014269 0.023061
0 0.460933 0.395521 0.042375 0.055923
2 0.834522 0.391774 0.011242 0.017296
2 0.824794 0.383991 0.014269 0.019025
2 0.889869 0.409070 0.014701 0.040357
2 0.873006 0.340751 0.015566 0.020178
2 0.888572 0.267821 0.009513 0.013837
2 0.893977 0.296647 0.010810 0.018449
2 0.977429 0.400710 0.008216 0.013260
2 0.987374 0.392639 0.009080 0.032862
0 0.934622 0.419159 0.046266 0.075525
2 0.790274 0.467395 0.010377 0.020178
2 0.745954 0.725871 0.015999 0.024791
2 0.754818 0.806873 0.013837 0.024214
2 0.724550 0.796784 0.010377 0.025944
5 0.505340 0.505481 0.989320 0.989038