2 0.067534 0.319083 0.078067 0.198265
2 0.202292 0.271995 0.131970 0.277571
2 0.137237 0.289343 0.053903 0.208178
2 0.578686 0.400867 0.048327 0.133829
4 0.568463 0.428129 0.091078 0.183395
2 0.502478 0.382280 0.066914 0.185874
2 0.482032 0.488848 0.040892 0.156134
2 0.518278 0.544610 0.065056 0.173482
2 0.263437 0.611679 0.037175 0.089219
2 0.166783 0.579461 0.042131 0.100785
2 0.538530 0.614829 0.002478 0.000000
2 0.596196 0.542097 0.060809 0.178507
0 0.759322 0.696477 0.458752 0.548275
2 0.777745 0.078321 0.022877 0.080704
2 0.753915 0.043688 0.022877 0.043212
0 0.920725 0.084755 0.133448 0.169510
0 0.761401 0.070366 0.105151 0.140732
2 0.751842 0.150646 0.027616 0.048150
2 0.035006 0.557724 0.070012 0.210657
2 0.000774 0.663052 0.000929 0.002478
5 0.500000 0.500000 1.000000 1.000000