5 0.904596 0.315330 0.028232 0.025095
5 0.389662 0.216039 0.022095 0.086197
5 0.375955 0.179760 0.016776 0.043099
5 0.311307 0.302237 0.029051 0.093835
5 0.369613 0.331969 0.035188 0.096563
5 0.318262 0.365521 0.036416 0.084015
5 0.345267 0.381069 0.023322 0.102019
5 0.294940 0.414621 0.034779 0.100382
5 0.326241 0.423622 0.034370 0.060556
5 0.381478 0.408347 0.033552 0.070376
5 0.404596 0.341244 0.042144 0.096563
5 0.408279 0.418985 0.034779 0.046918
5 0.405619 0.491271 0.041735 0.108565
5 0.311307 0.580469 0.030687 0.104746
5 0.290644 0.570922 0.030278 0.084561
5 0.345472 0.609656 0.044190 0.145663
4 0.375546 0.563830 0.023322 0.023459
5 0.417076 0.608565 0.014730 0.027823
5 0.394367 0.621386 0.010229 0.024004
5 0.406028 0.618931 0.012275 0.033279
0 0.498138 0.497872 0.996276 0.995744