0 0.500000 0.500000 1.000000 1.000000
4 0.521708 0.545471 0.028364 0.064040
4 0.492777 0.556816 0.014371 0.056476
4 0.503555 0.435797 0.017018 0.062527
5 0.527570 0.368227 0.008320 0.016136
5 0.541374 0.378564 0.011724 0.013615
1 0.528137 0.362933 0.029877 0.039836
1 0.491831 0.501853 0.017018 0.018153
1 0.550072 0.434284 0.011724 0.017144
1 0.505824 0.532360 0.010211 0.016640
1 0.776605 0.399995 0.023069 0.036306
1 0.272105 0.215944 0.023826 0.029246
3 0.263407 0.487734 0.008698 0.025212
5 0.267567 0.473867 0.010967 0.027734
5 0.203086 0.533621 0.007564 0.014119
5 0.202519 0.186446 0.010211 0.021683
5 0.192497 0.185437 0.009833 0.020674
5 0.126125 0.145602 0.007186 0.018657
5 0.118750 0.144845 0.007564 0.015127
5 0.111565 0.151653 0.008320 0.014623
5 0.111376 0.131483 0.004160 0.012606
5 0.113267 0.572196 0.008698 0.011598