1 0.911348 0.528914 0.040917 0.048554
5 0.707583 0.597109 0.009002 0.027823
5 0.755046 0.369885 0.009002 0.026187
5 0.742976 0.360884 0.010229 0.035461
5 0.732747 0.402619 0.007774 0.021822
5 0.724768 0.385979 0.012275 0.022368
5 0.655824 0.290780 0.009411 0.057829
5 0.666871 0.291326 0.011047 0.061102
5 0.676282 0.275777 0.013502 0.066012
5 0.691421 0.280142 0.014321 0.058374
5 0.704514 0.287780 0.015957 0.050736
5 0.711266 0.277141 0.017185 0.049100
5 0.724768 0.281233 0.013093 0.057283
5 0.559465 0.362248 0.009002 0.031642
5 0.563557 0.388434 0.013093 0.037098
5 0.587493 0.369613 0.014321 0.071468
5 0.596495 0.372886 0.011047 0.068194
5 0.606315 0.376705 0.014321 0.054010
5 0.609997 0.394981 0.014321 0.060011
5 0.625546 0.378887 0.023322 0.047463
5 0.566012 0.524004 0.010638 0.032188
5 0.560079 0.578014 0.013502 0.056192
5 0.567649 0.575559 0.009002 0.040371
5 0.546372 0.568740 0.009820 0.037643
5 0.535325 0.583197 0.019640 0.044735
5 0.533483 0.573377 0.007774 0.014184
5 0.543508 0.121931 0.010638 0.019094
5 0.528778 0.118112 0.009820 0.034370
5 0.401118 0.181942 0.009002 0.050736
5 0.394163 0.188489 0.005728 0.046372
5 0.468426 0.702400 0.007774 0.024550
5 0.473745 0.710038 0.010229 0.037643
5 0.482338 0.696127 0.007774 0.029460
5 0.488680 0.702673 0.007365 0.030551
5 0.584015 0.605292 0.006547 0.027823
5 0.308647 0.555374 0.012275 0.034915
5 0.326650 0.472450 0.009820 0.032733
5 0.268958 0.064921 0.017185 0.036007
5 0.294735 0.234043 0.008183 0.039280
5 0.290644 0.271959 0.019640 0.038734
5 0.243999 0.580742 0.018003 0.037643
5 0.202878 0.651664 0.009411 0.026732
5 0.181601 0.516912 0.011047 0.034370
5 0.121249 0.616476 0.012275 0.045827
5 0.123500 0.560829 0.010229 0.020731
5 0.135570 0.567376 0.005728 0.018549
5 0.151118 0.571468 0.010638 0.024550
5 0.294531 0.654937 0.012684 0.028914
5 0.283688 0.663121 0.012275 0.044190
5 0.261593 0.639389 0.009820 0.021822
5 0.255660 0.664757 0.014321 0.019094
5 0.271413 0.673486 0.006547 0.035461
5 0.265480 0.673213 0.006956 0.034915
5 0.073582 0.600927 0.007774 0.036552
5 0.080128 0.620840 0.011047 0.039280
5 0.086470 0.618658 0.008183 0.044735
5 0.096699 0.613475 0.010638 0.035461
5 0.102632 0.612930 0.011047 0.028914
5 0.105087 0.593562 0.007774 0.037098
5 0.058647 0.564103 0.010638 0.028369
5 0.058442 0.581288 0.009411 0.019094
5 0.045963 0.568467 0.016367 0.026187
5 0.043712 0.575832 0.009411 0.025641
5 0.037370 0.575832 0.009820 0.033279
5 0.026528 0.571195 0.007774 0.027278
5 0.014866 0.563830 0.009002 0.024550
5 0.030619 0.579378 0.008592 0.029460
1 0.392321 0.647572 0.025777 0.048009
5 0.756888 0.700764 0.005319 0.023459
5 0.748704 0.689034 0.008592 0.013093
5 0.762821 0.693126 0.009002 0.022368
5 0.864703 0.370431 0.007365 0.018549
0 0.500266 0.379787 0.999468 0.759574