1 0.630674 0.605192 0.020704 0.032914
1 0.544872 0.640229 0.037824 0.035037
1 0.580905 0.636779 0.027074 0.022827
1 0.614947 0.642353 0.029065 0.024420
5 0.554826 0.673143 0.019509 0.057334
4 0.601808 0.679514 0.013935 0.063704
4 0.578317 0.670223 0.020306 0.046186
4 0.571747 0.697829 0.022297 0.031321
4 0.520186 0.659606 0.021102 0.045124
4 0.708114 0.510166 0.015528 0.028667
4 0.725434 0.490524 0.006370 0.011679
5 0.620720 0.468227 0.032649 0.067951
1 0.682832 0.483092 0.028667 0.024420
1 0.702739 0.460530 0.023093 0.015395
1 0.736582 0.464511 0.020704 0.010617
1 0.745541 0.504592 0.024287 0.033445
4 0.746536 0.496098 0.008759 0.007963
4 0.243669 0.813824 0.017519 0.041408
1 0.268156 0.755694 0.010750 0.022827
1 0.253026 0.746403 0.013935 0.013803
1 0.187928 0.774009 0.039019 0.022297
1 0.147516 0.804534 0.013139 0.014333
1 0.173993 0.692520 0.018315 0.021766
1 0.140150 0.691989 0.006370 0.011148
1 0.149307 0.651643 0.009556 0.013272
4 0.176581 0.818602 0.025880 0.069013
4 0.148113 0.717471 0.016722 0.066359
4 0.174192 0.724638 0.018713 0.043531
4 0.165034 0.862133 0.015528 0.031852
4 0.191910 0.870627 0.017519 0.023358
5 0.196886 0.831077 0.011546 0.028136
5 0.156275 0.829219 0.014732 0.047778
5 0.132585 0.834793 0.028667 0.064235
5 0.138159 0.912831 0.015926 0.034507
5 0.119247 0.903010 0.007565 0.018050
5 0.119844 0.886553 0.007963 0.012741
5 0.132386 0.881775 0.009158 0.011679
1 0.099936 0.890800 0.029463 0.038223
1 0.105909 0.804268 0.027074 0.035037
1 0.212813 0.792854 0.007565 0.017519
1 0.150502 0.360195 0.033445 0.039815
1 0.348782 0.203323 0.015926 0.029729
1 0.342013 0.238626 0.013537 0.020704
4 0.352564 0.263577 0.005176 0.023889
4 0.250239 0.454425 0.010750 0.035037
4 0.264572 0.463715 0.011546 0.037692
4 0.266364 0.443011 0.006370 0.031321
5 0.279503 0.437968 0.007963 0.026544
5 0.281693 0.437172 0.003583 0.020704
5 0.271938 0.444604 0.007167 0.019642
5 0.346990 0.294898 0.005972 0.016457
5 0.276716 0.043531 0.023889 0.080692
5 0.253822 0.031587 0.021102 0.063174
5 0.231725 0.035037 0.025482 0.065828
5 0.214007 0.036365 0.012343 0.063174
5 0.203655 0.033179 0.011546 0.066358
5 0.229535 0.079100 0.019509 0.028667
5 0.256211 0.079100 0.017121 0.029729
1 0.194498 0.106174 0.013935 0.026544
4 0.332457 0.115730 0.004778 0.009556
1 0.221174 0.565111 0.029065 0.043000
5 0.189521 0.611031 0.011148 0.018050
1 0.202262 0.597760 0.020704 0.021235
5 0.054945 0.418060 0.011945 0.032383
5 0.038422 0.420184 0.007565 0.028136
1 0.021699 0.195891 0.017917 0.027605
1 0.031852 0.148909 0.018315 0.021766
1 0.069876 0.185008 0.012343 0.020704
0 0.464286 0.504141 0.928571 0.991718