1 0.748200 0.968119 0.048892 0.063761
1 0.526557 0.475570 0.051686 0.078227
3 0.617356 0.447321 0.007916 0.014280
5 0.588952 0.456944 0.011641 0.031042
5 0.579639 0.493885 0.008847 0.022971
5 0.477665 0.522444 0.012572 0.036630
5 0.445536 0.547898 0.014435 0.047805
5 0.444605 0.516856 0.010710 0.022971
4 0.431800 0.523996 0.013038 0.031042
3 0.422487 0.529894 0.012107 0.045322
3 0.456246 0.542311 0.008847 0.037872
3 0.467421 0.546967 0.018160 0.040976
3 0.467654 0.521512 0.006519 0.021109
3 0.493031 0.492643 0.011641 0.040355
3 0.456246 0.443286 0.016297 0.034767
3 0.441578 0.447321 0.014900 0.031663
3 0.424582 0.239647 0.013503 0.038493
3 0.439017 0.256721 0.010710 0.034147
1 0.330990 0.199292 0.048892 0.073260
1 0.405259 0.470603 0.021419 0.036009
3 0.256953 0.796859 0.009778 0.025455
3 0.243450 0.805861 0.013503 0.026076
3 0.220867 0.822624 0.008381 0.027317
3 0.208993 0.805550 0.019091 0.021730
3 0.081874 0.251443 0.011641 0.042218
3 0.068371 0.257652 0.012572 0.038493
3 0.051608 0.246166 0.017229 0.034147
3 0.049280 0.240889 0.006053 0.012417
4 0.065577 0.244614 0.017229 0.027317
3 0.031120 0.480536 0.006985 0.031042
3 0.024368 0.488918 0.007450 0.015521
3 0.041131 0.478674 0.009313 0.023592
3 0.062783 0.476190 0.008847 0.026076
0 0.425242 0.493947 0.850484 0.987893