5 0.809319 0.289565 0.008320 0.035297
5 0.968913 0.627915 0.013615 0.031263
3 0.696430 0.524040 0.015506 0.052442
3 0.531352 0.268638 0.009076 0.029751
3 0.541374 0.319315 0.009455 0.032272
1 0.576734 0.279984 0.018153 0.028238
1 0.541941 0.295616 0.015127 0.012102
1 0.642349 0.517233 0.010967 0.015632
1 0.715150 0.483952 0.006807 0.012606
1 0.593185 0.456471 0.010211 0.015127
3 0.578436 0.488743 0.014749 0.033280
4 0.670335 0.491768 0.012480 0.023195
1 0.668822 0.506643 0.007186 0.009581
1 0.540428 0.610014 0.009833 0.011598
1 0.537024 0.634723 0.007564 0.013615
1 0.525490 0.615561 0.011724 0.011598
1 0.496369 0.649346 0.019287 0.025717
1 0.495424 0.600938 0.019666 0.015632
1 0.490886 0.583289 0.008320 0.008572
1 0.500719 0.572448 0.026473 0.011093
1 0.478027 0.576734 0.012858 0.019666
1 0.447016 0.594635 0.014371 0.019161
1 0.455714 0.563119 0.014371 0.029751
1 0.471409 0.560598 0.004916 0.005547
4 0.459685 0.598417 0.009455 0.020674
4 0.457038 0.574213 0.004916 0.011598
4 0.477460 0.557825 0.007942 0.008068
4 0.484835 0.603963 0.012858 0.038827
4 0.522653 0.650606 0.012858 0.043365
1 0.475002 0.637748 0.013615 0.011598
1 0.488995 0.626655 0.010589 0.007564
1 0.385939 0.535890 0.011724 0.016640
1 0.397285 0.529587 0.013237 0.010085
1 0.427540 0.566901 0.013237 0.009076
1 0.475758 0.397726 0.017397 0.024708
1 0.445692 0.399491 0.014749 0.019161
1 0.474624 0.434032 0.009076 0.013615
3 0.481809 0.418904 0.009076 0.037819
3 0.466304 0.406550 0.009076 0.032272
5 0.492398 0.453950 0.009076 0.018153
1 0.534566 0.472355 0.012480 0.025717
5 0.446638 0.318811 0.014371 0.024204
3 0.436238 0.312256 0.010211 0.027229
3 0.244119 0.068452 0.008698 0.026725
3 0.260381 0.079797 0.007942 0.026221
5 0.249225 0.107279 0.015127 0.029751
4 0.181151 0.330157 0.018153 0.047904
4 0.126503 0.241661 0.009455 0.027229
1 0.118940 0.249477 0.007942 0.007564
1 0.146547 0.261327 0.024582 0.023195
1 0.151842 0.298137 0.008698 0.013110
0 0.500000 0.500000 1.000000 1.000000