2 0.579194 0.734799 0.026414 0.083480
2 0.606097 0.736538 0.023479 0.086958
2 0.628597 0.698276 0.017609 0.090437
2 0.641315 0.709581 0.025435 0.109568
2 0.655500 0.665232 0.020544 0.093915
2 0.680446 0.659145 0.023479 0.088698
0 0.295003 0.429248 0.074349 0.102611
0 0.437343 0.291854 0.061632 0.099133
2 0.383048 0.139677 0.019566 0.076523
2 0.360059 0.112720 0.026414 0.067828
2 0.769102 0.328743 0.023984 0.043704
2 0.758309 0.372447 0.021585 0.030912
2 0.738523 0.373513 0.025183 0.052231
2 0.751714 0.315952 0.029980 0.054363
2 0.704646 0.348463 0.018587 0.063957
2 0.721734 0.331408 0.017988 0.055429
5 0.500000 0.494527 1.000000 0.989054