5 0.957992 0.252046 0.014730 0.037098
1 0.924441 0.311238 0.071195 0.059465
1 0.989225 0.331697 0.021549 0.096017
5 0.633933 0.949264 0.010638 0.038189
1 0.650709 0.656847 0.043372 0.051282
1 0.723336 0.562466 0.038052 0.044735
5 0.628205 0.043917 0.030278 0.044190
5 0.593631 0.947627 0.012684 0.030551
5 0.475791 0.919258 0.009411 0.029460
5 0.486020 0.921986 0.011047 0.024004
4 0.482542 0.687943 0.020458 0.043644
3 0.477019 0.711948 0.009411 0.033824
4 0.351609 0.266503 0.027823 0.049645
5 0.383115 0.278505 0.023732 0.043099
1 0.376364 0.549645 0.049509 0.043099
3 0.362043 0.713312 0.012684 0.035461
3 0.374523 0.705401 0.012275 0.039280
5 0.368385 0.062466 0.009820 0.016912
5 0.105906 0.686307 0.016776 0.021822
1 0.032051 0.738680 0.022095 0.022913
0 0.498936 0.497872 0.997872 0.995744