3 0.747477 0.100927 0.012684 0.036007
3 0.913189 0.299236 0.020049 0.064921
5 0.738475 0.657665 0.019231 0.057283
5 0.621045 0.932624 0.008592 0.044190
5 0.595063 0.943535 0.010638 0.048554
5 0.615521 0.918167 0.015548 0.034915
5 0.605701 0.944081 0.009002 0.026732
5 0.690603 0.659574 0.007774 0.032733
1 0.617158 0.095745 0.037643 0.081288
1 0.577264 0.261320 0.043781 0.070922
5 0.570922 0.318603 0.011457 0.029460
5 0.550873 0.344244 0.027005 0.032733
5 0.484384 0.189034 0.014321 0.034370
2 0.507911 0.288325 0.049100 0.140207
2 0.467608 0.342335 0.035597 0.136934
2 0.419122 0.220131 0.022913 0.079105
1 0.495636 0.186852 0.096563 0.084561
1 0.417280 0.299509 0.053601 0.094926
1 0.337289 0.295417 0.019640 0.046372
3 0.486429 0.409438 0.023322 0.080196
5 0.486429 0.480906 0.030687 0.111839
5 0.519367 0.452264 0.032733 0.104746
1 0.421577 0.082651 0.040098 0.074741
3 0.360202 0.749318 0.010638 0.025641
3 0.350177 0.743590 0.013502 0.029460
1 0.007229 0.189034 0.014457 0.051828
1 0.011320 0.126023 0.022640 0.033824
0 0.498138 0.500000 0.996276 1.000000