0 0.520649 0.500000 0.958702 1.000000
2 0.485024 0.463278 0.027608 0.056980
5 0.429241 0.454706 0.014371 0.025717
5 0.449663 0.428485 0.017397 0.070091
5 0.461765 0.434284 0.015884 0.061518
5 0.482755 0.428989 0.020800 0.057989
5 0.511308 0.425964 0.016640 0.051938
5 0.584487 0.360411 0.015506 0.041853
3 0.572007 0.338225 0.013237 0.040844
3 0.977044 0.592618 0.020800 0.039331
5 0.972695 0.624133 0.015884 0.019666
5 0.993911 0.576986 0.012178 0.050425
5 0.992550 0.600434 0.010211 0.034793
5 0.644240 0.081562 0.014749 0.029751
5 0.355306 0.548496 0.010967 0.024708
5 0.342826 0.541437 0.008698 0.023700
5 0.329022 0.539672 0.011346 0.030255