2 0.388761 0.605235 0.048792 0.092937
2 0.457302 0.654027 0.030204 0.100682
2 0.523520 0.637763 0.034851 0.111524
2 0.490992 0.659448 0.025558 0.099133
2 0.476471 0.766341 0.038336 0.068154
2 0.479956 0.817457 0.029043 0.080545
2 0.452655 0.791125 0.018587 0.071252
2 0.430002 0.815133 0.026719 0.094486
3 0.382953 0.173095 0.037175 0.071252
3 0.402121 0.142116 0.031366 0.114622
2 0.466596 0.032915 0.027881 0.063507
2 0.465434 0.097971 0.030204 0.085192
2 0.442200 0.117333 0.016264 0.102230
2 0.425936 0.101843 0.034851 0.133209
2 0.265039 0.062539 0.047630 0.125077
2 0.209277 0.036981 0.040660 0.073962
5 0.500000 0.500929 1.000000 0.998141