2 0.036465 0.558006 0.020755 0.050734
2 0.066517 0.498047 0.044537 0.053040
2 0.055058 0.549070 0.025079 0.038627
2 0.071922 0.578184 0.025944 0.056500
2 0.088569 0.575013 0.017728 0.044393
2 0.111053 0.594615 0.018593 0.050158
2 0.098730 0.665240 0.029403 0.035745
2 0.124674 0.608740 0.019025 0.044969
2 0.136997 0.588850 0.027241 0.058229
2 0.181966 0.577608 0.025511 0.039204
2 0.178939 0.530333 0.028970 0.053040
2 0.119701 0.538692 0.020323 0.045546
2 0.139375 0.543304 0.010377 0.039780
2 0.156455 0.536098 0.015134 0.029979
2 0.047708 0.614505 0.024214 0.046122
2 0.345844 0.293476 0.023782 0.053617
2 0.379138 0.380820 0.032430 0.064571
2 0.283363 0.504965 0.025079 0.057653
2 0.308442 0.537251 0.023349 0.054194
2 0.408325 0.542344 0.035456 0.060535
2 0.445511 0.575109 0.030268 0.072642
2 0.426702 0.466146 0.029835 0.062265
2 0.457402 0.485171 0.029835 0.046122
2 0.472320 0.446544 0.029403 0.069183
2 0.480751 0.393504 0.034159 0.073795
2 0.510803 0.611142 0.030268 0.077831
2 0.533287 0.547724 0.016431 0.053617
2 0.533936 0.615178 0.021187 0.052464
2 0.543881 0.614890 0.022052 0.044969
2 0.553826 0.610278 0.020323 0.040357
2 0.512316 0.713476 0.023782 0.051887
2 0.541935 0.733078 0.018161 0.026520
2 0.543016 0.679461 0.017728 0.029979
2 0.567879 0.698774 0.023349 0.051311
2 0.580418 0.682920 0.013837 0.026520
2 0.604200 0.686379 0.024214 0.043816
2 0.598579 0.646310 0.013837 0.057076
2 0.626252 0.667354 0.019025 0.042663
2 0.624523 0.622673 0.021620 0.038627
2 0.600695 0.560666 0.022996 0.066772
2 0.642598 0.548742 0.017885 0.067454
2 0.511523 0.222716 0.022485 0.069498
2 0.473197 0.069413 0.021463 0.068135
2 0.497470 0.061236 0.014819 0.062684
2 0.511523 0.061918 0.020440 0.079037
2 0.536307 0.055104 0.027084 0.091301
2 0.561092 0.062940 0.023507 0.062003
2 0.610404 0.043862 0.026062 0.055189
2 0.669511 0.369661 0.015841 0.023166
2 0.706815 0.336274 0.010731 0.020440
2 0.749740 0.396915 0.024018 0.016352
2 0.929531 0.071229 0.020440 0.027254
2 0.962747 0.061350 0.017374 0.026573
0 0.869871 0.758432 0.231029 0.483136
0 0.779651 0.330242 0.067454 0.103429
0 0.400225 0.303260 0.185497 0.157392
0 0.788926 0.072794 0.072513 0.123665
5 0.502811 0.502108 0.994378 0.995784