0 0.710095 0.750365 0.173482 0.499270
2 0.488080 0.526432 0.051632 0.179907
1 0.446774 0.418120 0.039240 0.062417
1 0.529901 0.424545 0.044403 0.119326
1 0.542293 0.385994 0.042338 0.145027
0 0.542809 0.392419 0.276745 0.385516
2 0.875408 0.805046 0.017158 0.066936
2 0.857536 0.801234 0.020494 0.098285
2 0.860872 0.772002 0.019541 0.077103
2 0.824174 0.760987 0.020494 0.085576
2 0.832991 0.769884 0.021924 0.086423
2 0.845621 0.785559 0.020494 0.109300
2 0.938728 0.694284 0.035893 0.070646
2 0.880229 0.459185 0.018111 0.042364
2 0.863548 0.446900 0.017158 0.078798
2 0.844484 0.406230 0.015251 0.058463
2 0.835190 0.393521 0.010962 0.063547
2 0.828279 0.404535 0.024783 0.049990
0 0.839846 0.311323 0.270362 0.297398
5 0.500000 0.500000 1.000000 1.000000