0 0.501475 0.502212 0.997050 0.995575
4 0.442100 0.503870 0.005295 0.015127
4 0.429620 0.516981 0.011346 0.022187
4 0.464791 0.481431 0.009833 0.032776
4 0.471787 0.472607 0.008698 0.023195
4 0.478406 0.477145 0.007564 0.022187
4 0.483322 0.464539 0.015127 0.013110
4 0.497315 0.461261 0.012102 0.022691
4 0.518682 0.448403 0.009455 0.025212
4 0.518871 0.519754 0.007564 0.024708
4 0.508093 0.499332 0.004916 0.020170
4 0.499395 0.498071 0.013993 0.008572
1 0.441722 0.503114 0.034793 0.036810
1 0.473867 0.461009 0.015127 0.017144
1 0.494857 0.467312 0.020044 0.050929
1 0.509417 0.497063 0.021935 0.055972
1 0.513955 0.437814 0.022691 0.043365
4 0.454013 0.468321 0.009455 0.009581
4 0.461009 0.471850 0.008320 0.015632
5 0.478027 0.163755 0.006051 0.019666
5 0.475380 0.177874 0.008320 0.027734
5 0.467438 0.173335 0.006051 0.029751
5 0.459118 0.178630 0.011346 0.024204
5 0.469518 0.192245 0.005673 0.010085
5 0.199871 0.145097 0.013237 0.016640
5 0.215755 0.560094 0.007942 0.029751
5 0.209137 0.558581 0.007564 0.029751
5 0.195333 0.555556 0.007186 0.029751
5 0.134256 0.391927 0.006807 0.015127
5 0.071666 0.777425 0.017018 0.053955