0 0.500000 0.500000 1.000000 1.000000
4 0.480675 0.461009 0.014371 0.027229
4 0.476704 0.491768 0.013993 0.026221
4 0.492588 0.515468 0.023826 0.061518
4 0.547046 0.520258 0.019287 0.034793
4 0.564632 0.419913 0.044626 0.030759
4 0.547046 0.524292 0.020800 0.039836
4 0.470085 0.658926 0.021935 0.044878
4 0.485024 0.663717 0.011724 0.029246
1 0.492209 0.628167 0.050299 0.057989
1 0.497504 0.590853 0.025338 0.021683
1 0.497882 0.457227 0.054081 0.049921
1 0.546857 0.486474 0.034793 0.049921
1 0.598291 0.505887 0.032524 0.040340
1 0.553097 0.441091 0.016262 0.017649
1 0.517548 0.406046 0.030633 0.038323
1 0.490318 0.391423 0.020044 0.020170
1 0.406739 0.509165 0.013993 0.019666
1 0.375350 0.530343 0.023826 0.019666
4 0.629491 0.459748 0.028364 0.060006
1 0.628924 0.442604 0.008320 0.015632
1 0.623818 0.385876 0.013993 0.016136
1 0.606043 0.367471 0.014749 0.018657
1 0.650291 0.398230 0.013993 0.011598
4 0.513955 0.407054 0.020422 0.012102
4 0.662582 0.376800 0.022691 0.011093
4 0.469896 0.396717 0.012480 0.012606
4 0.852432 0.829362 0.015127 0.024708
1 0.856592 0.791292 0.025717 0.026221
1 0.838817 0.808184 0.009076 0.015632