5 0.375604 0.521760 0.022485 0.039652
5 0.374879 0.582205 0.016683 0.032882
5 0.398090 0.533849 0.028288 0.048356
5 0.393013 0.564797 0.023936 0.038685
5 0.409333 0.587041 0.020309 0.050290
5 0.390474 0.605899 0.014507 0.047389
5 0.409695 0.617988 0.022485 0.034816
5 0.425653 0.604449 0.034091 0.073501
5 0.449952 0.540135 0.021760 0.062863
5 0.473888 0.577369 0.036267 0.030948
5 0.502176 0.537234 0.027563 0.088008
5 0.519947 0.512089 0.029739 0.057060
5 0.535542 0.500967 0.026112 0.048356
5 0.573985 0.513056 0.036267 0.074468
5 0.573985 0.587524 0.015957 0.037718
5 0.599009 0.612186 0.029739 0.073501
5 0.612790 0.457930 0.029739 0.064797
5 0.547147 0.426983 0.046422 0.066731
5 0.518496 0.436654 0.026838 0.076402
5 0.496373 0.393617 0.037718 0.044487
5 0.487307 0.454545 0.012331 0.054159
5 0.476064 0.442456 0.024662 0.037718
5 0.465184 0.418279 0.023211 0.097679
5 0.413322 0.382012 0.022485 0.073501
5 0.430730 0.417311 0.021035 0.043520
5 0.400991 0.450677 0.018133 0.065764
5 0.443786 0.436654 0.016683 0.084139
3 0.469173 0.495164 0.025387 0.077369
0 0.500000 0.451064 1.000000 0.893617