1 0.914212 0.120022 0.034370 0.060011
1 0.721495 0.484724 0.031097 0.030005
1 0.717608 0.436716 0.030687 0.044190
1 0.511593 0.448991 0.040098 0.031642
1 0.564989 0.398527 0.050327 0.062739
2 0.578287 0.625750 0.023732 0.063284
2 0.596086 0.617840 0.017594 0.044190
2 0.572149 0.456901 0.019640 0.068194
2 0.529392 0.420622 0.038052 0.032733
1 0.442853 0.349973 0.055646 0.081288
0 0.500000 0.500000 1.000000 1.000000
2 0.964744 0.883524 0.024959 0.075832
2 0.986157 0.854337 0.027686 0.049100
5 0.986361 0.888161 0.027278 0.042553
5 0.991067 0.916258 0.017866 0.049645