2 0.488939 0.625164 0.034640 0.094627
2 0.600287 0.665609 0.049848 0.139687
2 0.528050 0.661103 0.037175 0.106643
2 0.554241 0.709167 0.028726 0.127671
2 0.547905 0.532681 0.046468 0.099133
2 0.550439 0.652091 0.021122 0.082610
2 0.585924 0.578492 0.024502 0.070594
2 0.255399 0.448492 0.017910 0.085364
1 0.274809 0.450198 0.017813 0.077103
2 0.227953 0.396502 0.037175 0.074349
2 0.409364 0.521530 0.047796 0.085753
2 0.221499 0.459201 0.051779 0.082955
2 0.101345 0.131734 0.031864 0.110934
2 0.149141 0.149436 0.021243 0.080250
1 0.919902 0.838611 0.023751 0.103416
2 0.973083 0.840753 0.028914 0.106476
2 0.943653 0.834328 0.023751 0.100968
2 0.992703 0.855439 0.014457 0.113819
5 0.500000 0.500000 1.000000 1.000000