5 0.714334 0.052373 0.010229 0.030551
5 0.707174 0.400982 0.004910 0.010911
5 0.667690 0.429078 0.004501 0.009274
5 0.670758 0.426896 0.006547 0.007092
5 0.655619 0.303601 0.005728 0.020185
5 0.612452 0.368522 0.007774 0.009274
5 0.615316 0.379978 0.006137 0.010366
5 0.623091 0.382433 0.002864 0.009820
5 0.618794 0.376705 0.004092 0.013639
5 0.715153 0.241408 0.002864 0.007092
5 0.479269 0.009820 0.010638 0.019640
5 0.490316 0.009547 0.009820 0.019094
5 0.508524 0.017730 0.019231 0.035460
5 0.546781 0.455265 0.013093 0.063830
5 0.534302 0.466721 0.013502 0.064921
5 0.521618 0.473268 0.013502 0.045281
5 0.510366 0.428532 0.020458 0.050736
5 0.497681 0.471086 0.034370 0.054010
5 0.492976 0.514730 0.023322 0.068194
5 0.475382 0.531369 0.022504 0.058920
5 0.473541 0.473813 0.019640 0.069285
5 0.456560 0.506001 0.019231 0.057283
5 0.201650 0.031642 0.030687 0.063284
5 0.225586 0.104474 0.017185 0.045281
5 0.224359 0.045827 0.020458 0.091653
5 0.234384 0.037098 0.015957 0.063284
5 0.248295 0.087834 0.027414 0.097109
5 0.271004 0.067376 0.019640 0.094381
5 0.292485 0.101473 0.027414 0.073104
5 0.214539 0.206765 0.008183 0.025095
5 0.287166 0.175396 0.004501 0.013639
5 0.282870 0.172941 0.003273 0.009820
5 0.277755 0.167212 0.005319 0.011457
5 0.191626 0.173486 0.008183 0.024004
5 0.338312 0.213857 0.007774 0.022913
5 0.325832 0.330606 0.008183 0.013093
5 0.243181 0.329514 0.009820 0.017458
5 0.252182 0.320240 0.006547 0.009820
5 0.303532 0.327878 0.008592 0.014184
5 0.309875 0.332788 0.008183 0.014184
1 0.174236 0.270049 0.028232 0.025095
1 0.163803 0.178942 0.028642 0.031642
1 0.175873 0.213039 0.031506 0.034370
5 0.145185 0.207856 0.006956 0.020731
5 0.116544 0.140753 0.008592 0.022913
5 0.103041 0.131206 0.003682 0.013639
5 0.095676 0.106383 0.006137 0.016367
5 0.089744 0.108292 0.004092 0.013639
5 0.075832 0.111293 0.005728 0.017458
5 0.065194 0.071468 0.007365 0.014184
5 0.051896 0.080742 0.004501 0.017458
5 0.209629 0.273050 0.004910 0.011457
5 0.896413 0.535461 0.003682 0.010366
5 0.900709 0.535461 0.002455 0.011457
5 0.905619 0.534097 0.005728 0.007638
5 0.903369 0.537643 0.004501 0.012548
0 0.498404 0.297872 0.995745 0.595744