4 0.635353 0.441343 0.012102 0.047399
4 0.659557 0.453193 0.014371 0.037819
5 0.644618 0.457479 0.015506 0.034289
4 0.528893 0.514711 0.007186 0.017649
4 0.538537 0.519754 0.014371 0.020674
4 0.523977 0.538411 0.011724 0.019666
4 0.525868 0.553791 0.017018 0.016136
4 0.564254 0.538411 0.011346 0.011598
4 0.558770 0.545471 0.010967 0.035802
4 0.549126 0.550513 0.015884 0.030759
4 0.547425 0.500845 0.013237 0.012102
1 0.535323 0.523284 0.064670 0.056980
3 0.508282 0.519250 0.012858 0.009581
0 0.500000 0.501229 1.000000 0.997542