1 0.569285 0.637480 0.034370 0.056192
5 0.564375 0.679214 0.017185 0.040371
5 0.580128 0.672122 0.009411 0.025095
2 0.339334 0.973813 0.014730 0.052373
2 0.352632 0.966994 0.013502 0.046372
5 0.363475 0.973268 0.013093 0.053464
5 0.249318 0.258592 0.022913 0.068740
5 0.276937 0.275777 0.020049 0.061648
5 0.212698 0.273868 0.015139 0.032733
5 0.294326 0.239771 0.027005 0.055101
1 0.345267 0.280960 0.020867 0.029460
5 0.258729 0.597109 0.040098 0.084561
1 0.095267 0.073104 0.033961 0.029460
1 0.096904 0.034643 0.033961 0.025641
1 0.028778 0.019640 0.024550 0.039280
5 0.080742 0.617567 0.014730 0.049100
5 0.104678 0.630933 0.017594 0.050736
5 0.113475 0.690671 0.017185 0.041462
5 0.028778 0.673759 0.031915 0.037098
5 0.008729 0.673486 0.012275 0.040917
0 0.498138 0.498936 0.996276 0.997872
5 0.652960 0.157938 0.011866 0.026732
5 0.657665 0.162302 0.012275 0.042008
5 0.667690 0.159302 0.012684 0.051282
5 0.676282 0.166121 0.011866 0.038734