1 0.798404 0.043617 0.067021 0.078723
1 0.723404 0.023404 0.098936 0.046808
1 0.669149 0.271277 0.079787 0.061702
1 0.590767 0.564648 0.015139 0.026187
1 0.539894 0.496809 0.025532 0.036170
1 0.587902 0.533824 0.025777 0.028914
1 0.571331 0.508729 0.024550 0.022368
1 0.543099 0.531915 0.015548 0.017458
5 0.459220 0.569285 0.010638 0.024550
5 0.579719 0.685215 0.008592 0.030551
5 0.588925 0.713857 0.011457 0.023459
3 0.596495 0.682215 0.010229 0.030005
5 0.643753 0.108565 0.016367 0.042553
5 0.617567 0.208674 0.020458 0.040917
5 0.649073 0.380524 0.008183 0.035461
5 0.653369 0.386525 0.008592 0.027823
5 0.611839 0.433170 0.010638 0.030551
5 0.468017 0.387070 0.013502 0.034370
5 0.481724 0.390071 0.016367 0.027278
5 0.478655 0.368249 0.020867 0.027278
5 0.400914 0.096836 0.015139 0.033279
5 0.415848 0.110475 0.013093 0.030005
1 0.415848 0.089198 0.017185 0.013639
1 0.489498 0.095472 0.027823 0.029460
1 0.478246 0.123022 0.018412 0.016912
1 0.444694 0.106929 0.035597 0.017458
1 0.440807 0.078287 0.017185 0.024550
1 0.456151 0.046099 0.024959 0.037643
5 0.408483 0.452810 0.017185 0.042553
5 0.394776 0.474905 0.012684 0.043099
5 0.377387 0.472995 0.009820 0.038189
5 0.291462 0.359520 0.022095 0.034915
5 0.314171 0.320786 0.012684 0.038189
5 0.292485 0.319422 0.012684 0.033279
5 0.300259 0.310420 0.011866 0.034915
5 0.373704 0.271686 0.014730 0.037098
1 0.362248 0.081288 0.049918 0.044735
5 0.236634 0.083742 0.010638 0.024550
5 0.229474 0.177578 0.010229 0.043099
5 0.238884 0.170486 0.013502 0.033279
5 0.258524 0.170213 0.015957 0.029460
5 0.278778 0.145663 0.013912 0.027278
5 0.246045 0.114839 0.007365 0.021277
5 0.259343 0.123568 0.008592 0.023459
5 0.281028 0.209493 0.017594 0.016367
5 0.228655 0.313148 0.017594 0.038189
5 0.199195 0.312057 0.010229 0.020731
5 0.184670 0.331697 0.007365 0.025095
5 0.212902 0.330333 0.011457 0.026732
5 0.266503 0.439989 0.014730 0.046372
5 0.204924 0.839062 0.011866 0.030551
0 0.442553 0.497872 0.880851 0.995744
5 0.833511 0.541489 0.025532 0.082979