1 0.910120 0.158756 0.018003 0.015276
1 0.968426 0.238407 0.047872 0.049100
5 0.872068 0.687398 0.010638 0.024004
5 0.804146 0.032188 0.005728 0.018549
5 0.658074 0.125205 0.009002 0.021277
5 0.712289 0.417894 0.009411 0.018549
1 0.714744 0.375614 0.024141 0.051828
1 0.721495 0.447627 0.018003 0.020185
1 0.714130 0.489089 0.013093 0.032188
1 0.620840 0.525641 0.026187 0.061648
1 0.656438 0.463448 0.025368 0.030005
1 0.688352 0.462084 0.029460 0.032733
1 0.652960 0.433715 0.015957 0.020731
1 0.617976 0.453901 0.027823 0.033824
1 0.690603 0.426896 0.020049 0.023459
5 0.686511 0.482542 0.024959 0.026732
5 0.700832 0.487452 0.011866 0.036552
5 0.533688 0.254228 0.012275 0.039280
1 0.592199 0.322422 0.042553 0.031642
1 0.574604 0.261593 0.023732 0.042008
1 0.598541 0.279596 0.024141 0.024550
1 0.548622 0.314239 0.011866 0.014184
1 0.535734 0.411348 0.018822 0.034915
1 0.564785 0.399891 0.027823 0.056738
1 0.558033 0.196672 0.040507 0.048554
1 0.251773 0.782324 0.000000 0.002182
5 0.206383 0.825532 0.025532 0.042553
0 0.592819 0.500000 0.814362 1.000000