0 0.500000 0.500000 1.000000 1.000000
1 0.390288 0.432771 0.007564 0.015127
1 0.377997 0.427729 0.008698 0.013110
1 0.372892 0.476136 0.024960 0.029246
1 0.577679 0.395457 0.028364 0.024204
5 0.399365 0.453445 0.022691 0.048408
5 0.377808 0.448151 0.021178 0.041853
5 0.363626 0.474624 0.020044 0.032272
5 0.362302 0.419661 0.017397 0.043365
5 0.356441 0.435292 0.018531 0.033280
5 0.334506 0.429493 0.019287 0.041853
5 0.332615 0.389658 0.018531 0.038827
5 0.599803 0.379069 0.027229 0.048912
5 0.579759 0.422434 0.028742 0.047904
5 0.601505 0.468573 0.020044 0.040340
5 0.586567 0.331165 0.018909 0.031768
1 0.637055 0.320072 0.020044 0.026725
1 0.633840 0.378817 0.026473 0.035297
1 0.594509 0.290825 0.012858 0.009581
1 0.589214 0.355117 0.018153 0.018153
1 0.787573 0.730782 0.015506 0.022187
5 0.778496 0.768600 0.028364 0.040340
5 0.757885 0.773895 0.023448 0.053955
5 0.730088 0.749691 0.024582 0.050929
5 0.833333 0.017775 0.007186 0.013110
5 0.756372 0.722462 0.016640 0.046895
5 0.778496 0.708595 0.020044 0.035297
5 0.577869 0.061392 0.015884 0.018657
5 0.575599 0.075259 0.012858 0.017144
5 0.561228 0.062401 0.012858 0.034793
5 0.549505 0.022817 0.011346 0.030255
5 0.276265 0.432015 0.013237 0.029751
1 0.280992 0.397222 0.015127 0.018657
1 0.331102 0.338981 0.029120 0.039331
1 0.282694 0.320828 0.019287 0.012102
1 0.287232 0.256032 0.012480 0.011598
1 0.302360 0.303936 0.012480 0.016640
1 0.328266 0.019224 0.029499 0.038448
3 0.293662 0.149131 0.008698 0.016640
5 0.299334 0.153922 0.007942 0.016136
3 0.318055 0.013678 0.017397 0.027355
1 0.342448 0.042987 0.017018 0.024204
1 0.351902 0.059627 0.007942 0.014119