0 0.500000 0.500000 1.000000 1.000000
5 0.411467 0.486726 0.045382 0.102867
5 0.437372 0.561859 0.027608 0.116986
5 0.474246 0.559085 0.037062 0.076141
5 0.450231 0.611023 0.039710 0.131609
5 0.485780 0.632958 0.041979 0.130096
5 0.465547 0.697501 0.027229 0.064544
5 0.496748 0.717671 0.027608 0.059501
5 0.480296 0.716411 0.011346 0.060006
5 0.476704 0.732547 0.014749 0.020674
5 0.508282 0.648337 0.026473 0.048912
5 0.507715 0.576230 0.032902 0.110430
5 0.537214 0.618839 0.038197 0.119003
5 0.567847 0.622116 0.034415 0.102362
5 0.602262 0.601694 0.037440 0.100850
5 0.615687 0.732042 0.035550 0.076141
5 0.582974 0.735572 0.038197 0.082192
5 0.299145 0.535890 0.010589 0.020674
1 0.292905 0.516476 0.034415 0.034289
3 0.245821 0.266621 0.031011 0.112447
5 0.228803 0.254519 0.042357 0.109422
5 0.216701 0.269899 0.031011 0.088748
5 0.180395 0.244182 0.049164 0.096816