0 0.320549 0.748068 0.146044 0.304479
1 0.365026 0.746887 0.019915 0.066088
2 0.489163 0.526199 0.047796 0.153419
2 0.513061 0.653656 0.053107 0.143978
2 0.553555 0.654836 0.059745 0.146339
2 0.373656 0.351537 0.045141 0.139258
2 0.406847 0.344456 0.058417 0.143978
0 0.767973 0.117572 0.103558 0.214787
2 0.122323 0.019030 0.015932 0.038060
1 0.109577 0.055998 0.010621 0.039653
1 0.078775 0.037588 0.014870 0.048150
1 0.098424 0.035227 0.011683 0.047206
1 0.088334 0.039948 0.009559 0.060424
1 0.152328 0.866525 0.055762 0.131233
5 0.501239 0.499484 0.997522 0.998967