5 0.975342 0.108539 0.006807 0.024204
1 0.802511 0.125432 0.020422 0.044878
5 0.754292 0.197539 0.010211 0.022691
5 0.745027 0.164259 0.009076 0.024708
2 0.751078 0.092151 0.009076 0.024708
2 0.741623 0.107783 0.008320 0.033785
2 0.841843 0.384868 0.015884 0.040340
5 0.856970 0.463782 0.006051 0.020674
5 0.853188 0.468825 0.009833 0.027734
5 0.861130 0.471598 0.006051 0.012102
5 0.860185 0.482692 0.010967 0.009076
5 0.855835 0.581524 0.008320 0.024204
5 0.873610 0.829362 0.006051 0.018657
1 0.707397 0.911555 0.049542 0.043870
1 0.698510 0.873736 0.011346 0.017649
2 0.740300 0.523284 0.024582 0.065048
2 0.692081 0.524544 0.025717 0.055467
2 0.641782 0.573708 0.014371 0.043870
2 0.634407 0.597912 0.013993 0.056980
3 0.642349 0.620351 0.012480 0.033280
5 0.834468 0.495298 0.012480 0.028238
5 0.877959 0.574213 0.007186 0.010589
2 0.870017 0.586567 0.011724 0.040340
3 0.651804 0.580516 0.004160 0.011093
2 0.671848 0.319819 0.014749 0.042357
2 0.683950 0.346040 0.015506 0.048408
2 0.694350 0.340746 0.012102 0.032776
2 0.652939 0.301162 0.010211 0.011093
2 0.630815 0.313768 0.006807 0.011093
2 0.625709 0.320072 0.006429 0.008572
2 0.709099 0.338981 0.015884 0.046391
2 0.724983 0.299902 0.010589 0.017649
2 0.703615 0.178378 0.007186 0.026725
5 0.729332 0.103749 0.006429 0.027734
5 0.484551 0.026095 0.019098 0.051938
5 0.554043 0.526057 0.021935 0.061518
5 0.615120 0.582533 0.010967 0.037314
2 0.605287 0.582533 0.015506 0.045382
2 0.624953 0.586063 0.010967 0.049416
2 0.464980 0.556312 0.013237 0.031263
1 0.482566 0.534377 0.010589 0.011598
1 0.521897 0.407307 0.009833 0.008572
1 0.367597 0.519502 0.028742 0.039331
1 0.391990 0.547992 0.018531 0.016640
2 0.422812 0.435040 0.010589 0.044878
2 0.443045 0.427729 0.015506 0.033280
2 0.434347 0.439578 0.014749 0.047904
2 0.448907 0.454958 0.012102 0.021178
5 0.451554 0.450672 0.008320 0.013615
5 0.457605 0.426216 0.006051 0.016136
5 0.452311 0.430250 0.007564 0.027229
1 0.400877 0.508913 0.013615 0.014119
2 0.367975 0.213927 0.011346 0.036306
2 0.285720 0.311499 0.012480 0.025717
2 0.331102 0.253007 0.015506 0.054963
2 0.316542 0.288052 0.015884 0.022187
2 0.311247 0.252250 0.012858 0.056476
5 0.301982 0.229055 0.015506 0.046391
2 0.321647 0.267126 0.010211 0.019666
1 0.298200 0.333182 0.007186 0.008572
2 0.320135 0.343519 0.009455 0.022187
2 0.283640 0.075763 0.016640 0.052442
2 0.259247 0.037440 0.019287 0.063535
2 0.252628 0.051055 0.018909 0.061518
2 0.273240 0.082066 0.009455 0.034793
5 0.212162 0.070217 0.011346 0.020170
5 0.176802 0.406046 0.010211 0.028238
5 0.206490 0.416887 0.015127 0.044878
2 0.165456 0.390918 0.011724 0.012102
2 0.170373 0.407811 0.010211 0.025717
2 0.186068 0.404533 0.014371 0.038323
2 0.247334 0.453697 0.012858 0.036810
2 0.275320 0.495550 0.009076 0.029751
2 0.201006 0.531352 0.010967 0.039836
2 0.146547 0.667499 0.007186 0.035802
2 0.152598 0.674306 0.009455 0.040340
2 0.157515 0.682626 0.011724 0.041853
5 0.187959 0.698762 0.009076 0.038827
5 0.171318 0.680609 0.008320 0.041853
5 0.180962 0.691955 0.007186 0.022187
2 0.162431 0.869198 0.012480 0.028742
2 0.141442 0.985402 0.010589 0.029196
2 0.201006 0.880796 0.007186 0.022691
2 0.206301 0.880039 0.008698 0.023195
2 0.186068 0.869702 0.007564 0.012606
5 0.194766 0.874493 0.005295 0.013110
5 0.151085 0.862643 0.007186 0.007564
5 0.114590 0.336208 0.018909 0.038827
5 0.119318 0.336964 0.010967 0.030255
5 0.135012 0.322341 0.014371 0.010085
5 0.117994 0.288808 0.015127 0.029751
5 0.095114 0.308474 0.011724 0.030759
5 0.101543 0.297128 0.018531 0.033280
2 0.112889 0.237123 0.011724 0.004034
2 0.123100 0.243174 0.019287 0.007059
2 0.114401 0.267882 0.013993 0.028238
2 0.105703 0.278219 0.011724 0.030759
2 0.089063 0.270151 0.025338 0.036810
2 0.078474 0.287043 0.019287 0.048408
2 0.051433 0.270907 0.010589 0.023195
2 0.052568 0.276706 0.016640 0.035802
2 0.066939 0.275194 0.012858 0.022691
2 0.062779 0.300658 0.015884 0.030255
2 0.056161 0.235610 0.006429 0.006051
2 0.064103 0.238131 0.013993 0.012102
2 0.041790 0.255528 0.006429 0.016640
2 0.053892 0.244939 0.007186 0.017649
5 0.005295 0.269647 0.009076 0.008572
1 0.140496 0.225021 0.020044 0.046391
1 0.162809 0.233845 0.015506 0.019666
1 0.030255 0.181655 0.013615 0.015127
1 0.057862 0.178630 0.019666 0.019161
1 0.024015 0.198296 0.015506 0.011093
1 0.054081 0.212415 0.013615 0.013110
1 0.030822 0.151653 0.032146 0.038827
1 0.081121 0.200817 0.017018 0.020170
2 0.150896 0.081058 0.012858 0.042861
2 0.149384 0.018531 0.015127 0.024708
3 0.134445 0.098707 0.017775 0.050929
2 0.135012 0.082571 0.014371 0.022691
0 0.499263 0.499754 0.998525 0.999508