2 0.219585 0.229802 0.022917 0.064571
2 0.235367 0.259397 0.019025 0.074564
2 0.248771 0.288223 0.018161 0.061496
4 0.261095 0.281689 0.013404 0.066877
2 0.272985 0.266315 0.018161 0.063802
2 0.303685 0.279383 0.019025 0.085326
2 0.278823 0.300907 0.021187 0.060727
2 0.258284 0.315128 0.016431 0.078408
2 0.420937 0.391998 0.024647 0.099931
2 0.432827 0.418903 0.015566 0.090707
2 0.451853 0.427358 0.025944 0.096856
2 0.472608 0.445807 0.026808 0.078408
2 0.497615 0.426205 0.028106 0.111462
2 0.435134 0.328580 0.027673 0.089938
0 0.489832 0.145885 0.063562 0.103775
2 0.393263 0.026352 0.046266 0.046122
4 0.375103 0.054794 0.015999 0.047660
5 0.502811 0.489507 0.994378 0.953345