2 0.793303 0.034097 0.014321 0.022368
2 0.784915 0.042008 0.011457 0.031642
5 0.828901 0.014730 0.023322 0.029460
1 0.786348 0.015276 0.030687 0.029460
1 0.805578 0.622750 0.042144 0.046372
1 0.838721 0.687125 0.025777 0.018003
2 0.806397 0.660938 0.017594 0.042008
2 0.827469 0.666394 0.017185 0.038734
2 0.779392 0.621658 0.030687 0.020185
5 0.652960 0.501909 0.011047 0.032733
1 0.675464 0.471086 0.029051 0.048554
1 0.600586 0.346427 0.033142 0.038189
1 0.646004 0.409165 0.020867 0.038189
1 0.402755 0.539007 0.040098 0.050191
2 0.403164 0.590289 0.018822 0.069831
2 0.414416 0.594926 0.015957 0.061648
0 0.568617 0.487234 0.855319 0.974468