4 0.888843 0.087561 0.021277 0.044190
1 0.908893 0.818876 0.058101 0.075286
1 0.908483 0.719040 0.031915 0.052373
1 0.756683 0.747136 0.045008 0.073650
1 0.833402 0.741408 0.024141 0.033824
1 0.800464 0.714948 0.025368 0.042008
1 0.791258 0.680306 0.030687 0.039280
1 0.820308 0.672122 0.038871 0.046918
1 0.875341 0.615930 0.051555 0.045827
4 0.817239 0.560556 0.008183 0.022368
4 0.822763 0.566285 0.007774 0.025095
4 0.671167 0.030278 0.031915 0.059465
4 0.699604 0.037643 0.028232 0.057829
4 0.499523 0.126023 0.018412 0.037098
4 0.390480 0.028096 0.026187 0.056192
4 0.351405 0.069831 0.011047 0.024004
4 0.424850 0.071195 0.036825 0.121658
4 0.367158 0.444899 0.066285 0.118385
4 0.358565 0.531642 0.049918 0.119476
4 0.259343 0.572831 0.059329 0.137480
4 0.302714 0.531097 0.058511 0.103110
4 0.311511 0.460993 0.049918 0.105837
4 0.193672 0.038734 0.031915 0.077468
4 0.211879 0.130660 0.038052 0.090016
4 0.215767 0.145663 0.048282 0.061102
4 0.122068 0.128478 0.020458 0.052919
4 0.134547 0.132024 0.018412 0.051282
4 0.146208 0.123022 0.017185 0.052919
4 0.166258 0.128751 0.022913 0.049100
4 0.146413 0.421167 0.051964 0.092744
4 0.085652 0.400164 0.014730 0.074741
4 0.106110 0.414894 0.035188 0.098745
0 0.498138 0.439362 0.996276 0.878723