1 0.970881 0.363339 0.042962 0.052373
1 0.967199 0.428260 0.032324 0.056738
1 0.934261 0.417076 0.032733 0.055101
1 0.858974 0.492635 0.036825 0.051282
1 0.894572 0.467267 0.032733 0.059465
1 0.815603 0.376159 0.051555 0.048554
1 0.725177 0.585379 0.054828 0.096017
1 0.804965 0.582106 0.031097 0.043644
1 0.868794 0.587834 0.037643 0.039825
1 0.856315 0.531097 0.078969 0.043099
1 0.916053 0.538189 0.028232 0.032188
1 0.257297 0.225859 0.080606 0.102564
1 0.318672 0.288598 0.051964 0.089471
1 0.201650 0.334424 0.047054 0.055646
1 0.160734 0.579378 0.096972 0.087289
1 0.072559 0.661484 0.045827 0.086743
1 0.037166 0.688762 0.029051 0.044190
1 0.118181 0.657938 0.040507 0.040371
1 0.023459 0.816694 0.041735 0.065466
5 0.682010 0.893344 0.013502 0.055101
5 0.693672 0.879705 0.014730 0.072559
5 0.710652 0.884343 0.022504 0.062193
5 0.725382 0.891980 0.019231 0.068740
5 0.741135 0.878614 0.018003 0.056192
5 0.428532 0.409165 0.026187 0.073104
5 0.462698 0.504364 0.020049 0.050736
5 0.396413 0.440807 0.015139 0.063284
5 0.447763 0.389798 0.017185 0.094381
5 0.466994 0.364430 0.026187 0.061102
5 0.482747 0.355155 0.008592 0.043644
5 0.475791 0.341244 0.012684 0.037643
5 0.491544 0.426623 0.015548 0.067649
5 0.491953 0.371795 0.018003 0.032188
5 0.472518 0.405619 0.025777 0.044190
5 0.467199 0.437534 0.015139 0.062193
5 0.479474 0.442990 0.012684 0.066558
5 0.369613 0.758592 0.016367 0.032188
5 0.404187 0.767594 0.018412 0.022913
5 0.382911 0.778778 0.015957 0.026732
5 0.423418 0.556192 0.011866 0.026732
5 0.188966 0.422531 0.011047 0.022368
5 0.196945 0.397709 0.009002 0.022913
5 0.270595 0.629296 0.018003 0.033279
5 0.268140 0.723677 0.015548 0.040917
5 0.259547 0.691762 0.009820 0.025095
5 0.255865 0.646754 0.011457 0.027823
5 0.228451 0.660938 0.012275 0.042008
5 0.240112 0.643481 0.023322 0.022368
5 0.225791 0.700218 0.006956 0.021277
5 0.220676 0.666939 0.012275 0.013639
5 0.239703 0.688762 0.012684 0.036552
5 0.252796 0.678669 0.014321 0.036007
5 0.125341 0.726950 0.013093 0.056192
5 0.144163 0.721768 0.016367 0.037098
5 0.146004 0.745226 0.022504 0.044735
5 0.120636 0.803328 0.017594 0.038734
5 0.124318 0.783415 0.006137 0.016367
5 0.103655 0.758320 0.009002 0.021822
5 0.233974 0.798418 0.014321 0.035461
5 0.244817 0.799236 0.009002 0.038189
5 0.078696 0.839062 0.016367 0.044735
5 0.061716 0.812330 0.009411 0.025095
5 0.071331 0.813693 0.007365 0.030005
5 0.078287 0.803873 0.010638 0.024550
5 0.063966 0.759411 0.021277 0.020731
5 0.040848 0.781233 0.025777 0.021822
5 0.042485 0.808783 0.012684 0.019094
5 0.051896 0.780142 0.019231 0.026187
0 0.499734 0.500000 0.999468 1.000000