1 0.791462 0.326514 0.019640 0.039825
5 0.844858 0.245499 0.015957 0.052373
5 0.862452 0.249591 0.017594 0.047463
5 0.871249 0.273322 0.024550 0.075286
5 0.894163 0.276869 0.018822 0.073650
5 0.915848 0.273868 0.027823 0.084015
5 0.990112 0.321058 0.014321 0.031097
5 0.995977 0.342062 0.008046 0.026187
5 0.967608 0.798145 0.020867 0.046918
5 0.644776 0.947081 0.024959 0.087289
5 0.630660 0.925532 0.030278 0.073650
5 0.665848 0.952810 0.022095 0.087834
5 0.687943 0.951991 0.022913 0.092744
1 0.866339 0.018003 0.067921 0.036006
5 0.604064 0.930442 0.018003 0.082379
5 0.524277 0.474905 0.013093 0.042008
5 0.536348 0.492089 0.014321 0.057829
5 0.564580 0.462630 0.005319 0.015276
5 0.573172 0.461266 0.008592 0.007092
5 0.609384 0.231860 0.010638 0.038189
5 0.618999 0.225041 0.011866 0.035461
5 0.627182 0.206492 0.011047 0.027823
5 0.635161 0.214675 0.012275 0.033279
5 0.644981 0.185488 0.011457 0.033824
5 0.501159 0.129023 0.008592 0.019094
1 0.530824 0.159574 0.013912 0.016912
1 0.476609 0.175396 0.038871 0.045281
1 0.506888 0.144572 0.026596 0.018549
1 0.427510 0.469722 0.042144 0.072013
1 0.415644 0.864430 0.023322 0.049645
1 0.383729 0.881615 0.009411 0.025095
1 0.399073 0.881342 0.009820 0.022368
1 0.394163 0.853246 0.022913 0.055646
1 0.321945 0.465903 0.025777 0.034915
5 0.382092 0.173759 0.011047 0.031097
5 0.288598 0.245772 0.013093 0.031097
5 0.237861 0.063557 0.017185 0.025641
1 0.330333 0.166939 0.030278 0.031642
1 0.297395 0.201037 0.039689 0.047463
1 0.291871 0.430169 0.082651 0.092199
5 0.221495 0.563830 0.009820 0.018003
1 0.237248 0.548282 0.087152 0.052373
1 0.272436 0.611020 0.029051 0.028369
1 0.201241 0.609111 0.035597 0.046372
5 0.160120 0.661757 0.010638 0.027278
5 0.132297 0.683852 0.020458 0.015821
5 0.100382 0.682215 0.019640 0.026732
5 0.098336 0.701855 0.012275 0.018003
1 0.173009 0.731042 0.040507 0.051282
1 0.113066 0.744408 0.046645 0.036552
5 0.201855 0.399618 0.010638 0.026732
5 0.168508 0.373159 0.008592 0.025095
5 0.176896 0.378887 0.011457 0.039825
5 0.203287 0.311784 0.011866 0.020185
5 0.188966 0.304146 0.008592 0.018003
5 0.171781 0.342608 0.012684 0.021822
5 0.222313 0.266230 0.009002 0.025095
5 0.227837 0.270049 0.007774 0.022913
1 0.225586 0.409711 0.027005 0.045827
1 0.191421 0.415166 0.044599 0.028369
1 0.207788 0.367158 0.040507 0.038189
1 0.157460 0.381069 0.029051 0.042008
5 0.162575 0.202400 0.009820 0.019640
1 0.234588 0.153028 0.031097 0.040917
1 0.206969 0.188489 0.015957 0.052919
1 0.116748 0.153028 0.076105 0.056192
0 0.499734 0.500000 0.999468 1.000000