0 0.500737 0.421337 0.998525 0.841691
1 0.613229 0.664221 0.067695 0.060510
1 0.584865 0.623629 0.027608 0.023700
1 0.586756 0.578247 0.025338 0.042861
1 0.554610 0.353100 0.043491 0.089756
1 0.602640 0.319567 0.020044 0.042861
1 0.504500 0.308222 0.043870 0.032272
1 0.531919 0.291329 0.027608 0.018657
1 0.596211 0.259814 0.013237 0.025212
1 0.577490 0.202834 0.016640 0.030255
3 0.597912 0.474372 0.040088 0.107405
5 0.550450 0.429998 0.033659 0.106396
3 0.516602 0.413862 0.031768 0.108413
5 0.506202 0.363185 0.040466 0.099841
5 0.520952 0.329148 0.017775 0.051938
5 0.792867 0.120137 0.034415 0.049416
5 0.244308 0.470590 0.037819 0.071603
3 0.219537 0.485213 0.036684 0.083705