4 0.743103 0.079964 0.026028 0.019666
1 0.780193 0.062901 0.027330 0.026028
1 0.810125 0.028486 0.024727 0.013882
1 0.726184 0.119585 0.026028 0.027185
3 0.808390 0.712736 0.020389 0.030077
3 0.823139 0.723437 0.021256 0.023715
3 0.652872 0.601105 0.015617 0.034704
4 0.559604 0.600237 0.038175 0.022558
1 0.614263 0.597924 0.027763 0.024871
5 0.594092 0.416594 0.019521 0.025450
4 0.563942 0.431922 0.019087 0.069987
4 0.496920 0.466626 0.050755 0.096593
4 0.486509 0.538926 0.025594 0.079241
4 0.430115 0.439730 0.027330 0.060154
3 0.419269 0.457661 0.029932 0.064781
4 0.447033 0.498149 0.010845 0.037018
3 0.528588 0.335040 0.041211 0.078663
1 0.432067 0.362514 0.019955 0.044537
1 0.461565 0.403002 0.022558 0.026028
1 0.498438 0.391723 0.027763 0.035861
1 0.518610 0.281827 0.042079 0.031234
1 0.548542 0.234108 0.091532 0.064203
1 0.376323 0.513477 0.041211 0.029499
1 0.299106 0.465759 0.036006 0.038175
1 0.345523 0.457950 0.024727 0.045694
1 0.310602 0.395193 0.032969 0.033547
1 0.366129 0.369744 0.030366 0.034704
1 0.349861 0.396061 0.029065 0.036439
3 0.583333 0.658555 0.050147 0.101278
0 0.500000 0.499017 1.000000 0.993117