2 0.050302 0.820550 0.012107 0.017680
2 0.051599 0.842842 0.012972 0.025367
2 0.059815 0.840152 0.012107 0.030748
0 0.238610 0.899726 0.112855 0.097625
0 0.206180 0.759182 0.098154 0.086095
2 0.295038 0.107578 0.020755 0.038435
2 0.393624 0.501410 0.025944 0.061496
2 0.404866 0.436455 0.024214 0.059190
2 0.422162 0.514478 0.027673 0.066108
2 0.437079 0.484499 0.028106 0.076870
2 0.493147 0.502819 0.021187 0.028442
2 0.502443 0.527034 0.016431 0.066108
2 0.525144 0.521268 0.020323 0.074564
2 0.543521 0.511659 0.024214 0.073795
2 0.557357 0.565084 0.017296 0.049966
2 0.540926 0.572387 0.012107 0.056884
2 0.527954 0.583917 0.020755 0.058421
0 0.441908 0.127693 0.044104 0.059190
0 0.485580 0.045057 0.077831 0.070721
0 0.689670 0.039676 0.038051 0.055347
0 0.847494 0.072987 0.059671 0.129142
2 0.915813 0.100276 0.015566 0.049966
2 0.901327 0.229033 0.019458 0.056884
0 0.876249 0.803254 0.079993 0.126067
2 0.901544 0.716391 0.019890 0.047660
2 0.786310 0.840152 0.026376 0.061496
2 0.733558 0.746370 0.021187 0.041510
2 0.751935 0.812478 0.024214 0.053809
2 0.749557 0.760975 0.017728 0.050734
2 0.764258 0.829005 0.018593 0.048428
0 0.416420 0.269637 0.105738 0.130451
5 0.501124 0.503420 0.997752 0.993160