5 0.811102 0.308511 0.008183 0.027823
5 0.868385 0.270322 0.004910 0.015821
1 0.908893 0.286416 0.058101 0.075286
1 0.848950 0.288598 0.050327 0.080742
1 0.768549 0.256410 0.033552 0.033824
1 0.740521 0.229951 0.024959 0.032188
1 0.967608 0.346427 0.043781 0.041462
5 0.739294 0.369613 0.009411 0.026732
5 0.979678 0.461266 0.009002 0.030005
5 0.990112 0.459629 0.006956 0.027823
5 0.747272 0.533279 0.010638 0.023459
5 0.779596 0.532188 0.010638 0.025641
5 0.768753 0.533279 0.010229 0.028914
1 0.757297 0.529460 0.018412 0.037643
1 0.635979 0.288325 0.087561 0.118385
1 0.762411 0.060556 0.080196 0.093835
1 0.650505 0.040371 0.096972 0.080742
1 0.512002 0.081015 0.037643 0.043099
1 0.616544 0.117840 0.061784 0.051282
5 0.561920 0.128478 0.019640 0.045281
5 0.558238 0.076105 0.013912 0.058374
5 0.581765 0.071468 0.015139 0.058920
5 0.539007 0.022640 0.005728 0.028914
5 0.690194 0.153028 0.016776 0.060556
5 0.702673 0.163393 0.009002 0.038734
5 0.719449 0.155210 0.013912 0.047463
5 0.670963 0.423077 0.015139 0.032188
5 0.682829 0.424168 0.012684 0.025641
5 0.685284 0.397709 0.011866 0.027278
5 0.695104 0.402073 0.006956 0.037098
5 0.705947 0.399345 0.008183 0.038189
5 0.725791 0.382433 0.007774 0.038189
5 0.718835 0.386525 0.008592 0.033279
5 0.396822 0.214130 0.007774 0.028914
5 0.402346 0.214130 0.006547 0.015821
5 0.412575 0.229405 0.005728 0.035461
5 0.418303 0.222859 0.010638 0.034370
5 0.431397 0.211948 0.005728 0.033279
5 0.442035 0.218494 0.010638 0.038734
1 0.425668 0.081560 0.037643 0.056192
1 0.465357 0.140480 0.042553 0.044190
1 0.473131 0.029187 0.067103 0.057283
5 0.389457 0.541735 0.015139 0.052373
5 0.380660 0.547463 0.015548 0.047463
5 0.367976 0.545008 0.014730 0.044735
5 0.354474 0.551009 0.017185 0.052373
5 0.343426 0.731860 0.008183 0.023459
5 0.353655 0.733224 0.009820 0.028369
5 0.362248 0.726405 0.007365 0.025641
5 0.188148 0.138571 0.020867 0.056738
5 0.202878 0.126841 0.016776 0.047463
5 0.219858 0.145936 0.023732 0.051828
1 0.091789 0.170758 0.099018 0.106929
1 0.041462 0.213039 0.033552 0.068194
0 0.500000 0.393617 1.000000 0.787234