1 0.947968 0.566285 0.044599 0.039280
5 0.756274 0.537643 0.018822 0.043099
1 0.722109 0.431806 0.035597 0.054010
1 0.676487 0.417349 0.028642 0.061102
5 0.652550 0.459356 0.026596 0.056738
1 0.656438 0.545008 0.047463 0.049100
1 0.483974 0.574195 0.036416 0.084561
1 0.596086 0.497545 0.059329 0.051282
1 0.598131 0.384343 0.042962 0.040917
1 0.610202 0.327878 0.070376 0.057829
2 0.578492 0.560829 0.014321 0.031642
2 0.664416 0.579924 0.016776 0.034915
2 0.592812 0.534097 0.019231 0.043644
2 0.593426 0.416258 0.017185 0.048009
2 0.605906 0.409438 0.019231 0.045281
5 0.624523 0.410529 0.019640 0.060556
5 0.313352 0.698854 0.015957 0.036007
5 0.341176 0.704855 0.006956 0.025095
5 0.335243 0.695854 0.004910 0.020185
5 0.331356 0.697763 0.006956 0.027278
0 0.499734 0.632979 0.999468 0.729787