1 0.750136 0.622750 0.059738 0.043099
5 0.659711 0.724223 0.027005 0.079105
5 0.692444 0.751500 0.022913 0.072559
5 0.632501 0.199673 0.047872 0.102564
5 0.414007 0.033279 0.066694 0.030551
5 0.403369 0.125750 0.046236 0.108565
5 0.413189 0.222859 0.033961 0.080196
5 0.441830 0.185215 0.029869 0.066012
5 0.479883 0.086470 0.023322 0.093290
5 0.540644 0.185761 0.030278 0.080196
5 0.478860 0.200491 0.026187 0.030005
5 0.480701 0.229678 0.015957 0.017458
5 0.473745 0.247136 0.012684 0.036007
5 0.447968 0.255046 0.025777 0.022368
5 0.491953 0.335243 0.020458 0.054010
5 0.532870 0.312330 0.032733 0.079105
5 0.561920 0.605292 0.027823 0.064921
5 0.495226 0.586743 0.022095 0.071468
5 0.524277 0.587834 0.039280 0.060556
5 0.515480 0.606110 0.032324 0.054555
5 0.490521 0.619476 0.017594 0.049645
5 0.472518 0.631206 0.014321 0.079651
5 0.465971 0.500818 0.033961 0.050191
5 0.483974 0.656301 0.009411 0.007638
5 0.513639 0.649209 0.027823 0.044735
5 0.535938 0.640207 0.019231 0.047463
1 0.558442 0.535188 0.075696 0.066558
5 0.364498 0.656301 0.026596 0.064375
5 0.341176 0.657938 0.021686 0.076378
5 0.367771 0.412984 0.020049 0.061102
5 0.191217 0.248227 0.009002 0.020731
5 0.198172 0.249045 0.007365 0.027823
5 0.204719 0.244408 0.018003 0.040371
5 0.216994 0.259138 0.011457 0.024004
5 0.226609 0.222586 0.005319 0.019640
5 0.234793 0.229951 0.006137 0.019094
5 0.241135 0.233224 0.009820 0.021277
5 0.154596 0.156301 0.011047 0.023459
5 0.164621 0.155756 0.015548 0.035461
5 0.182420 0.138025 0.018412 0.039280
5 0.349564 0.320513 0.009820 0.019094
5 0.268344 0.358156 0.004501 0.014730
5 0.195922 0.521277 0.006956 0.019094
5 0.203287 0.535188 0.010229 0.027278
1 0.193467 0.478451 0.040507 0.060011
1 0.232133 0.497545 0.036007 0.044735
1 0.286348 0.492089 0.042144 0.044735
1 0.240112 0.566012 0.075696 0.062739
1 0.169326 0.719585 0.069149 0.072013
1 0.212902 0.624113 0.023732 0.045827
1 0.173827 0.609384 0.024141 0.038189
1 0.128001 0.631206 0.062602 0.073104
5 0.290644 0.650846 0.035188 0.060011
5 0.162780 0.053464 0.014321 0.032733
5 0.522027 0.106383 0.068331 0.000000
5 0.467403 0.134206 0.039280 0.086197
0 0.539894 0.445745 0.903191 0.891489