2 0.591399 0.369633 0.021160 0.102896
1 0.613804 0.372952 0.029873 0.118386
1 0.565260 0.198139 0.008713 0.054214
2 0.556547 0.209203 0.013692 0.045363
2 0.549079 0.175458 0.008713 0.053108
1 0.531342 0.195927 0.014314 0.054214
1 0.543478 0.180437 0.018671 0.107322
2 0.708091 0.203118 0.025517 0.081874
1 0.700311 0.055735 0.019915 0.069704
2 0.734541 0.052416 0.013692 0.076342
2 0.713692 0.064033 0.020538 0.092938
1 0.535341 0.915960 0.071660 0.168079
1 0.463103 0.949864 0.049699 0.100272
1 0.397223 0.919042 0.033518 0.161915
1 0.409359 0.843222 0.041609 0.154107
1 0.470616 0.868906 0.057790 0.065752
1 0.457217 0.068459 0.013069 0.053108
1 0.468108 0.069012 0.017426 0.058640
2 0.173222 0.715754 0.024894 0.084087
2 0.213675 0.663200 0.021160 0.067491
2 0.202784 0.692520 0.009335 0.104002
2 0.191893 0.683115 0.017426 0.125024
5 0.500000 0.498112 1.000000 0.996224