4 0.991135 0.318058 0.004092 0.010911
4 0.921372 0.239225 0.008592 0.012548
4 0.846495 0.759956 0.015957 0.026187
5 0.817444 0.758047 0.012684 0.024550
5 0.771618 0.778505 0.010229 0.016367
5 0.796986 0.780415 0.009411 0.015821
5 0.859793 0.712493 0.012275 0.038189
1 0.636798 0.206765 0.057283 0.054555
1 0.623909 0.143753 0.044599 0.046372
4 0.576241 0.914621 0.021277 0.023459
5 0.512207 0.446536 0.019231 0.045281
4 0.531233 0.321058 0.014730 0.038734
1 0.459424 0.173759 0.070786 0.047463
1 0.522027 0.131751 0.037234 0.031097
1 0.380660 0.035188 0.027005 0.034370
1 0.411552 0.055101 0.020867 0.021822
4 0.235202 0.352700 0.026596 0.037643
3 0.339539 0.355428 0.016776 0.042008
1 0.161348 0.825968 0.058101 0.073104
1 0.120840 0.867158 0.033552 0.043099
1 0.095881 0.974632 0.055646 0.050736
1 0.081560 0.910256 0.054010 0.057283
1 0.025846 0.866067 0.051691 0.069285
1 0.026937 0.927169 0.053601 0.058374
1 0.027278 0.979542 0.054555 0.040916
0 0.496809 0.498936 0.992553 0.997872