0 0.057220 0.276821 0.069183 0.051503
2 0.137213 0.359841 0.031997 0.049966
2 0.174183 0.485908 0.040213 0.119149
2 0.206397 0.445167 0.064859 0.112999
2 0.239691 0.430177 0.051887 0.113768
2 0.272985 0.370987 0.031997 0.130679
2 0.255473 0.541639 0.041078 0.121455
2 0.227800 0.683849 0.025511 0.122992
2 0.252014 0.665400 0.029835 0.132217
2 0.277309 0.646182 0.044104 0.112231
2 0.297200 0.677315 0.052752 0.142210
2 0.160346 0.158569 0.013404 0.058421
2 0.144564 0.245945 0.016431 0.056884
0 0.199334 0.038031 0.069183 0.076061
2 0.298064 0.138326 0.018161 0.047660
2 0.288984 0.078368 0.024214 0.055347
2 0.407676 0.348566 0.008216 0.060727
2 0.372220 0.334730 0.028106 0.054578
2 0.416324 0.368168 0.018593 0.061496
2 0.426053 0.348566 0.019890 0.062265
2 0.657168 0.302060 0.018593 0.036898
2 0.650899 0.337036 0.019025 0.054578
2 0.661492 0.351641 0.012539 0.049966
2 0.683761 0.354332 0.019890 0.058421
2 0.707831 0.326658 0.019890 0.047660
2 0.730315 0.205075 0.017296 0.045353
2 0.878627 0.545226 0.026808 0.072258
2 0.903273 0.505638 0.015566 0.069952
2 0.923596 0.531389 0.012972 0.038435
2 0.933757 0.491417 0.016863 0.043047
2 0.917758 0.484114 0.012539 0.060727
2 0.943918 0.479502 0.030268 0.073027
2 0.971808 0.441836 0.011675 0.034592
2 0.987158 0.475274 0.019890 0.024598
0 0.946880 0.351897 0.106239 0.211393
5 0.502811 0.504918 0.994378 0.990163