5 0.869817 0.096836 0.006137 0.015821
5 0.928328 0.030278 0.005319 0.011457
5 0.923213 0.031097 0.004092 0.013093
5 0.919326 0.033279 0.004501 0.007638
5 0.913189 0.108565 0.004501 0.005456
5 0.906847 0.114294 0.001637 0.010366
5 0.901528 0.106383 0.003273 0.006547
5 0.910529 0.115657 0.004910 0.010911
5 0.974564 0.095472 0.005319 0.012002
5 0.978655 0.090016 0.006956 0.008729
5 0.973131 0.180306 0.003273 0.015821
5 0.978451 0.184943 0.006547 0.016367
5 0.977019 0.200218 0.006137 0.014184
5 0.970267 0.196672 0.009820 0.011457
5 0.796781 0.195581 0.009002 0.018003
5 0.804555 0.194763 0.004092 0.013093
5 0.800668 0.192580 0.006956 0.013093
5 0.846904 0.148936 0.005319 0.013093
5 0.851814 0.161757 0.004501 0.011457
5 0.852632 0.144845 0.008592 0.010366
5 0.857338 0.155210 0.004092 0.012548
4 0.753410 0.409165 0.013093 0.019640
4 0.738475 0.395526 0.008592 0.007638
4 0.744613 0.404801 0.006956 0.012002
3 0.966176 0.389525 0.008183 0.039280
3 0.952264 0.371795 0.007365 0.034370
1 0.948786 0.709493 0.014321 0.022368
1 0.926487 0.696945 0.022095 0.023459
1 0.901732 0.672668 0.015957 0.025095
1 0.921781 0.657119 0.031506 0.022368
3 0.826446 0.952810 0.007774 0.020185
3 0.626568 0.810693 0.005728 0.020731
3 0.629842 0.825696 0.005728 0.016912
3 0.632297 0.839062 0.004910 0.015276
4 0.676896 0.671304 0.009820 0.012548
3 0.669326 0.641844 0.006956 0.018003
4 0.701037 0.630660 0.008183 0.024004
4 0.691830 0.626296 0.009411 0.019640
4 0.699809 0.506547 0.010638 0.015821
4 0.714539 0.390889 0.005728 0.011457
4 0.655005 0.099836 0.007774 0.017458
3 0.662575 0.092199 0.009002 0.015276
3 0.668712 0.118385 0.004910 0.008729
3 0.672190 0.103382 0.006137 0.012548
3 0.674441 0.013912 0.003273 0.008183
3 0.682215 0.024550 0.004092 0.010911
3 0.676896 0.026732 0.002455 0.012002
5 0.576037 0.398527 0.014321 0.044190
5 0.582583 0.420622 0.013502 0.028369
5 0.562943 0.394163 0.014321 0.046372
5 0.534302 0.353519 0.015957 0.031642
5 0.539212 0.382433 0.012684 0.025095
5 0.548009 0.393071 0.015548 0.047463
5 0.562534 0.426623 0.012684 0.025095
5 0.551487 0.421986 0.011047 0.019094
3 0.604064 0.596563 0.004092 0.011457
3 0.608361 0.603110 0.004501 0.012548
3 0.611429 0.599018 0.004092 0.010911
3 0.566421 0.677032 0.005728 0.010911
3 0.569490 0.682215 0.003682 0.011457
3 0.575218 0.672122 0.003682 0.010911
3 0.578696 0.684397 0.003273 0.008183
3 0.575218 0.684124 0.002864 0.010911
3 0.571331 0.681942 0.003273 0.009820
3 0.620226 0.601473 0.002046 0.011457
3 0.615521 0.600655 0.001637 0.017458
4 0.486839 0.403983 0.003682 0.006001
4 0.365726 0.882160 0.007774 0.015276
4 0.374523 0.882433 0.004910 0.014730
5 0.444081 0.177851 0.014730 0.037098
5 0.434465 0.156028 0.011047 0.043644
5 0.383933 0.167212 0.003273 0.008183
5 0.386388 0.167485 0.004092 0.010911
5 0.390685 0.169667 0.005319 0.007638
5 0.401937 0.096563 0.003273 0.007638
5 0.421167 0.088925 0.004092 0.008729
5 0.453287 0.023186 0.002046 0.007092
5 0.455947 0.019367 0.004092 0.006001
5 0.456969 0.026459 0.002864 0.009274
1 0.310079 0.877250 0.018412 0.021822
3 0.189785 0.954719 0.005319 0.015276
3 0.195513 0.947081 0.003682 0.012002
3 0.199809 0.950627 0.005728 0.020185
1 0.072149 0.042553 0.036007 0.053464
1 0.110202 0.026459 0.044190 0.040917
0 0.499734 0.496809 0.999468 0.993617