0 0.500000 0.500000 1.000000 1.000000
5 0.699834 0.468573 0.014749 0.044374
5 0.713637 0.473111 0.016640 0.035297
5 0.655964 0.431763 0.013993 0.025212
5 0.669011 0.882813 0.010589 0.023700
4 0.652182 0.856592 0.010211 0.014623
4 0.636298 0.814991 0.007186 0.015127
4 0.561607 0.829615 0.012102 0.014119
4 0.552152 0.833901 0.007564 0.015632
4 0.546290 0.832892 0.007942 0.019666
5 0.612851 0.797343 0.006429 0.016136
3 0.638946 0.797847 0.005673 0.015127
3 0.582785 0.892393 0.007564 0.013615
5 0.395961 0.944583 0.012102 0.025212
5 0.409576 0.907773 0.009076 0.023195
5 0.413547 0.885334 0.015506 0.031768
5 0.418274 0.906260 0.012102 0.022187
5 0.421489 0.333938 0.000378 0.000000
5 0.215944 0.908277 0.016640 0.040340
5 0.212541 0.391927 0.010589 0.032272
5 0.224643 0.402516 0.019666 0.050425
5 0.233530 0.394448 0.017018 0.046391
5 0.233530 0.370749 0.012480 0.039331
5 0.263974 0.415627 0.010589 0.026221
5 0.256599 0.415375 0.017018 0.045887
5 0.242796 0.418148 0.014371 0.033280
5 0.035550 0.248216 0.011346 0.025212
5 0.075826 0.241157 0.010211 0.019161
5 0.069208 0.214432 0.008320 0.021178
5 0.079041 0.203086 0.005295 0.022691
5 0.085848 0.213927 0.009076 0.022187
1 0.084336 0.189723 0.027986 0.026221