1 0.409220 0.189369 0.035745 0.101674
1 0.474990 0.289772 0.035745 0.129635
1 0.446395 0.313920 0.018587 0.086423
0 0.456403 0.245290 0.204461 0.299940
4 0.272396 0.921129 0.032978 0.075682
2 0.267000 0.856640 0.036575 0.068220
4 0.235221 0.897146 0.031778 0.063957
4 0.299737 0.813469 0.034895 0.071418
0 0.237439 0.835421 0.071951 0.100199
0 0.288104 0.287105 0.047368 0.098067
4 0.193968 0.614238 0.012591 0.073550
4 0.203562 0.619568 0.011392 0.062891
4 0.211356 0.631015 0.010193 0.049033
4 0.222449 0.635279 0.016789 0.049033
4 0.563784 0.603917 0.027816 0.049566
4 0.596344 0.603917 0.027881 0.093625
4 0.937482 0.239669 0.052222 0.088118
4 0.902077 0.456816 0.025668 0.107000
4 0.832596 0.430066 0.015932 0.050353
4 0.894554 0.351390 0.033634 0.091265
4 0.883932 0.426919 0.031864 0.053500
4 0.864460 0.369485 0.040715 0.105427
2 0.989703 0.295529 0.018587 0.086544
1 0.972886 0.279007 0.022128 0.103853
2 0.935711 0.419052 0.020358 0.107000
1 0.930843 0.337228 0.014162 0.069235
1 0.917567 0.332507 0.037175 0.135324
0 0.829498 0.386794 0.053992 0.108574
5 0.500000 0.496179 1.000000 0.992358