5 0.608974 0.137480 0.031915 0.063284
5 0.537370 0.195581 0.026187 0.082379
5 0.535938 0.277687 0.023322 0.074195
5 0.553123 0.259411 0.021686 0.073650
5 0.503205 0.366612 0.027414 0.082924
1 0.416871 0.154119 0.074059 0.093290
5 0.309670 0.543372 0.022504 0.093835
5 0.331356 0.566012 0.021686 0.104201
5 0.355496 0.529733 0.029869 0.073104
5 0.345472 0.583197 0.022095 0.085106
1 0.126568 0.455265 0.059738 0.075832
1 0.077469 0.611566 0.054010 0.076378
1 0.030824 0.514184 0.029460 0.070376
0 0.496543 0.497872 0.993085 0.995744