2 0.609928 0.553584 0.037582 0.137801
2 0.611102 0.516001 0.021140 0.045934
2 0.541419 0.566111 0.019574 0.135018
2 0.555121 0.556368 0.018791 0.160072
2 0.577826 0.561239 0.025055 0.150329
0 0.623238 0.290494 0.129972 0.200438
2 0.504228 0.231336 0.028187 0.082124
0 0.383652 0.143159 0.095521 0.286318
0 0.185494 0.171495 0.308792 0.342990
2 0.783778 0.783722 0.021238 0.048544
2 0.807671 0.836311 0.012894 0.083603
2 0.781882 0.851144 0.031098 0.078209
2 0.922583 0.571344 0.025789 0.066073
0 0.923746 0.612471 0.152508 0.265642
1 0.869868 0.589547 0.014411 0.055286
1 0.981366 0.675173 0.018962 0.062028
0 0.956741 0.350200 0.086518 0.213053
5 0.500405 0.500000 0.999190 1.000000