0 0.655605 0.500000 0.688790 1.000000
4 0.467816 0.514459 0.035550 0.054459
4 0.429430 0.524544 0.026095 0.078663
4 0.440020 0.550513 0.035928 0.071099
4 0.388965 0.440083 0.019287 0.038827
5 0.413547 0.486474 0.019287 0.062023
5 0.387074 0.378312 0.032902 0.032272
1 0.420354 0.422434 0.076015 0.168923
1 0.530595 0.381590 0.052190 0.034793
4 0.539104 0.087865 0.017775 0.051433
4 0.529650 0.102741 0.013237 0.030759
4 0.503933 0.085596 0.019287 0.054963
4 0.499017 0.118120 0.013237 0.025212
4 0.509984 0.125180 0.007186 0.020170
4 0.475191 0.052820 0.022313 0.043870
5 0.726685 0.163755 0.021557 0.060006
5 0.786816 0.011156 0.023826 0.022312
5 0.774904 0.028112 0.011346 0.013615
5 0.874745 0.071729 0.021178 0.048408
5 0.959648 0.429241 0.020800 0.045382
5 0.939415 0.423443 0.012102 0.029751