5 0.950423 0.148118 0.011047 0.022368
3 0.941830 0.158756 0.009411 0.015276
1 0.927714 0.281233 0.018822 0.024550
3 0.938352 0.204310 0.010638 0.024550
5 0.769572 0.172941 0.009411 0.036007
5 0.709629 0.027823 0.011457 0.029460
1 0.466176 0.375614 0.056465 0.051828
1 0.462084 0.328969 0.049918 0.031642
1 0.505456 0.447354 0.035188 0.037098
1 0.444694 0.460175 0.024959 0.049645
5 0.437534 0.281506 0.008183 0.025095
5 0.462698 0.438625 0.014321 0.048009
1 0.453696 0.033824 0.033142 0.037098
1 0.288803 0.880524 0.057692 0.056738
1 0.191421 0.308783 0.051964 0.055646
1 0.176282 0.363066 0.020049 0.026732
1 0.151528 0.362793 0.021277 0.041462
1 0.131888 0.406983 0.019640 0.020731
5 0.283483 0.728041 0.012684 0.030005
5 0.246863 0.706219 0.009820 0.032188
5 0.183647 0.708947 0.011047 0.022368
0 0.497340 0.497872 0.994680 0.995744