2 0.090576 0.468901 0.038945 0.093232
2 0.040568 0.572164 0.034519 0.042485
2 0.049861 0.471851 0.023013 0.096772
1 0.025521 0.473031 0.025668 0.103853
2 0.044993 0.530268 0.059303 0.057827
2 0.009884 0.478889 0.019767 0.184017
4 0.107394 0.436360 0.037175 0.035404
0 0.068449 0.543754 0.132767 0.346964
0 0.672243 0.133519 0.118959 0.190830
2 0.625774 0.373916 0.033457 0.114002
2 0.780514 0.336741 0.034387 0.081784
4 0.675960 0.307001 0.022305 0.076828
2 0.656444 0.340458 0.033457 0.114002
2 0.695477 0.345415 0.046468 0.143742
2 0.732652 0.351611 0.040892 0.163569
0 0.704306 0.333643 0.294610 0.224287
5 0.500000 0.500000 1.000000 1.000000