2 0.551460 0.422710 0.054917 0.084488
2 0.586100 0.444677 0.049848 0.105892
1 0.621163 0.528038 0.040554 0.067590
0 0.550193 0.228728 0.192633 0.155458
4 0.585255 0.347011 0.027881 0.047313
2 0.306419 0.230599 0.017426 0.038724
4 0.326749 0.231374 0.023234 0.055762
2 0.320650 0.282489 0.011036 0.027881
2 0.308743 0.278617 0.010455 0.032528
2 0.280571 0.227502 0.013360 0.026332
4 0.297997 0.199621 0.018007 0.034077
1 0.297706 0.238344 0.018587 0.035626
2 0.388610 0.173676 0.016845 0.027107
1 0.414168 0.163607 0.022653 0.024009
1 0.401970 0.186454 0.016845 0.037175
4 0.397904 0.079577 0.018007 0.038724
4 0.523949 0.109007 0.022653 0.043371
4 0.538471 0.099326 0.015683 0.048792
1 0.419105 0.096616 0.009294 0.037175
1 0.426075 0.099713 0.008132 0.029430
1 0.434788 0.054020 0.013941 0.048017
1 0.445244 0.052083 0.020911 0.042596
0 0.405165 0.039789 0.060409 0.079577
5 0.500000 0.492875 1.000000 0.985750