5 0.849973 0.265957 0.009002 0.024550
5 0.862452 0.331151 0.016776 0.021822
1 0.825832 0.264594 0.027005 0.021822
1 0.855701 0.239498 0.031915 0.038189
1 0.869408 0.309602 0.029051 0.028914
1 0.876364 0.343153 0.020867 0.031642
1 0.835652 0.323513 0.009002 0.020731
1 0.815194 0.301146 0.028642 0.037098
1 0.788189 0.286961 0.022095 0.029460
1 0.808647 0.559193 0.027823 0.030551
1 0.834220 0.596563 0.024959 0.031097
1 0.843631 0.665848 0.034779 0.042008
1 0.781847 0.635570 0.035597 0.027278
1 0.787166 0.603928 0.019231 0.024004
1 0.763230 0.577196 0.010638 0.029460
1 0.809670 0.612657 0.029869 0.034915
1 0.990657 0.639662 0.018685 0.038734
1 0.994340 0.663393 0.011320 0.040371
5 0.981929 0.691762 0.016776 0.041462
5 0.665030 0.460175 0.014730 0.052919
5 0.646822 0.454173 0.015139 0.043099
5 0.663598 0.500273 0.011047 0.038189
1 0.607747 0.373977 0.065466 0.042008
1 0.364294 0.696672 0.025368 0.048009
1 0.410120 0.741135 0.029460 0.026732
1 0.412780 0.696127 0.026596 0.032733
5 0.396618 0.705401 0.012275 0.025095
1 0.253614 0.566558 0.031506 0.036552
1 0.289621 0.630387 0.043781 0.034370
1 0.273050 0.595745 0.025368 0.029460
1 0.220881 0.588107 0.024141 0.025095
1 0.209015 0.619203 0.038871 0.037098
1 0.175464 0.636934 0.018412 0.022368
1 0.189989 0.663666 0.023732 0.032188
1 0.250546 0.663666 0.037643 0.030005
5 0.159915 0.808238 0.011866 0.046372
5 0.166871 0.807420 0.011047 0.040371
5 0.067649 0.013912 0.043372 0.024550
5 0.203287 0.188489 0.015139 0.023459
5 0.203082 0.207038 0.009820 0.023459
5 0.285120 0.184124 0.095336 0.044190
5 0.195104 0.198036 0.011866 0.007638
1 0.193467 0.111566 0.025777 0.024550
1 0.179146 0.132024 0.024141 0.018549
5 0.173418 0.145936 0.008592 0.024550
1 0.267526 0.238953 0.026596 0.029460
1 0.240726 0.236498 0.018822 0.022368
5 0.105906 0.226678 0.005319 0.014730
1 0.121863 0.235952 0.012684 0.022368
1 0.107542 0.214403 0.015139 0.021822
1 0.126364 0.205401 0.019231 0.035461
1 0.187739 0.173213 0.020867 0.019094
1 0.209220 0.142935 0.017185 0.015276
0 0.500000 0.498936 1.000000 0.997872