0 0.501475 0.496067 0.997050 0.991150
4 0.977611 0.238636 0.019666 0.026221
1 0.961160 0.269647 0.030633 0.032776
1 0.992209 0.210398 0.015581 0.025212
4 0.957757 0.364698 0.012480 0.013110
5 0.586756 0.631949 0.019287 0.024204
5 0.565199 0.586315 0.015506 0.032776
1 0.494478 0.630436 0.030633 0.048408
1 0.525679 0.672289 0.033280 0.028238
1 0.546857 0.576482 0.016640 0.024204
1 0.572385 0.549000 0.019287 0.019666
1 0.423569 0.458992 0.013615 0.012102
1 0.430565 0.509165 0.013237 0.011598
1 0.442667 0.490255 0.010967 0.018153
1 0.399554 0.599929 0.020044 0.016640
1 0.449285 0.613292 0.027986 0.037314
1 0.336586 0.601442 0.012858 0.013615
1 0.342637 0.633966 0.015884 0.014119
5 0.443991 0.371001 0.012102 0.020674
5 0.433780 0.382851 0.017397 0.037314
5 0.416950 0.383103 0.013237 0.034793
5 0.432456 0.419661 0.019287 0.030255
5 0.414681 0.423695 0.020044 0.037314
5 0.402201 0.424199 0.010967 0.039331
5 0.394637 0.428233 0.007942 0.032272
5 0.384994 0.407054 0.009833 0.021178
5 0.379510 0.422182 0.020800 0.041348
5 0.366652 0.415879 0.013993 0.034793
5 0.360222 0.447142 0.015506 0.033785
5 0.349633 0.445377 0.015506 0.021178
5 0.338855 0.443612 0.006807 0.014623
4 0.353226 0.466051 0.010589 0.013110
4 0.326942 0.648841 0.022313 0.031768
4 0.310113 0.630941 0.018909 0.036306
4 0.333371 0.659431 0.017775 0.031768
4 0.346419 0.673550 0.015884 0.019666
5 0.355684 0.595139 0.013237 0.032272
5 0.357953 0.627915 0.025338 0.015127
5 0.350390 0.653128 0.020044 0.040340
5 0.404848 0.654136 0.018531 0.045382
3 0.330724 0.685904 0.015506 0.029246
3 0.315596 0.661952 0.016262 0.020674
5 0.289312 0.588332 0.018153 0.027734
5 0.301604 0.584046 0.019287 0.020170
5 0.460820 0.644051 0.013237 0.033280
5 0.421489 0.476893 0.025338 0.034793
4 0.299523 0.432519 0.017397 0.023700
3 0.287800 0.423695 0.015884 0.035297