0 0.405605 0.449607 0.811209 0.899213
5 0.513955 0.513955 0.028742 0.049416
1 0.503744 0.493533 0.006807 0.011598
1 0.527381 0.502357 0.015506 0.016136
1 0.498639 0.530847 0.012480 0.018657
1 0.520006 0.528326 0.013615 0.015632
1 0.571439 0.368227 0.014371 0.020170
5 0.510930 0.491264 0.013615 0.032272
5 0.534377 0.465043 0.013615 0.036306
1 0.494857 0.143333 0.030633 0.059501
1 0.517737 0.084588 0.022691 0.051938
1 0.429998 0.045950 0.108918 0.091899
1 0.425649 0.253511 0.013993 0.013615
1 0.434725 0.278471 0.013237 0.011093
1 0.421489 0.277715 0.009455 0.010589
1 0.392746 0.275950 0.007186 0.012102
1 0.381023 0.360916 0.017018 0.018657
1 0.399743 0.353100 0.011346 0.018153
1 0.341691 0.502609 0.020800 0.044878
1 0.324484 0.373270 0.040844 0.038323
1 0.360222 0.367471 0.013993 0.016640
1 0.286098 0.398986 0.035928 0.051433
1 0.267945 0.450168 0.017018 0.021683
1 0.229559 0.455210 0.028742 0.053955
5 0.237879 0.463782 0.019666 0.044878
5 0.156569 0.570935 0.024204 0.057484
5 0.193442 0.467816 0.029120 0.067065
1 0.189093 0.445882 0.010589 0.012102
1 0.169427 0.447142 0.017397 0.021683
1 0.182286 0.136273 0.020422 0.043365
1 0.203086 0.178630 0.021178 0.016136