2 0.313101 0.515976 0.047936 0.099133
2 0.359570 0.493149 0.062610 0.110872
2 0.464735 0.440974 0.045979 0.123916
2 0.370331 0.579890 0.041088 0.062610
2 0.400168 0.578586 0.049892 0.140873
2 0.421201 0.526411 0.021522 0.140873
2 0.431473 0.527715 0.028370 0.106959
0 0.565498 0.415145 0.128155 0.225657
0 0.466692 0.198618 0.274897 0.309137
0 0.654033 0.259272 0.135003 0.153916
4 0.643271 0.276881 0.031305 0.058697
1 0.665772 0.273620 0.023479 0.041740
4 0.485768 0.824855 0.062610 0.106959
4 0.428049 0.829420 0.027392 0.061306
1 0.063308 0.045277 0.029073 0.034951
1 0.118117 0.246269 0.031932 0.052108
0 0.090395 0.134957 0.180790 0.269914
5 0.500000 0.500000 1.000000 1.000000