5 0.597566 0.643199 0.009313 0.022351
5 0.608509 0.646613 0.010710 0.015521
5 0.536568 0.498851 0.021419 0.057739
5 0.522133 0.200224 0.011175 0.037872
5 0.490004 0.196188 0.010244 0.038493
5 0.315158 0.172906 0.008847 0.021730
5 0.307009 0.167008 0.009313 0.021109
5 0.306777 0.178494 0.006053 0.022971
5 0.347054 0.303595 0.007450 0.023592
5 0.338673 0.307630 0.010244 0.020488
5 0.339604 0.324083 0.004656 0.013659
5 0.331688 0.317253 0.006519 0.028559
5 0.326333 0.317564 0.007916 0.029180
5 0.312597 0.346433 0.010244 0.028559
5 0.303983 0.342087 0.006053 0.019867
5 0.482321 0.470913 0.006053 0.022971
5 0.476501 0.469051 0.007450 0.029180
5 0.469749 0.476190 0.006053 0.019867
5 0.397343 0.541380 0.006519 0.016142
5 0.472077 0.606879 0.009778 0.035388
5 0.464394 0.605948 0.006519 0.031042
5 0.560083 0.715527 0.011641 0.027938
5 0.541224 0.715527 0.008381 0.027938
5 0.395247 0.362265 0.006053 0.015521
5 0.388961 0.355436 0.006519 0.011796
5 0.381046 0.351710 0.004656 0.008071
5 0.384771 0.360402 0.005588 0.014280
5 0.252297 0.129757 0.009778 0.033526
5 0.258583 0.138139 0.007450 0.016763
5 0.243683 0.123549 0.011175 0.022351
5 0.234836 0.108338 0.011175 0.026696
5 0.229015 0.119203 0.014435 0.029801
5 0.227153 0.132551 0.008847 0.026696
5 0.238794 0.143105 0.009778 0.021730
5 0.299326 0.269448 0.010710 0.024834
1 0.235767 0.281244 0.027938 0.033526
0 0.605327 0.439467 0.788136 0.878934