1 0.794996 0.252375 0.091265 0.119824
5 0.678121 0.371578 0.024213 0.063947
5 0.756814 0.413174 0.020488 0.050289
5 0.736791 0.458186 0.019557 0.072018
5 0.752157 0.454461 0.023282 0.050910
5 0.654374 0.369405 0.022351 0.065810
5 0.584761 0.403241 0.011641 0.041597
5 0.593608 0.414106 0.014435 0.038493
1 0.597799 0.040976 0.051686 0.081952
5 0.532144 0.314149 0.009778 0.049668
5 0.544251 0.307320 0.015366 0.072018
5 0.424850 0.409438 0.036825 0.093290
5 0.706151 0.541462 0.018412 0.049645
5 0.684875 0.529733 0.017594 0.064375
3 0.367553 0.013830 0.022340 0.027660
3 0.344415 0.012766 0.027128 0.025532
5 0.604654 0.462766 0.013564 0.051064
0 0.621277 0.355319 0.756383 0.710638