2 0.358820 0.361826 0.038268 0.087470
2 0.392168 0.340444 0.028428 0.064145
2 0.403649 0.394870 0.022961 0.091357
2 0.384515 0.407505 0.021867 0.069976
2 0.422783 0.418195 0.032801 0.060257
2 0.425510 0.337529 0.036093 0.069976
2 0.444639 0.353079 0.024054 0.062201
0 0.557256 0.701663 0.102777 0.244916
0 0.169853 0.835841 0.114180 0.173718
2 0.172508 0.578942 0.014339 0.044374
2 0.165339 0.499164 0.020181 0.064200
2 0.041335 0.128686 0.019649 0.049094
2 0.050628 0.181723 0.015932 0.050038
2 0.011064 0.184556 0.018587 0.068921
4 0.038148 0.183140 0.013277 0.035877
4 0.026465 0.178891 0.016463 0.084027
5 0.500000 0.500000 1.000000 1.000000