2 0.754637 0.811511 0.010638 0.023459
2 0.728655 0.861702 0.010229 0.025641
1 0.736429 0.849427 0.035597 0.061102
1 0.796577 0.853246 0.038871 0.037098
1 0.800668 0.818603 0.026596 0.026732
1 0.759343 0.813421 0.029051 0.038189
1 0.806192 0.758047 0.040098 0.048554
1 0.621658 0.763775 0.022095 0.041462
1 0.647845 0.825423 0.042553 0.038189
5 0.521822 0.067103 0.013093 0.025095
5 0.510366 0.063284 0.010638 0.020731
5 0.424441 0.480087 0.026187 0.078560
5 0.503614 0.465085 0.020867 0.075832
5 0.481519 0.458538 0.024959 0.061648
5 0.471086 0.444626 0.035188 0.049100
5 0.494817 0.387889 0.044190 0.031642
5 0.464334 0.392799 0.023322 0.073104
1 0.490112 0.345063 0.027414 0.024550
1 0.418917 0.337152 0.012684 0.033824
1 0.448786 0.291053 0.038871 0.062739
5 0.478246 0.826241 0.024141 0.081288
5 0.342199 0.650027 0.031915 0.081288
5 0.303328 0.672395 0.016367 0.043099
5 0.118999 0.855974 0.036416 0.082924
5 0.150709 0.857610 0.026187 0.066558
5 0.176487 0.839062 0.027005 0.060011
5 0.167894 0.854610 0.032733 0.063830
5 0.200423 0.891980 0.027414 0.074195
5 0.131069 0.772504 0.017185 0.022913
5 0.162166 0.728041 0.030278 0.048554
5 0.161552 0.766230 0.047872 0.081288
5 0.192444 0.764321 0.028642 0.066558
5 0.215562 0.772504 0.028232 0.070922
5 0.228246 0.742771 0.031506 0.040917
5 0.217608 0.712766 0.022504 0.067103
5 0.254228 0.670486 0.012275 0.036007
5 0.290644 0.742771 0.013912 0.022368
5 0.308238 0.752319 0.013912 0.038189
5 0.257911 0.605019 0.014730 0.038189
5 0.203696 0.511457 0.011866 0.032188
5 0.200218 0.554283 0.011457 0.027278
5 0.231929 0.521822 0.009411 0.033279
5 0.219858 0.522368 0.009820 0.027823
5 0.215562 0.490726 0.012684 0.022368
5 0.092199 0.604201 0.021277 0.055101
5 0.083811 0.514730 0.011047 0.028914
5 0.095267 0.524277 0.015957 0.051282
1 0.054555 0.527550 0.041735 0.055646
1 0.059875 0.468631 0.026187 0.030551
1 0.014594 0.448172 0.029187 0.026732
1 0.233770 0.460175 0.037643 0.052919
1 0.115726 0.463175 0.020049 0.025095
1 0.163393 0.433442 0.034370 0.015821
1 0.132297 0.449264 0.013093 0.032188
5 0.076446 0.786416 0.027414 0.058374
5 0.066830 0.860338 0.032733 0.057829
5 0.056192 0.934534 0.024550 0.044735
5 0.066421 0.910802 0.017185 0.039825
5 0.007433 0.761593 0.014866 0.034915
5 0.026118 0.961266 0.023322 0.050191
0 0.497340 0.496809 0.994680 0.993617