1 0.854269 0.205947 0.020867 0.057283
2 0.591994 0.370158 0.015957 0.036552
2 0.625341 0.334152 0.017185 0.019094
2 0.611020 0.342062 0.007365 0.018549
2 0.670145 0.381342 0.010229 0.028369
2 0.662984 0.374523 0.004910 0.015821
2 0.618999 0.409984 0.010229 0.020185
5 0.603041 0.406983 0.015957 0.054555
1 0.723745 0.431533 0.037234 0.041462
1 0.669735 0.442717 0.040507 0.035461
1 0.689580 0.373977 0.030278 0.058374
1 0.658688 0.360611 0.026596 0.053464
1 0.629433 0.448718 0.029460 0.033279
1 0.775095 0.073104 0.032733 0.055646
2 0.463107 0.317785 0.019231 0.033279
5 0.494408 0.268140 0.010638 0.027823
5 0.296167 0.248227 0.017594 0.030551
5 0.258933 0.273595 0.011047 0.040917
5 0.277550 0.289962 0.017185 0.045281
5 0.301487 0.279869 0.017594 0.031642
2 0.241544 0.203492 0.009002 0.030551
2 0.277960 0.197490 0.018003 0.012002
2 0.255251 0.197218 0.006956 0.016912
5 0.195922 0.328696 0.015139 0.023459
5 0.182624 0.318603 0.009820 0.022913
5 0.218631 0.839607 0.013093 0.029460
1 0.268549 0.221768 0.036007 0.028914
0 0.499734 0.496809 0.999468 0.993617