1 0.394117 0.800576 0.026022 0.125568
1 0.373980 0.791764 0.016729 0.063885
1 0.359562 0.782855 0.012392 0.070299
2 0.346861 0.782207 0.024164 0.064987
2 0.317431 0.811396 0.016109 0.081509
1 0.303800 0.819657 0.014870 0.064987
2 0.291409 0.816352 0.016109 0.053972
1 0.424308 0.624145 0.035316 0.037450
1 0.395808 0.713915 0.030359 0.029740
1 0.303181 0.689132 0.033457 0.079306
1 0.324866 0.693538 0.030979 0.066088
0 0.357394 0.721184 0.185254 0.275150
0 0.419971 0.499128 0.083643 0.082610
1 0.091853 0.592696 0.026952 0.077654
1 0.131351 0.638958 0.042751 0.080958
1 0.149009 0.512357 0.037175 0.075589
1 0.178748 0.524542 0.033457 0.077654
4 0.116945 0.835708 0.030669 0.077654
4 0.089994 0.829926 0.030669 0.059480
4 0.142968 0.612161 0.225836 0.257745
1 0.798611 0.323099 0.027107 0.061958
4 0.845467 0.330671 0.027881 0.057827
1 0.823394 0.346376 0.017813 0.072714
1 0.796288 0.270779 0.033302 0.050943
1 0.843918 0.243930 0.021685 0.066088
0 0.824169 0.313203 0.191295 0.246455
5 0.500000 0.504957 1.000000 0.988021