0 0.500000 0.500000 1.000000 1.000000
5 0.517926 0.504122 0.015506 0.047904
5 0.545155 0.537907 0.015506 0.048912
5 0.550450 0.534629 0.013993 0.035297
5 0.535890 0.533873 0.010589 0.043870
5 0.558392 0.581020 0.014749 0.042357
5 0.605665 0.494794 0.013993 0.029246
5 0.619280 0.500340 0.013993 0.037314
5 0.625520 0.478406 0.012858 0.026725
5 0.660124 0.634470 0.029877 0.073620
5 0.626655 0.638757 0.021178 0.058997
4 0.608313 0.626907 0.025338 0.062527
4 0.821988 0.616317 0.020044 0.047399
1 0.915438 0.841212 0.169124 0.163376
1 0.806104 0.575978 0.012480 0.012102
1 0.614174 0.886090 0.027986 0.029246
1 0.616822 0.915841 0.010589 0.031263
1 0.632706 0.923657 0.012858 0.019666
3 0.597534 0.928951 0.007564 0.020170
3 0.420543 0.792804 0.012102 0.022187
3 0.479351 0.920883 0.010967 0.021178
3 0.491264 0.929960 0.009833 0.021178
1 0.416383 0.769609 0.026473 0.024204