5 0.887821 0.185761 0.004501 0.014730
5 0.928123 0.256683 0.005728 0.015821
1 0.802919 0.351337 0.027005 0.032733
5 0.807010 0.336879 0.006547 0.013639
5 0.878819 0.326514 0.006956 0.022368
5 0.898459 0.365248 0.007774 0.022368
5 0.890276 0.369067 0.008592 0.018003
5 0.887207 0.361157 0.009002 0.015276
5 0.893753 0.410256 0.005728 0.016367
5 0.889457 0.407801 0.004501 0.011457
5 0.885570 0.407801 0.006547 0.014730
5 0.924032 0.415985 0.006547 0.014730
5 0.931601 0.412439 0.006956 0.007638
3 0.930783 0.420349 0.006137 0.015821
1 0.964948 0.453628 0.017185 0.047463
1 0.774482 0.466176 0.019231 0.016912
1 0.796986 0.439989 0.030687 0.039825
3 0.736020 0.489362 0.010229 0.028369
4 0.727019 0.485270 0.011866 0.011457
4 0.730701 0.502728 0.007774 0.026732
3 0.739089 0.504364 0.008183 0.016912
3 0.724564 0.499727 0.006137 0.029460
3 0.720472 0.494544 0.005319 0.020185
3 0.712084 0.503001 0.008183 0.025095
3 0.707174 0.514184 0.009820 0.025641
3 0.583402 0.261866 0.007774 0.032733
3 0.590562 0.258320 0.009002 0.024550
3 0.590562 0.290780 0.005728 0.028369
3 0.576650 0.304419 0.007365 0.040371
4 0.585447 0.297327 0.009411 0.040371
4 0.438352 0.465085 0.010638 0.031097
5 0.453492 0.469722 0.011457 0.027278
3 0.454310 0.486088 0.007365 0.021822
3 0.449195 0.489634 0.006956 0.030005
3 0.442239 0.489089 0.006956 0.026732
3 0.435693 0.489907 0.008592 0.025095
3 0.427714 0.484724 0.009820 0.036552
0 0.494415 0.405319 0.987766 0.802128