3 0.924441 0.253682 0.007365 0.016367
3 0.865726 0.224495 0.003682 0.010366
3 0.861429 0.220949 0.004092 0.010911
3 0.856519 0.220676 0.004910 0.011457
5 0.882297 0.183306 0.007365 0.016367
3 0.790848 0.206219 0.006137 0.012002
3 0.803737 0.333333 0.005728 0.017458
1 0.794531 0.354064 0.033142 0.052373
5 0.888843 0.407529 0.004910 0.012002
5 0.884547 0.407529 0.004501 0.010911
5 0.882092 0.403983 0.006137 0.010366
5 0.875341 0.413803 0.006547 0.012548
5 0.918303 0.413530 0.007365 0.013093
5 0.926077 0.409984 0.009002 0.008183
3 0.927919 0.418167 0.009411 0.014730
3 0.871863 0.318331 0.008592 0.018003
3 0.893958 0.359793 0.009411 0.025641
3 0.885775 0.362248 0.007774 0.020731
1 0.961675 0.451173 0.015548 0.044735
1 0.768958 0.461266 0.013093 0.028914
1 0.787575 0.439171 0.020867 0.048009
3 0.730292 0.486361 0.008592 0.030005
3 0.700218 0.504637 0.007365 0.030551
3 0.692649 0.521822 0.011866 0.028914
3 0.704514 0.500000 0.011866 0.028914
3 0.713107 0.493181 0.004501 0.020731
3 0.716994 0.494544 0.008183 0.028914
4 0.724973 0.499182 0.008592 0.028369
4 0.720881 0.480360 0.012684 0.012548
4 0.573786 0.291053 0.012275 0.034370
3 0.574195 0.250136 0.008183 0.040917
3 0.579310 0.249864 0.007774 0.029460
3 0.579719 0.283688 0.010229 0.032733
3 0.567649 0.298963 0.009820 0.028369
3 0.640685 0.295690 0.010229 0.034915
3 0.416871 0.482542 0.006137 0.036552
3 0.425055 0.487452 0.005319 0.026732
3 0.430578 0.477632 0.003273 0.012548
3 0.433033 0.487998 0.005728 0.027823
3 0.437330 0.486634 0.011047 0.030551
3 0.442853 0.480087 0.011457 0.024004
4 0.427714 0.462084 0.014730 0.028369
5 0.444694 0.464266 0.015957 0.027278
3 0.596495 0.652209 0.007774 0.014730
3 0.602632 0.644845 0.006956 0.015276
0 0.496011 0.392553 0.990957 0.776596