2 0.112567 0.231980 0.029403 0.046699
2 0.060031 0.295686 0.034159 0.070336
2 0.109972 0.301451 0.033727 0.047275
0 0.107774 0.753989 0.215548 0.338998
0 0.520496 0.660015 0.177066 0.178147
2 0.334962 0.418006 0.033727 0.022485
2 0.389444 0.456633 0.028538 0.053617
2 0.394633 0.495837 0.030268 0.059382
2 0.414090 0.470758 0.022485 0.069183
2 0.431386 0.494684 0.019025 0.051311
2 0.450844 0.504773 0.025079 0.028826
2 0.427278 0.390044 0.028106 0.071489
2 0.454303 0.446256 0.030268 0.075525
2 0.470950 0.465858 0.026376 0.080137
2 0.468788 0.384279 0.029835 0.083020
2 0.661997 0.801781 0.015566 0.029403
2 0.683833 0.780161 0.023782 0.016143
2 0.727937 0.785350 0.014269 0.033439
2 0.706317 0.791691 0.022052 0.057653
2 0.694210 0.811293 0.012539 0.050734
2 0.698318 0.847038 0.019025 0.031132
2 0.863277 0.845500 0.019458 0.039204
2 0.892463 0.844636 0.026808 0.042086
2 0.886410 0.900847 0.016431 0.048428
2 0.868682 0.905459 0.019890 0.041510
2 0.218648 0.229578 0.016431 0.024214
2 0.234430 0.254945 0.033294 0.063418
2 0.305775 0.249756 0.045401 0.073795
2 0.314207 0.141850 0.014701 0.075525
2 0.326314 0.173847 0.021620 0.058806
2 0.348150 0.146174 0.024647 0.093397
2 0.357663 0.172406 0.026376 0.069760
0 0.635469 0.312254 0.082631 0.080944
2 0.483634 0.197773 0.018593 0.037474
2 0.500930 0.203826 0.022917 0.061112
2 0.514118 0.233517 0.019025 0.023638
0 0.778410 0.854764 0.061130 0.141465
5 0.506183 0.508853 0.987634 0.982293