5 0.840767 0.163939 0.011866 0.014730
1 0.856315 0.161484 0.024959 0.038189
1 0.907665 0.155483 0.026187 0.030551
1 0.938966 0.102564 0.033961 0.053464
1 0.896822 0.098745 0.025777 0.025095
1 0.829719 0.108020 0.018412 0.033824
1 0.793917 0.195308 0.030278 0.037098
1 0.815194 0.199127 0.021277 0.031642
1 0.783483 0.138025 0.036416 0.052373
1 0.473950 0.194490 0.044190 0.047463
1 0.562125 0.383524 0.023322 0.031642
1 0.532870 0.430715 0.034370 0.040917
1 0.506069 0.409711 0.024959 0.018549
2 0.527960 0.466176 0.013912 0.045281
2 0.511184 0.460175 0.022913 0.042008
2 0.478246 0.480906 0.025777 0.037643
2 0.465971 0.441626 0.028232 0.063830
2 0.447559 0.459083 0.015957 0.040917
2 0.437330 0.422804 0.017594 0.073104
2 0.481315 0.354337 0.018822 0.055101
2 0.439171 0.348063 0.031915 0.066558
2 0.381683 0.438898 0.015139 0.040917
2 0.355906 0.420622 0.030687 0.062193
1 0.313966 0.428532 0.025368 0.086743
1 0.471699 0.309056 0.029051 0.035461
1 0.467608 0.377796 0.032324 0.052919
1 0.382706 0.380251 0.034370 0.044735
2 0.429555 0.542553 0.041326 0.030005
0 0.500000 0.498936 0.995745 0.997872