0 0.500000 0.503196 1.000000 0.993608
1 0.722714 0.074503 0.026473 0.035802
5 0.653317 0.301162 0.011724 0.040340
5 0.642538 0.313012 0.015127 0.032776
5 0.617200 0.285026 0.013615 0.038323
5 0.613796 0.033154 0.012102 0.032776
1 0.469140 0.008446 0.028364 0.016640
1 0.508850 0.200817 0.037440 0.038323
1 0.457984 0.399239 0.034037 0.062023
4 0.470085 0.437309 0.017397 0.038323
4 0.456849 0.446134 0.015127 0.034793
4 0.436805 0.431763 0.015127 0.037314
4 0.424514 0.454958 0.010211 0.035297
4 0.416950 0.456471 0.007186 0.034289
4 0.407307 0.438822 0.010589 0.040340
1 0.441911 0.029372 0.026095 0.034289
5 0.435292 0.046769 0.006807 0.021683
4 0.327320 0.519502 0.017018 0.017144
1 0.438318 0.586567 0.085470 0.074629
1 0.178315 0.812974 0.051812 0.100850
4 0.221050 0.800872 0.063157 0.044374
4 0.267567 0.837935 0.044248 0.075133
4 0.203842 0.722714 0.034037 0.101858
4 0.093790 0.766583 0.066561 0.085722
1 0.199682 0.628419 0.068830 0.074629
5 0.040655 0.886595 0.055593 0.128079
5 0.032335 0.822555 0.023826 0.059501
5 0.017018 0.791292 0.034036 0.035297
5 0.019287 0.718932 0.032524 0.023700