5 0.862043 0.680578 0.006956 0.018003
5 0.867158 0.689034 0.004910 0.017458
5 0.879433 0.680578 0.004910 0.012548
5 0.649277 0.867703 0.012684 0.020185
5 0.598336 0.886252 0.013912 0.011457
5 0.659302 0.695854 0.007365 0.016912
3 0.618794 0.713312 0.010638 0.022368
4 0.568876 0.333061 0.010638 0.040917
4 0.574809 0.335788 0.006137 0.025641
4 0.577469 0.321331 0.009002 0.030551
4 0.584629 0.322968 0.012684 0.036007
5 0.462698 0.918985 0.009411 0.020185
5 0.499113 0.903710 0.006137 0.016912
5 0.479883 0.789962 0.006956 0.014184
5 0.474564 0.779324 0.004501 0.009274
5 0.515685 0.599291 0.010638 0.019094
5 0.437943 0.553191 0.007365 0.008729
5 0.424236 0.532733 0.014321 0.019094
5 0.441421 0.386252 0.006137 0.033824
3 0.447968 0.385434 0.008592 0.030005
3 0.452878 0.396890 0.011047 0.021277
3 0.460447 0.385979 0.012275 0.035461
4 0.382706 0.348063 0.009002 0.037098
4 0.390480 0.346699 0.005728 0.043099
3 0.396413 0.351337 0.008592 0.032733
3 0.401732 0.357883 0.009411 0.027278
3 0.404392 0.340698 0.009002 0.016912
5 0.355496 0.966448 0.006956 0.018003
4 0.378410 0.614566 0.004501 0.011457
4 0.352837 0.588925 0.005728 0.009274
0 0.664362 0.500000 0.667021 1.000000