0 0.500000 0.500000 1.000000 1.000000
1 0.416572 0.423443 0.014749 0.022691
1 0.444936 0.402516 0.013993 0.018153
1 0.497882 0.367471 0.014749 0.022691
1 0.478784 0.329148 0.008320 0.014623
1 0.325240 0.691955 0.015127 0.019161
1 0.312382 0.415122 0.012102 0.017144
1 0.335073 0.368479 0.012858 0.022691
5 0.455336 0.439578 0.040088 0.139677
5 0.463089 0.575978 0.046517 0.125054
5 0.423758 0.568918 0.046517 0.112952
5 0.379510 0.514711 0.035928 0.132617
3 0.339044 0.471094 0.055593 0.138164
3 0.345851 0.772634 0.051812 0.141190
5 0.780387 0.049795 0.036684 0.099337
1 0.683761 0.728261 0.024204 0.027229
5 0.676575 0.789779 0.021178 0.091773
5 0.647455 0.790787 0.039331 0.108918
3 0.635353 0.833648 0.024960 0.034289
1 0.495802 0.207624 0.034037 0.035802
1 0.460064 0.187706 0.018531 0.023195
1 0.337342 0.464034 0.014371 0.017144
1 0.305764 0.199052 0.010967 0.021683
1 0.282694 0.201573 0.012480 0.014623