5 0.841380 0.102564 0.012275 0.027278
1 0.936307 0.111566 0.036825 0.037643
1 0.969585 0.066830 0.060829 0.048554
1 0.986157 0.258865 0.027686 0.058374
1 0.805987 0.477632 0.046236 0.120567
1 0.755660 0.530551 0.048691 0.047463
1 0.798622 0.581288 0.045417 0.055101
5 0.756069 0.475177 0.020867 0.045827
1 0.903778 0.816421 0.031506 0.043099
1 0.910325 0.766230 0.068331 0.112930
1 0.859997 0.800055 0.029051 0.035461
1 0.659711 0.759138 0.030278 0.031097
1 0.695717 0.721222 0.053191 0.057829
1 0.625750 0.090016 0.031097 0.039280
1 0.589334 0.071740 0.040098 0.051828
1 0.561716 0.146481 0.047054 0.074741
5 0.549032 0.252046 0.014321 0.027278
1 0.611634 0.385161 0.027414 0.033824
5 0.409302 0.927441 0.022913 0.049100
3 0.425873 0.477087 0.009411 0.014730
5 0.433852 0.177851 0.015548 0.043644
5 0.419940 0.169122 0.015548 0.049100
5 0.396413 0.162575 0.008592 0.033824
5 0.399686 0.165303 0.014321 0.048009
5 0.408074 0.169667 0.012275 0.060011
5 0.327878 0.108838 0.020458 0.067103
5 0.310488 0.552373 0.014321 0.038734
5 0.322149 0.555646 0.013093 0.034370
1 0.228655 0.546372 0.035597 0.031097
1 0.199195 0.465357 0.036416 0.033824
1 0.179351 0.538734 0.030278 0.009274
1 0.187739 0.501909 0.029051 0.019640
1 0.230496 0.493999 0.023732 0.022368
1 0.156028 0.506274 0.035188 0.030551
1 0.096904 0.098745 0.041326 0.037098
0 0.498138 0.497872 0.996276 0.995744