2 0.384816 0.454836 0.039240 0.088118
2 0.414763 0.457589 0.028914 0.115655
2 0.483433 0.418120 0.021685 0.088118
2 0.527836 0.402516 0.032012 0.104640
2 0.521124 0.533775 0.014457 0.062417
2 0.518026 0.320823 0.033044 0.084446
0 0.537135 0.413425 0.182786 0.288008
2 0.736151 0.740817 0.020653 0.051402
2 0.755771 0.749384 0.015834 0.034268
2 0.760590 0.701654 0.019964 0.031820
0 0.822204 0.739593 0.099133 0.112595
0 0.748887 0.653923 0.072284 0.107700
2 0.707238 0.740205 0.012392 0.040387
2 0.865230 0.529447 0.026848 0.051402
2 0.477936 0.048304 0.023751 0.088118
2 0.456251 0.085020 0.029946 0.058745
2 0.458316 0.040961 0.025816 0.058745
0 0.488779 0.073718 0.125981 0.147436
2 0.521307 0.206182 0.034077 0.051402
0 0.194135 0.765639 0.138078 0.239177
0 0.068891 0.194823 0.133652 0.256486
5 0.500000 0.492875 1.000000 0.985750