1 0.462669 0.514843 0.031146 0.061623
1 0.463674 0.563070 0.021099 0.066981
1 0.465684 0.549339 0.015071 0.028802
1 0.481006 0.581825 0.025620 0.058944
1 0.497081 0.560391 0.022606 0.088416
1 0.509891 0.520537 0.030142 0.073010
2 0.516673 0.597566 0.023611 0.079708
1 0.528479 0.524556 0.018085 0.060953
1 0.538777 0.552688 0.026625 0.103821
1 0.556360 0.575127 0.008540 0.058944
1 0.560127 0.524891 0.029137 0.052246
1 0.570426 0.583164 0.020597 0.061623
1 0.576203 0.532259 0.017080 0.060283
1 0.607601 0.551348 0.035668 0.056934
2 0.555104 0.460058 0.039184 0.071000
0 0.602326 0.168354 0.110519 0.156737
1 0.078746 0.266419 0.017988 0.064756
2 0.066455 0.284806 0.023384 0.056761
2 0.063457 0.111324 0.017388 0.043970
2 0.086541 0.111324 0.014390 0.058360
2 0.079646 0.118120 0.002998 0.055962
4 0.183075 0.410637 0.034776 0.071152
0 0.193269 0.080545 0.100732 0.126314
2 0.083953 0.334263 0.063197 0.074349
0 0.560719 0.452058 0.174045 0.171229
5 0.473414 0.500000 0.946828 1.000000