0 0.500737 0.501229 0.998525 0.997542
3 0.450609 0.447646 0.010211 0.050929
3 0.459874 0.445882 0.011346 0.046391
3 0.490886 0.465799 0.015127 0.051938
3 0.483511 0.479918 0.016262 0.049921
5 0.468195 0.453697 0.007564 0.036810
5 0.450987 0.538411 0.007942 0.027734
5 0.456660 0.557825 0.013993 0.040340
5 0.469140 0.563876 0.010211 0.040340
5 0.479162 0.567153 0.012858 0.037819
5 0.480675 0.544462 0.015127 0.022691
5 0.489940 0.565388 0.011724 0.021178
5 0.491453 0.532864 0.013237 0.039836
5 0.499584 0.540428 0.006807 0.026725
5 0.508093 0.530343 0.010967 0.038827
4 0.501097 0.477145 0.015127 0.044374
4 0.475758 0.473111 0.012102 0.045382
1 0.488428 0.429998 0.017775 0.022691