2 0.365927 0.413979 0.050295 0.135578
2 0.411302 0.501449 0.038268 0.088928
2 0.373034 0.499991 0.042642 0.088928
2 0.397635 0.405961 0.037175 0.122458
2 0.426063 0.408147 0.034988 0.129747
2 0.462144 0.409605 0.041548 0.155988
2 0.492759 0.433660 0.024054 0.075807
2 0.508613 0.292250 0.022961 0.061229
2 0.474718 0.155942 0.040455 0.048108
2 0.564921 0.221545 0.028428 0.059771
0 0.713099 0.260000 0.202325 0.197911
0 0.375768 0.644726 0.122458 0.208470
2 0.659236 0.973056 0.020017 0.051473
2 0.677823 0.977505 0.020970 0.043847
2 0.709994 0.953675 0.013821 0.025419
2 0.711662 0.991135 0.016204 0.017729
2 0.698317 0.979061 0.020017 0.041877
2 0.552478 0.982906 0.018111 0.031773
2 0.538418 0.984145 0.015728 0.031710
2 0.517686 0.965431 0.014298 0.023512
2 0.528409 0.969879 0.023353 0.040034
2 0.475043 0.282128 0.003717 0.000000
2 0.488518 0.315585 0.036245 0.091698
2 0.550321 0.601611 0.018587 0.041925