2 0.253155 0.619257 0.032362 0.086300
2 0.290911 0.622852 0.035059 0.151025
2 0.332038 0.671995 0.044498 0.191778
2 0.373166 0.651619 0.043150 0.088697
3 0.381930 0.728330 0.049892 0.074314
2 0.560598 0.872163 0.045847 0.155819
2 0.586218 0.711550 0.026969 0.127053
2 0.563969 0.713947 0.031014 0.155819
2 0.533629 0.713947 0.037756 0.122258
2 0.527044 0.507852 0.033770 0.086300
2 0.518602 0.355889 0.021106 0.052530
0 0.484832 0.339005 0.130857 0.206369
0 0.334452 0.085078 0.159350 0.170156
0 0.699058 0.652311 0.002111 0.003752
0 0.789850 0.719557 0.298568 0.431499
2 0.650063 0.045730 0.031659 0.073167
0 0.878864 0.063976 0.097087 0.087499
2 0.163359 0.149597 0.022130 0.055841
2 0.189416 0.158481 0.024272 0.078685
2 0.209404 0.119773 0.022844 0.059648
2 0.007615 0.197823 0.015229 0.065994
0 0.175138 0.638207 0.118504 0.164985
5 0.500000 0.501888 1.000000 0.996224