5 0.778388 0.687742 0.015926 0.054680
3 0.764055 0.705526 0.017519 0.059457
4 0.730013 0.072464 0.011546 0.036630
1 0.717471 0.061050 0.005574 0.012741
3 0.600812 0.223496 0.010352 0.026544
1 0.498089 0.445135 0.018315 0.027074
1 0.480371 0.473005 0.018713 0.028667
1 0.525362 0.482826 0.021898 0.015395
1 0.508640 0.515209 0.021898 0.019642
3 0.489330 0.516006 0.017519 0.039284
3 0.513418 0.542815 0.013935 0.041939
3 0.499084 0.544142 0.013139 0.039284
3 0.505455 0.572278 0.014732 0.020173
3 0.495700 0.570420 0.011945 0.018580
3 0.492117 0.588204 0.010352 0.039284
1 0.519390 0.446462 0.007565 0.019111
1 0.498487 0.468493 0.008759 0.010087
0 0.500000 0.500000 1.000000 1.000000