5 0.982338 0.031097 0.030687 0.061102
5 0.955128 0.049918 0.025368 0.064921
5 0.922804 0.051282 0.053191 0.073104
5 0.863271 0.036825 0.033142 0.040917
5 0.835652 0.024823 0.029460 0.040917
1 0.983770 0.584015 0.030278 0.028914
1 0.988066 0.542008 0.023322 0.027823
3 0.984997 0.563557 0.016367 0.034915
3 0.793712 0.628205 0.033142 0.083470
3 0.895595 0.686852 0.030687 0.054555
3 0.915235 0.700491 0.009411 0.045827
3 0.927510 0.699673 0.015957 0.033279
3 0.670554 0.711948 0.040507 0.069831
3 0.789621 0.799509 0.033142 0.094381
3 0.753205 0.765412 0.033961 0.064375
3 0.772027 0.776596 0.018412 0.063830
5 0.718631 0.705128 0.050736 0.070376
3 0.724973 0.681669 0.051964 0.055101
3 0.781233 0.702400 0.036007 0.044190
3 0.760366 0.693672 0.014730 0.047463
5 0.712902 0.721768 0.014730 0.028369
5 0.506478 0.328696 0.018412 0.043099
5 0.550259 0.295417 0.014321 0.022368
5 0.564171 0.332242 0.008592 0.026187
5 0.554351 0.341517 0.016776 0.019640
5 0.542894 0.310420 0.010229 0.030551
5 0.555578 0.312602 0.006137 0.027278
5 0.561102 0.311238 0.011457 0.030005
1 0.578287 0.018549 0.037643 0.026187
3 0.373500 0.585652 0.010229 0.044190
5 0.363475 0.590562 0.010638 0.042008
3 0.293099 0.563557 0.011457 0.027278
0 0.499734 0.498936 0.999468 0.997872