1 0.844040 0.381615 0.040507 0.028914
1 0.876159 0.359793 0.021277 0.036552
1 0.850586 0.334970 0.026596 0.041462
5 0.700832 0.652209 0.006137 0.013639
5 0.697149 0.649482 0.011047 0.016912
1 0.681806 0.283142 0.028642 0.019640
1 0.671781 0.265957 0.035597 0.019094
1 0.672395 0.247409 0.024550 0.025641
5 0.514253 0.633388 0.032324 0.072013
5 0.427919 0.685215 0.012684 0.057829
5 0.437125 0.676487 0.021277 0.057829
5 0.454924 0.678123 0.024959 0.064375
5 0.395799 0.090835 0.020458 0.030005
5 0.389662 0.239498 0.010638 0.024004
5 0.393549 0.219313 0.017594 0.009820
5 0.318672 0.376159 0.012684 0.015821
5 0.219449 0.109929 0.016367 0.036552
5 0.232951 0.108838 0.020458 0.040917
5 0.246045 0.102291 0.017185 0.043099
5 0.185284 0.062466 0.024141 0.035461
1 0.147231 0.078560 0.044599 0.056738
1 0.155619 0.041189 0.025368 0.016912
1 0.144572 0.015821 0.030278 0.031642
0 0.555053 0.497872 0.885638 0.995744