2 0.217011 0.671553 0.014736 0.080136
2 0.229580 0.666930 0.020804 0.077053
2 0.239116 0.653831 0.020804 0.069348
2 0.251685 0.650749 0.023405 0.060102
2 0.260710 0.616155 0.015757 0.067968
2 0.250665 0.609300 0.025139 0.057020
2 0.266701 0.394305 0.024272 0.087841
2 0.249364 0.391994 0.017337 0.086300
2 0.232894 0.389682 0.015603 0.072430
1 0.134940 0.244821 0.041609 0.053937
1 0.156611 0.237887 0.008669 0.049314
1 0.144042 0.240198 0.011269 0.035445
1 0.148810 0.193196 0.032940 0.052396
1 0.125838 0.203212 0.026872 0.053937
1 0.628371 0.605586 0.027384 0.128044
1 0.609700 0.594372 0.012447 0.070810
1 0.601610 0.613734 0.016181 0.091832
1 0.590719 0.629224 0.014314 0.067491
2 0.769088 0.381423 0.010580 0.067491
2 0.730502 0.400785 0.018048 0.077449
2 0.744505 0.400232 0.009958 0.082981
2 0.755085 0.399679 0.009958 0.075236
2 0.759753 0.375338 0.016804 0.079661
2 0.595324 0.502517 0.040959 0.094391
2 0.570515 0.561315 0.018962 0.085232
1 0.579316 0.609184 0.002876 0.005675
1 0.558000 0.552690 0.027306 0.094391
2 0.560275 0.500775 0.025789 0.076861
1 0.687323 0.081412 0.014411 0.074164
1 0.661155 0.127933 0.022755 0.072816
1 0.677083 0.065231 0.016687 0.066073
2 0.661534 0.061185 0.017445 0.074164
2 0.646744 0.071299 0.013653 0.064725
5 0.500000 0.500000 1.000000 1.000000