2 0.480451 0.427265 0.019721 0.071804
2 0.498276 0.433333 0.018962 0.079895
2 0.511929 0.435861 0.011377 0.080906
2 0.524823 0.435861 0.020479 0.080906
2 0.539235 0.429287 0.021996 0.055623
2 0.553267 0.424231 0.025789 0.061691
2 0.552508 0.320570 0.000000 0.000000
2 0.566090 0.367280 0.018204 0.076861
2 0.449282 0.661071 0.018204 0.050566
2 0.412495 0.661071 0.020479 0.054612
2 0.431078 0.657531 0.019721 0.049555
2 0.632459 0.750067 0.018962 0.030340
2 0.677968 0.757652 0.017445 0.045510
2 0.651421 0.748045 0.015928 0.040453
0 0.395429 0.052083 0.104672 0.099110
0 0.493654 0.163835 0.081159 0.083940
1 0.241220 0.138002 0.050342 0.057533
1 0.341903 0.162574 0.035958 0.037157
1 0.290213 0.164372 0.029666 0.028767
0 0.302799 0.129612 0.115965 0.107875
5 0.500000 0.500000 1.000000 1.000000