0 0.500000 0.440757 1.000000 0.881514
4 0.868883 0.091647 0.015506 0.028742
4 0.858105 0.093916 0.015127 0.024204
1 0.853377 0.071729 0.017775 0.031263
1 0.885523 0.062653 0.032902 0.027229
1 0.878148 0.110304 0.034793 0.043870
1 0.832199 0.126440 0.017018 0.035802
1 0.918236 0.564380 0.035550 0.038323
1 0.945276 0.590601 0.018531 0.021178
5 0.718743 0.528326 0.029120 0.060006
5 0.682437 0.561859 0.022313 0.042357
5 0.647266 0.489751 0.020800 0.059501
5 0.662015 0.500340 0.015506 0.051433
4 0.680546 0.498071 0.018531 0.051938
1 0.579570 0.444369 0.029877 0.034289
1 0.591294 0.474876 0.023826 0.022691
1 0.558014 0.465295 0.017775 0.029751
1 0.516602 0.424451 0.023448 0.026725
1 0.477460 0.513955 0.048030 0.105892
1 0.535701 0.439831 0.016262 0.018153
1 0.447394 0.566901 0.018153 0.035297
1 0.496369 0.672793 0.031389 0.047399
1 0.517359 0.645816 0.021178 0.024708
1 0.482187 0.633966 0.021178 0.035297
4 0.324484 0.517737 0.011346 0.023700
4 0.300469 0.378564 0.007942 0.016640
4 0.318433 0.381338 0.006051 0.020170
5 0.325997 0.382598 0.011346 0.023700