5 0.874367 0.784989 0.012858 0.030759
5 0.705695 0.189219 0.017397 0.013110
1 0.671281 0.442100 0.022691 0.020674
1 0.697564 0.446134 0.024582 0.034793
1 0.627600 0.419409 0.009455 0.012606
4 0.607178 0.427981 0.008698 0.019666
5 0.595832 0.376043 0.023069 0.065048
3 0.580327 0.385876 0.011724 0.041348
5 0.540428 0.486221 0.026473 0.032272
5 0.522842 0.500592 0.013993 0.040844
5 0.515657 0.471094 0.011724 0.036306
5 0.506770 0.478910 0.019666 0.068074
5 0.591672 0.306961 0.018531 0.019666
1 0.262461 0.920127 0.024960 0.032776
1 0.224075 0.918362 0.029120 0.074629
4 0.191740 0.519754 0.017397 0.031768
5 0.150140 0.655145 0.015127 0.023195
5 0.097005 0.687669 0.011724 0.028742
5 0.086037 0.685904 0.010211 0.026221
5 0.076205 0.687669 0.011724 0.027734
5 0.073935 0.660439 0.014749 0.026725
5 0.072612 0.297885 0.010589 0.028742
0 0.500737 0.500000 0.998525 0.991150