5 0.986770 0.123841 0.026459 0.097109
5 0.972518 0.286416 0.038871 0.081833
1 0.680783 0.802782 0.023322 0.022368
1 0.741135 0.767594 0.013912 0.030551
1 0.696945 0.755319 0.026187 0.023459
1 0.575423 0.064648 0.012275 0.025641
1 0.598336 0.047463 0.028642 0.028369
1 0.633115 0.100382 0.026187 0.018549
1 0.643958 0.052646 0.041326 0.037643
1 0.623295 0.017458 0.048282 0.034915
1 0.578082 0.432624 0.026596 0.031642
1 0.566830 0.392253 0.027823 0.033824
1 0.534711 0.406983 0.022504 0.018549
5 0.504228 0.006274 0.010638 0.012548
5 0.512207 0.007092 0.005319 0.014184
5 0.537575 0.006274 0.007774 0.011457
5 0.537575 0.047190 0.008592 0.023459
5 0.519776 0.035734 0.009820 0.014730
5 0.510366 0.044463 0.011457 0.018003
5 0.501159 0.068194 0.006956 0.021822
5 0.507092 0.066830 0.011457 0.015821
1 0.517321 0.673213 0.043372 0.025095
1 0.527960 0.555919 0.022913 0.029460
1 0.438762 0.464539 0.037643 0.033279
1 0.499523 0.436443 0.029051 0.038189
1 0.477019 0.469995 0.029869 0.043099
1 0.452059 0.603382 0.054419 0.057829
1 0.423213 0.094654 0.014730 0.031097
1 0.444899 0.099564 0.017185 0.021277
1 0.428123 0.067921 0.023732 0.021277
1 0.040439 0.565194 0.023322 0.033824
5 0.479064 0.094108 0.011047 0.018003
5 0.436307 0.227769 0.009002 0.019094
5 0.460243 0.473813 0.023322 0.046372
5 0.483361 0.531642 0.025368 0.047463
5 0.508933 0.572286 0.026596 0.043644
5 0.534711 0.578287 0.019231 0.054555
2 0.517935 0.507638 0.024959 0.034370
2 0.480292 0.494544 0.011047 0.036552
2 0.445513 0.481178 0.010229 0.028369
2 0.436716 0.628751 0.011457 0.039825
2 0.426691 0.584015 0.016776 0.016912
2 0.543508 0.644299 0.027823 0.017458
5 0.513639 0.697490 0.016367 0.045281
1 0.429555 0.987725 0.026596 0.024550
5 0.373704 0.242771 0.009820 0.027278
5 0.358770 0.321877 0.013502 0.039280
5 0.345472 0.291326 0.017185 0.040371
5 0.326650 0.255592 0.013912 0.020185
5 0.328492 0.272504 0.021686 0.026732
5 0.350382 0.272504 0.018003 0.022368
5 0.043917 0.707038 0.021277 0.039280
5 0.013843 0.541189 0.020867 0.040371
5 0.008047 0.562739 0.016094 0.027823
1 0.030005 0.706492 0.018003 0.024004
0 0.498138 0.497872 0.996276 0.995744