1 0.566012 0.117294 0.036007 0.046918
1 0.521208 0.125750 0.038052 0.018003
5 0.518344 0.163666 0.014321 0.027278
5 0.503410 0.147300 0.009002 0.024004
5 0.539007 0.156301 0.016367 0.037643
5 0.557010 0.144026 0.007365 0.020731
5 0.549236 0.231860 0.009820 0.021822
1 0.561307 0.208129 0.030687 0.021277
5 0.552100 0.383797 0.012275 0.021277
2 0.524277 0.440262 0.018822 0.030551
1 0.544122 0.420622 0.021686 0.039280
1 0.521004 0.379160 0.017185 0.036007
1 0.459220 0.785052 0.038462 0.062193
1 0.407665 0.783688 0.036825 0.051828
1 0.340357 0.450627 0.083879 0.101473
1 0.374113 0.270867 0.031915 0.034370
5 0.364089 0.323241 0.008592 0.025641
5 0.371658 0.328696 0.007365 0.016912
5 0.378819 0.323513 0.010229 0.029460
5 0.421372 0.441353 0.011047 0.028369
5 0.429351 0.423895 0.011457 0.030551
2 0.362248 0.600109 0.018003 0.050191
2 0.317649 0.498636 0.017185 0.040371
1 0.354269 0.544735 0.055237 0.057283
1 0.408279 0.585925 0.022504 0.038189
1 0.425873 0.503001 0.035597 0.033824
1 0.297395 0.665848 0.029869 0.042008
1 0.242976 0.595199 0.046236 0.050191
1 0.341585 0.698036 0.024141 0.054010
5 0.325423 0.732951 0.024550 0.052919
1 0.238475 0.517458 0.090426 0.076923
0 0.500000 0.543617 0.995745 0.908511