5 0.975197 0.147762 0.025144 0.049668
5 0.760539 0.142485 0.008381 0.019246
5 0.706292 0.133482 0.006053 0.012417
1 0.857857 0.103992 0.040045 0.042839
1 0.824331 0.071087 0.030732 0.049047
1 0.711647 0.119513 0.019557 0.022971
1 0.740284 0.114236 0.026541 0.031042
1 0.752390 0.162662 0.022816 0.029801
1 0.765428 0.206742 0.023747 0.031042
1 0.708155 0.383995 0.039579 0.047805
1 0.752623 0.390203 0.027938 0.058981
1 0.756814 0.474328 0.022351 0.037251
1 0.783355 0.432731 0.030732 0.026076
1 0.650416 0.458807 0.033991 0.050910
1 0.882768 0.478053 0.028404 0.040976
1 0.913966 0.456013 0.040510 0.046564
1 0.927469 0.512510 0.022816 0.034147
1 0.867170 0.558763 0.098715 0.038493
1 0.947259 0.637301 0.054945 0.036630
1 0.954243 0.356367 0.033526 0.045943
1 0.988995 0.345502 0.022009 0.036630
5 0.871826 0.339914 0.021419 0.060222
5 0.868334 0.410691 0.020954 0.061464
5 0.838533 0.459117 0.022816 0.056497
5 0.909542 0.512510 0.022351 0.055255
5 0.730040 0.397653 0.017229 0.020488
5 0.758909 0.410070 0.008847 0.014280
5 0.960064 0.610604 0.022816 0.037872
5 0.984277 0.627057 0.025610 0.045943
5 0.865773 0.801204 0.020488 0.047805
5 0.891615 0.861737 0.035854 0.060843
5 0.930030 0.850251 0.027938 0.042839
5 0.693022 0.483641 0.014900 0.040976
5 0.682545 0.457255 0.009778 0.029180
5 0.689297 0.324393 0.013969 0.041597
5 0.701636 0.323151 0.011641 0.041597
1 0.579639 0.045322 0.059136 0.052151
5 0.519572 0.256721 0.008847 0.024213
5 0.527022 0.260446 0.008847 0.027938
5 0.536568 0.275036 0.010244 0.032284
5 0.469051 0.568697 0.023282 0.059601
5 0.497222 0.471534 0.019091 0.056497
5 0.493962 0.519960 0.015366 0.058981
5 0.510958 0.515925 0.021419 0.063327
5 0.527488 0.478363 0.019091 0.055255
5 0.536801 0.538896 0.017229 0.054635
5 0.553564 0.465015 0.024679 0.084435
5 0.440647 0.486745 0.015832 0.042218
5 0.489539 0.627367 0.011175 0.045322
5 0.499550 0.632644 0.011641 0.044701
5 0.508630 0.637921 0.012107 0.036630
5 0.518175 0.623021 0.012572 0.032905
5 0.614795 0.585460 0.013038 0.018625
5 0.375691 0.564040 0.012572 0.047805
5 0.362653 0.567455 0.012572 0.058360
5 0.327265 0.554728 0.021885 0.060222
5 0.350546 0.569939 0.016297 0.048426
5 0.396877 0.222884 0.013038 0.033526
5 0.424117 0.095300 0.015366 0.051530
5 0.408751 0.094369 0.015366 0.054635
5 0.395015 0.106475 0.009313 0.032905
5 0.405957 0.137828 0.012572 0.047184
5 0.419460 0.135034 0.015366 0.042839
5 0.296067 0.135345 0.012572 0.031042
5 0.283728 0.102130 0.006519 0.026696
5 0.286754 0.095921 0.014435 0.019246
5 0.237164 0.094990 0.009313 0.021109
5 0.200146 0.224747 0.009778 0.029801
5 0.212020 0.180667 0.010244 0.013659
5 0.260911 0.401999 0.010244 0.040355
5 0.248106 0.397964 0.011641 0.036009
5 0.237630 0.404172 0.011175 0.026076
5 0.167319 0.523685 0.026076 0.070156
5 0.133327 0.465636 0.035388 0.054635
5 0.186410 0.458496 0.015832 0.040355
5 0.165689 0.322841 0.011641 0.036009
5 0.152884 0.325945 0.013038 0.034767
5 0.145899 0.316943 0.010244 0.035388
1 0.234370 0.163904 0.032595 0.039734
1 0.210623 0.111132 0.018625 0.031042
1 0.225057 0.085987 0.017694 0.024213
1 0.246011 0.057739 0.027007 0.019867
1 0.317952 0.117340 0.017229 0.049668
5 0.228550 0.122617 0.009778 0.016763
5 0.070233 0.412243 0.012572 0.022351
5 0.056963 0.438008 0.014900 0.029180
5 0.099801 0.464705 0.016763 0.027938
5 0.051608 0.120755 0.009778 0.021730
1 0.039036 0.153039 0.033991 0.019246
5 0.065344 0.182840 0.015832 0.036630
0 0.500908 0.500000 0.993341 1.000000