1 0.303053 0.477481 0.049213 0.097189
5 0.500310 0.496179 0.999380 0.992358
1 0.367009 0.503722 0.030614 0.122458
1 0.400904 0.379320 0.028428 0.064145
4 0.764997 0.827360 0.039361 0.108851
4 0.885232 0.748281 0.229536 0.305885
2 0.532102 0.297150 0.019331 0.064767
2 0.709054 0.262784 0.019331 0.043618
2 0.718719 0.209913 0.017844 0.054192
2 0.761098 0.155721 0.034201 0.062123
2 0.732714 0.177530 0.014126 0.037010
2 0.747955 0.213879 0.017844 0.054192
0 0.834501 0.190748 0.112124 0.195622
2 0.579926 0.300454 0.010409 0.060801
2 0.568773 0.307724 0.017844 0.056836
2 0.530855 0.046675 0.019331 0.058158
4 0.831866 0.810996 0.031305 0.083480
4 0.793224 0.862301 0.020544 0.102611
1 0.904748 0.799691 0.020544 0.057393
1 0.836268 0.641427 0.022500 0.057393
2 0.978608 0.666645 0.019566 0.128698
2 0.966380 0.688385 0.024457 0.113046
0 0.330184 0.433189 0.221499 0.479141
2 0.011994 0.897824 0.023988 0.125398
2 0.044483 0.846987 0.014298 0.055921
5 0.017793 0.785982 0.020017 0.057616