2 0.569566 0.664498 0.036367 0.101288
2 0.540069 0.661266 0.029093 0.112063
2 0.729579 0.582606 0.029901 0.068962
2 0.701698 0.596614 0.021012 0.094822
2 0.671797 0.586916 0.035558 0.092667
4 0.511784 0.556207 0.038791 0.067884
2 0.499662 0.627862 0.037175 0.053876
2 0.472185 0.638637 0.021012 0.058187
2 0.436626 0.632172 0.027477 0.096978
2 0.411170 0.632172 0.042832 0.096978
2 0.383289 0.639715 0.037175 0.077582
2 0.459658 0.335482 0.039599 0.077582
2 0.483095 0.302191 0.036367 0.056031
2 0.166038 0.154436 0.034421 0.092707
0 0.398533 0.151536 0.076272 0.103429
2 0.283758 0.135619 0.141815 0.214787
2 0.410428 0.270549 0.020653 0.058745
0 0.566460 0.103263 0.096782 0.104260
2 0.654740 0.249535 0.037175 0.063445
2 0.770383 0.128298 0.038605 0.048295
2 0.835082 0.039627 0.037794 0.058653
2 0.828267 0.292992 0.047708 0.050392
5 0.500000 0.500929 1.000000 0.998141