1 0.447549 0.911706 0.065056 0.086741
1 0.480077 0.845617 0.058860 0.090872
1 0.605541 0.917902 0.037175 0.103263
1 0.565269 0.979603 0.040273 0.040793
1 0.490145 0.961328 0.069703 0.077344
0 0.789866 0.746076 0.173482 0.254027
0 0.300818 0.920074 0.106361 0.103263
1 0.382396 0.577241 0.052664 0.086741
1 0.410794 0.588944 0.033044 0.079857
1 0.414924 0.645394 0.033044 0.060581
0 0.401500 0.556029 0.214787 0.297398
0 0.298237 0.315641 0.113589 0.166598
0 0.278617 0.055590 0.082610 0.111180
5 0.500000 0.500000 1.000000 1.000000