2 0.285092 0.405418 0.014701 0.031132
2 0.273850 0.375727 0.018161 0.019025
2 0.361194 0.353243 0.021620 0.044393
2 0.393407 0.331335 0.020323 0.030556
2 0.367896 0.257828 0.023782 0.025367
2 0.306064 0.299049 0.015134 0.025944
2 0.279471 0.296455 0.026808 0.025367
2 0.310820 0.263016 0.023782 0.040357
2 0.325738 0.266187 0.013837 0.022485
0 0.345195 0.313174 0.032862 0.023061
0 0.417405 0.241397 0.030268 0.017872
0 0.549574 0.183648 0.020755 0.016143
2 0.850089 0.418871 0.030268 0.050734
0 0.881870 0.420504 0.014269 0.059382
0 0.880789 0.334986 0.049293 0.040933
5 0.508713 0.508853 0.982574 0.982293