5 0.898050 0.132570 0.005319 0.019640
5 0.902960 0.136116 0.005319 0.015821
5 0.908483 0.136934 0.006547 0.010911
5 0.893344 0.699400 0.012275 0.028369
5 0.693467 0.592199 0.010229 0.037643
5 0.684670 0.582924 0.009820 0.028914
5 0.676487 0.584015 0.012275 0.030005
5 0.729883 0.260229 0.014321 0.043644
5 0.531028 0.117294 0.020049 0.045827
5 0.537984 0.203492 0.023322 0.056738
5 0.583197 0.608838 0.010638 0.028369
5 0.579105 0.638025 0.014730 0.037643
5 0.568672 0.609656 0.009411 0.023459
5 0.545758 0.632297 0.006137 0.036007
5 0.553123 0.631206 0.007774 0.036007
5 0.564375 0.632570 0.012275 0.038734
5 0.535938 0.617294 0.015957 0.028914
5 0.529801 0.638843 0.012684 0.030551
5 0.536961 0.669667 0.008183 0.013639
5 0.436716 0.492089 0.016367 0.060011
5 0.428123 0.527005 0.009820 0.041462
5 0.377591 0.503001 0.014321 0.040371
5 0.389662 0.505728 0.016367 0.044735
5 0.401118 0.505456 0.018822 0.049645
5 0.408074 0.483361 0.023732 0.042553
1 0.407460 0.020185 0.022504 0.034915
5 0.207583 0.624932 0.016367 0.047463
1 0.118590 0.285325 0.059329 0.078560
0 0.498404 0.495745 0.986170 0.991489