0 0.500000 0.500000 1.000000 1.000000
4 0.530784 0.483448 0.010211 0.027734
4 0.518304 0.482944 0.011724 0.029751
4 0.498639 0.511182 0.007942 0.031768
4 0.380266 0.575978 0.010211 0.027229
3 0.508660 0.510173 0.009833 0.023700
3 0.633462 0.556060 0.013615 0.038827
3 0.647644 0.544714 0.015506 0.041348
3 0.379510 0.601442 0.006429 0.023700
3 0.378753 0.617830 0.009455 0.010085
5 0.350390 0.593122 0.008698 0.029246
5 0.357008 0.590349 0.008320 0.025717
5 0.361924 0.597912 0.009833 0.023700
5 0.369110 0.596148 0.006807 0.030255
5 0.371568 0.607241 0.011724 0.019161
5 0.364950 0.614553 0.004538 0.006555
5 0.360601 0.584550 0.002647 0.010085
5 0.349822 0.570431 0.006807 0.022187
5 0.622684 0.533621 0.013993 0.030255
5 0.610771 0.541941 0.004538 0.019666
3 0.622873 0.562363 0.011346 0.028238
3 0.615498 0.548244 0.005673 0.018153
3 0.611905 0.549505 0.012858 0.026725
1 0.584298 0.523788 0.011346 0.015632
1 0.503177 0.492272 0.016262 0.014119
1 0.504311 0.472355 0.007942 0.013615
5 0.599425 0.636740 0.011346 0.039836
5 0.855457 0.605224 0.005295 0.021178
5 0.858105 0.614300 0.006051 0.020170
5 0.895734 0.635227 0.010211 0.029751
5 0.875690 0.630436 0.004916 0.006051
5 0.845813 0.655145 0.009455 0.023195
5 0.813857 0.648337 0.008320 0.018657
5 0.837682 0.674558 0.007564 0.024708
3 0.843544 0.681366 0.007186 0.028238
3 0.841086 0.702040 0.007564 0.024204
3 0.881930 0.662456 0.009076 0.026725
3 0.891952 0.665734 0.007186 0.028238
1 0.829362 0.700779 0.010589 0.009581
1 0.758074 0.290573 0.009455 0.010085
1 0.778307 0.294859 0.013615 0.012606
1 0.777173 0.314273 0.030255 0.016136
1 0.798162 0.299145 0.010211 0.020170
1 0.805537 0.336208 0.011346 0.017649
5 0.761100 0.308474 0.007186 0.015632
5 0.767718 0.306457 0.009076 0.019666
5 0.764882 0.324862 0.008698 0.017144
5 0.799864 0.319819 0.008320 0.024204
5 0.789653 0.322845 0.009076 0.023195
3 0.768285 0.333182 0.007942 0.023700
3 0.776416 0.357134 0.006807 0.020170
3 0.769798 0.356377 0.006429 0.016640
3 0.782656 0.328896 0.009455 0.022187
4 0.778118 0.324106 0.009455 0.019666
5 0.760911 0.336208 0.006051 0.012606
5 0.840897 0.353352 0.007186 0.021683
5 0.848839 0.327383 0.008698 0.018153
3 0.832577 0.351587 0.006429 0.015127
3 0.794569 0.140559 0.005295 0.016640
5 0.802511 0.139551 0.003782 0.017649
5 0.797595 0.137282 0.006807 0.016136
5 0.789464 0.901974 0.011724 0.032776
5 0.799864 0.904243 0.011346 0.035297
5 0.825770 0.941305 0.008698 0.023700
5 0.820097 0.935507 0.007942 0.019161
3 0.954353 0.828858 0.012480 0.025717
3 0.813100 0.897940 0.011346 0.034793
3 0.842599 0.750195 0.005295 0.022691
3 0.833901 0.753221 0.008320 0.025717
1 0.783035 0.857096 0.020044 0.015632
5 0.801188 0.478406 0.006429 0.017649
5 0.768096 0.030885 0.005295 0.014119
5 0.760532 0.036432 0.006051 0.014119
5 0.775660 0.032650 0.004538 0.016640
4 0.771122 0.035676 0.005295 0.013615
3 0.766394 0.042231 0.003404 0.008572
3 0.771689 0.045508 0.004160 0.009076
3 0.777362 0.043239 0.005673 0.012606
3 0.724983 0.553034 0.008320 0.023700
5 0.580327 0.750952 0.014749 0.043365
5 0.563876 0.747170 0.016640 0.035802
3 0.549883 0.058115 0.007564 0.018153
5 0.526624 0.038701 0.008698 0.027734
5 0.539483 0.039962 0.006429 0.024204
4 0.547046 0.032650 0.005673 0.021683
4 0.611527 0.175857 0.003782 0.015632
4 0.608502 0.188715 0.006051 0.013110
4 0.592618 0.174092 0.004538 0.007059
3 0.603018 0.190228 0.007942 0.021178
3 0.542508 0.058619 0.007186 0.018153
1 0.563308 0.023574 0.010967 0.017649
4 0.431510 0.079293 0.006051 0.014119
4 0.423001 0.073998 0.005673 0.009581
4 0.443045 0.088370 0.006429 0.008068
4 0.437940 0.086353 0.005295 0.011093
4 0.258679 0.453950 0.008320 0.029246
4 0.237501 0.447899 0.008320 0.023195
4 0.230883 0.451933 0.010211 0.026221
4 0.250359 0.452689 0.010589 0.031768
3 0.252061 0.471346 0.012480 0.010589
5 0.227857 0.419913 0.007186 0.016640
1 0.273429 0.405794 0.016640 0.028742
1 0.237312 0.374278 0.021557 0.020170
3 0.268512 0.156695 0.007564 0.028742
3 0.278156 0.161486 0.003404 0.015127
4 0.274374 0.146862 0.008698 0.013110
3 0.280425 0.014497 0.007186 0.017649
4 0.125747 0.181655 0.006429 0.010085
4 0.129718 0.181655 0.005295 0.010085
4 0.137471 0.170310 0.005673 0.006555
4 0.137471 0.180899 0.005673 0.016640
4 0.128962 0.191993 0.003025 0.006555
4 0.135958 0.191740 0.009455 0.009076
1 0.136714 0.160477 0.010967 0.010085
5 0.033848 0.804906 0.010967 0.022187
5 0.118183 0.856088 0.013237 0.019666
5 0.006618 0.666238 0.004160 0.011093
5 0.009833 0.623377 0.005295 0.013110
3 0.030822 0.141316 0.007942 0.019161
3 0.037819 0.147114 0.010589 0.018657
5 0.184177 0.083327 0.003025 0.007059
5 0.193442 0.085848 0.003404 0.011093
5 0.189849 0.084840 0.005295 0.010085