4 0.474624 0.428737 0.012858 0.040340
4 0.509417 0.444369 0.003025 0.016136
4 0.511497 0.448403 0.002647 0.009076
4 0.523599 0.515972 0.011724 0.031263
5 0.508660 0.526813 0.015884 0.041853
4 0.613418 0.598165 0.015884 0.035297
4 0.627789 0.556312 0.012858 0.049416
4 0.651048 0.559085 0.021557 0.046895
1 0.610014 0.503618 0.016640 0.033785
1 0.622684 0.525805 0.025338 0.022691
1 0.603963 0.584298 0.008320 0.015632
1 0.659557 0.524796 0.011346 0.014623
1 0.651804 0.541437 0.007942 0.005547
5 0.661070 0.545471 0.005295 0.021683
1 0.593563 0.518241 0.012480 0.019666
1 0.493155 0.438822 0.018153 0.020170
0 0.500000 0.602507 1.000000 0.794985