0 0.500000 0.500000 1.000000 1.000000
5 0.509984 0.625898 0.017018 0.044374
5 0.544399 0.628167 0.013237 0.039836
5 0.544399 0.579003 0.019287 0.048408
5 0.518493 0.586567 0.018153 0.053450
5 0.499584 0.585810 0.018153 0.036810
5 0.482377 0.580012 0.015506 0.050425
5 0.507526 0.349822 0.021178 0.043870
5 0.539672 0.270907 0.021178 0.049416
5 0.522464 0.243174 0.017018 0.052442
5 0.511875 0.251242 0.010967 0.040340
5 0.497693 0.186194 0.019666 0.014119
3 0.451365 0.133500 0.013237 0.032776
3 0.449853 0.150644 0.014749 0.031768
3 0.808940 0.224769 0.013615 0.037819
3 0.817260 0.221239 0.006051 0.018657
3 0.401445 0.027608 0.025338 0.051938
3 0.380077 0.027103 0.025717 0.042861