0 0.500000 0.500000 1.000000 1.000000
5 0.434536 0.455967 0.018909 0.061518
3 0.445503 0.460505 0.009076 0.035297
5 0.845246 0.709099 0.008320 0.031263
5 0.854323 0.708595 0.010589 0.029246
5 0.884956 0.681870 0.012858 0.034289
5 0.610203 0.077276 0.016262 0.034289
5 0.593185 0.103749 0.011724 0.028742
1 0.769042 0.467564 0.020800 0.042357
1 0.818017 0.532360 0.021935 0.034793
1 0.789653 0.526813 0.027986 0.052946
1 0.622305 0.474876 0.010211 0.017649
1 0.684895 0.458992 0.028742 0.025212
1 0.636298 0.517989 0.018531 0.025212
5 0.572196 0.012921 0.015127 0.025842
5 0.219915 0.041979 0.014749 0.031263
5 0.229370 0.020800 0.011724 0.027229