2 0.524455 0.646589 0.030614 0.112739
2 0.588418 0.596051 0.040455 0.104964
0 0.494387 0.450268 0.066696 0.124402
2 0.578030 0.541625 0.050295 0.066088
0 0.561630 0.527047 0.091843 0.157446
2 0.558896 0.234509 0.038268 0.062201
0 0.648006 0.263665 0.089657 0.124402
1 0.291566 0.262693 0.028428 0.056370
1 0.317807 0.270468 0.015307 0.025269
0 0.306327 0.240340 0.077630 0.101076
2 0.928005 0.273358 0.017100 0.059480
2 0.897893 0.318959 0.014870 0.055514
2 0.810533 0.175547 0.009665 0.048905
2 0.787856 0.167617 0.020818 0.048905
0 0.124225 0.407476 0.105948 0.270962
5 0.500310 0.500000 0.999380 1.000000