3 0.890071 0.126296 0.004092 0.016912
3 0.894163 0.127932 0.004092 0.016912
3 0.900095 0.124932 0.004501 0.013093
3 0.904801 0.127114 0.005728 0.018549
3 0.952878 0.299509 0.012684 0.020731
3 0.862248 0.277141 0.007365 0.021822
3 0.856519 0.279324 0.009820 0.020731
3 0.847313 0.286961 0.004501 0.015276
4 0.834424 0.280415 0.011457 0.020731
4 0.849154 0.271413 0.010638 0.015821
5 0.931192 0.400436 0.008592 0.013093
5 0.940398 0.399345 0.008183 0.015276
5 0.960038 0.783961 0.006547 0.020731
5 0.904392 0.978451 0.012275 0.028914
5 0.915644 0.972450 0.006137 0.036552
5 0.888434 0.983906 0.010638 0.032188
5 0.873500 0.988543 0.023322 0.020731
5 0.775095 0.920349 0.011457 0.018549
4 0.501773 0.392253 0.013093 0.022913
4 0.501159 0.409438 0.008592 0.024550
4 0.490930 0.411893 0.013502 0.025095
5 0.481110 0.402619 0.012684 0.030551
5 0.465767 0.401800 0.012275 0.027823
4 0.472722 0.393344 0.011457 0.024004
4 0.349564 0.208947 0.031097 0.055646
3 0.013025 0.278778 0.015957 0.051282
3 0.250341 0.385161 0.012684 0.044735
5 0.857133 0.816148 0.008592 0.018549
5 0.865930 0.823241 0.004910 0.017458
5 0.869817 0.827059 0.006137 0.017458
0 0.499202 0.501064 0.997340 0.997872