0 0.500737 0.502212 0.998525 0.995575
4 0.824635 0.228551 0.006429 0.006051
4 0.803457 0.179891 0.012480 0.013615
4 0.954353 0.399239 0.013237 0.010589
4 0.714205 0.991453 0.011724 0.017094
1 0.727819 0.877014 0.056350 0.045382
1 0.709477 0.921388 0.016640 0.034289
1 0.741812 0.952399 0.024582 0.040844
1 0.690946 0.506643 0.038575 0.029751
1 0.680168 0.556816 0.036684 0.064544
5 0.688299 0.565136 0.013615 0.043870
1 0.639702 0.636992 0.021557 0.033280
5 0.665040 0.628924 0.013237 0.033280
4 0.624575 0.553034 0.010211 0.030759
1 0.634786 0.527318 0.024582 0.045887
1 0.660124 0.508913 0.013993 0.023195
1 0.642727 0.569170 0.012480 0.021683
5 0.612662 0.224264 0.010589 0.021683
5 0.628356 0.224264 0.008698 0.029751
5 0.677710 0.041979 0.007564 0.027229
5 0.669957 0.093412 0.004916 0.029246
4 0.678844 0.089882 0.006051 0.015127
4 0.670713 0.141063 0.009455 0.015632
4 0.683382 0.158208 0.008320 0.012606
4 0.680357 0.218213 0.010589 0.027734
4 0.668444 0.231072 0.013237 0.019161
4 0.643862 0.216701 0.011724 0.030759
4 0.593752 0.206868 0.015884 0.014119
4 0.592429 0.181403 0.009455 0.017649
4 0.608502 0.113330 0.010589 0.019666
4 0.601316 0.064922 0.012102 0.012606
4 0.600938 0.039205 0.008320 0.010589
4 0.672793 0.055593 0.009076 0.016136
1 0.615876 0.156947 0.018531 0.015127
1 0.652560 0.192497 0.050299 0.072108
1 0.600371 0.199052 0.051812 0.039836
4 0.600938 0.218970 0.012858 0.016136
4 0.619280 0.254771 0.004160 0.017144
1 0.629869 0.267630 0.019287 0.042861
1 0.447772 0.989436 0.016640 0.021128
1 0.440398 0.542949 0.041222 0.047904
1 0.487482 0.517737 0.047651 0.030759
4 0.447772 0.576734 0.018153 0.051938
4 0.458362 0.575473 0.013615 0.046391
4 0.480864 0.481431 0.020044 0.046895
4 0.461954 0.446134 0.017018 0.048912
4 0.522086 0.488995 0.019287 0.040844
4 0.537970 0.523536 0.015506 0.033280
4 0.538159 0.455210 0.018153 0.020674
1 0.521708 0.449916 0.034415 0.054459
1 0.537024 0.491012 0.012102 0.024708
1 0.508282 0.490003 0.009833 0.013615
1 0.442667 0.406802 0.010967 0.012606
1 0.451176 0.433023 0.009076 0.019666
1 0.477460 0.391171 0.006429 0.012606
1 0.497126 0.361420 0.034415 0.031768
4 0.500340 0.460001 0.022691 0.025212
4 0.465925 0.395205 0.011346 0.008572
1 0.555366 0.231324 0.023069 0.046895
1 0.358331 0.352343 0.025338 0.030759
1 0.315407 0.367219 0.009833 0.012102
1 0.344717 0.272168 0.007942 0.015632
1 0.360222 0.293599 0.009455 0.016136
5 0.336397 0.321080 0.015506 0.051938
5 0.362491 0.363437 0.013993 0.019666
5 0.385561 0.333182 0.009455 0.015632
4 0.335640 0.365202 0.018531 0.023195
4 0.342259 0.293851 0.017397 0.027734
4 0.428863 0.647329 0.007564 0.025717
1 0.434347 0.628167 0.011724 0.021683
1 0.416005 0.630184 0.015884 0.020674
1 0.199682 0.399239 0.036306 0.033785
4 0.150707 0.403020 0.013237 0.040340
4 0.166024 0.399995 0.009076 0.018153
4 0.174722 0.401760 0.009833 0.036810
4 0.184555 0.372766 0.011346 0.024204
4 0.248847 0.395961 0.006807 0.019161
5 0.173587 0.374530 0.014371 0.018657