2 0.519672 0.386968 0.019777 0.071917
2 0.319654 0.353407 0.024272 0.103879
2 0.525066 0.325439 0.023373 0.073515
2 0.542558 0.329360 0.022549 0.084552
4 0.572186 0.278144 0.038655 0.062328
2 0.662981 0.218214 0.029666 0.076711
2 0.634214 0.223008 0.033261 0.073515
4 0.654890 0.146031 0.026070 0.052739
2 0.622528 0.965493 0.017080 0.069013
2 0.585671 0.957503 0.022474 0.084994
2 0.607246 0.946316 0.013484 0.107368
0 0.755820 0.558394 0.062596 0.118095
2 0.747517 0.482314 0.048544 0.074945
0 0.854921 0.503257 0.165831 0.279033
5 0.500000 0.500000 1.000000 1.000000