0 0.500000 0.464602 1.000000 0.928220
1 0.432834 0.239896 0.018531 0.024708
1 0.391612 0.229811 0.018531 0.018657
4 0.437561 0.325870 0.058241 0.178504
4 0.429998 0.341754 0.055215 0.183042
4 0.534188 0.345032 0.051055 0.171444
5 0.606043 0.297885 0.078285 0.109422
5 0.577869 0.453950 0.050677 0.121020
5 0.527759 0.475128 0.049542 0.109926
5 0.368164 0.579255 0.043491 0.136651
5 0.329967 0.552026 0.048030 0.105388
1 0.604152 0.144089 0.027608 0.029751
1 0.577869 0.120894 0.020422 0.024708
1 0.507715 0.174848 0.029120 0.033785