0 0.317179 0.405351 0.096035 0.129423
1 0.454003 0.471439 0.033044 0.066088
1 0.452970 0.364734 0.035109 0.039928
1 0.441106 0.224762 0.019620 0.057383
1 0.411676 0.208706 0.030979 0.070219
0 0.460726 0.345014 0.087774 0.128046
2 0.638854 0.395268 0.018587 0.046813
2 0.723014 0.320230 0.025816 0.053697
0 0.575864 0.094514 0.103263 0.161090
0 0.665187 0.091072 0.091904 0.167975
0 0.449367 0.150965 0.118753 0.158337
0 0.241980 0.130456 0.095002 0.214787
0 0.410815 0.023923 0.056795 0.047845
2 0.701501 0.379937 0.026848 0.075726
0 0.686011 0.872264 0.173482 0.255472
5 0.500310 0.500000 0.999380 1.000000