0 0.500000 0.500246 1.000000 0.999508
5 0.518493 0.389658 0.029499 0.070091
5 0.759776 0.426720 0.003025 0.012102
5 0.755805 0.424451 0.003404 0.012606
5 0.753158 0.423695 0.003404 0.014119
3 0.072990 0.737337 0.020422 0.034289
3 0.061833 0.745405 0.019287 0.028238
3 0.047651 0.752212 0.012858 0.029751
4 0.050299 0.128709 0.009076 0.015127
3 0.028175 0.115851 0.004916 0.016640
4 0.034415 0.114590 0.007564 0.015127
4 0.024771 0.130474 0.009455 0.024708
4 0.012669 0.120137 0.004916 0.014119
4 0.008131 0.128457 0.010211 0.009581