1 0.452977 0.377332 0.043565 0.076342
4 0.443642 0.547165 0.029873 0.081874
2 0.486896 0.449248 0.031740 0.063065
1 0.541663 0.474142 0.025517 0.106215
2 0.568424 0.475249 0.041698 0.117279
2 0.528904 0.493504 0.036097 0.082981
4 0.571536 0.570400 0.034230 0.077449
4 0.539485 0.560995 0.037341 0.074129
1 0.054664 0.341834 0.039208 0.109534
2 0.161397 0.377239 0.041075 0.087406
2 0.181002 0.482072 0.000622 0.001106
2 0.176956 0.453858 0.044810 0.059746
2 0.092627 0.412921 0.000622 0.000000
4 0.091382 0.458284 0.029251 0.050895
1 0.029458 0.455518 0.033607 0.052001
1 0.047818 0.573350 0.029251 0.070810
2 0.030392 0.609309 0.000622 0.005532
0 0.039312 0.472667 0.078624 0.097364
0 0.186603 0.520796 0.059124 0.091832
1 0.127790 0.306153 0.044810 0.112854
5 0.500000 0.500000 1.000000 1.000000