5 0.681806 0.334152 0.024550 0.071468
5 0.612248 0.393890 0.017185 0.082924
5 0.629023 0.452264 0.018822 0.068740
5 0.606315 0.464539 0.020867 0.069285
5 0.613271 0.459629 0.012684 0.055101
5 0.636388 0.618385 0.016367 0.045281
5 0.404596 0.819422 0.022504 0.100382
5 0.384343 0.799782 0.020458 0.089471
5 0.417076 0.834970 0.023732 0.069285
5 0.426896 0.789416 0.032733 0.064375
1 0.434261 0.309056 0.038462 0.051828
1 0.453492 0.262957 0.032733 0.049100
1 0.463925 0.223131 0.029051 0.040371
1 0.506274 0.242226 0.032733 0.040371
1 0.482133 0.280415 0.027005 0.036007
1 0.166258 0.869340 0.044190 0.051828
1 0.042826 0.870431 0.085652 0.083470
1 0.062534 0.734861 0.050327 0.112384
0 0.499734 0.497872 0.999468 0.995744