2 0.492771 0.498636 0.020458 0.053464
2 0.520595 0.476814 0.014730 0.048009
2 0.452469 0.471631 0.017594 0.057283
5 0.435897 0.482815 0.016367 0.054555
5 0.433033 0.546918 0.005728 0.021277
5 0.435284 0.570922 0.012684 0.044190
5 0.447149 0.575832 0.017594 0.052919
5 0.462289 0.576378 0.021686 0.048554
5 0.523868 0.564375 0.013912 0.028914
5 0.389662 0.348063 0.011457 0.018549
1 0.460038 0.316148 0.050736 0.043099
1 0.388025 0.416258 0.024550 0.046918
1 0.350382 0.530551 0.026187 0.062739
1 0.526937 0.534643 0.024141 0.018549
5 0.102428 0.147845 0.016367 0.038189
5 0.091585 0.155210 0.013502 0.027823
5 0.048418 0.116476 0.026187 0.055101
5 0.068262 0.125477 0.013502 0.043644
0 0.498138 0.496809 0.996276 0.993617