2 0.465260 0.653205 0.019552 0.098286
2 0.480429 0.644215 0.010787 0.073115
2 0.548188 0.711937 0.024946 0.105478
1 0.582236 0.551323 0.022923 0.086300
2 0.625723 0.515365 0.019552 0.115067
2 0.610891 0.536340 0.016855 0.094690
2 0.633814 0.580090 0.014159 0.095889
2 0.642579 0.554919 0.026294 0.122258
2 0.676906 0.528422 0.024272 0.119382
2 0.655466 0.543525 0.020227 0.158216
2 0.127989 0.348646 0.014159 0.067122
2 0.151250 0.350443 0.010787 0.046746
2 0.138439 0.348046 0.013484 0.089896
2 0.123607 0.171851 0.024272 0.080307
2 0.110459 0.166457 0.014159 0.074314
2 0.098323 0.164659 0.014159 0.070718
2 0.013035 0.090945 0.013484 0.057533
2 0.024497 0.095739 0.010787 0.045547
2 0.218671 0.054387 0.032362 0.073115
2 0.205524 0.056784 0.018204 0.085101
2 0.196759 0.050192 0.018204 0.079108
2 0.191703 0.070568 0.022923 0.069519
2 0.180241 0.071167 0.013484 0.061129
2 0.172487 0.026294 0.014159 0.052588
2 0.164397 0.022699 0.010113 0.045397
2 0.144507 0.078958 0.040453 0.115067
2 0.112145 0.058582 0.017530 0.088697
2 0.076446 0.019846 0.009335 0.039692
2 0.068666 0.017080 0.013692 0.034160
1 0.849838 0.517584 0.036893 0.110464
2 0.877994 0.507228 0.015534 0.144984
1 0.892071 0.513269 0.024272 0.115642
2 0.911489 0.515858 0.020388 0.120820
2 0.817365 0.907379 0.031937 0.129450
2 0.773931 0.899430 0.026827 0.099926
2 0.794371 0.896024 0.019162 0.174871
5 0.500405 0.500000 0.999190 1.000000