0 0.500000 0.500000 1.000000 1.000000
5 0.941684 0.211406 0.008320 0.021178
5 0.940738 0.251746 0.009455 0.016136
5 0.906134 0.268134 0.011346 0.016640
5 0.899327 0.299397 0.013615 0.019666
5 0.891763 0.315533 0.009076 0.017649
5 0.775282 0.420417 0.015127 0.036810
5 0.803457 0.573456 0.020800 0.033280
3 0.913698 0.557068 0.014371 0.033785
2 0.931284 0.880039 0.019287 0.034289
3 0.902920 0.857852 0.017775 0.039331
5 0.748431 0.980889 0.018909 0.036306
5 0.732169 0.982150 0.013615 0.033785
5 0.776038 0.451176 0.008320 0.017649
5 0.751834 0.284270 0.012858 0.028742
5 0.750889 0.230315 0.010967 0.030759
5 0.726307 0.259562 0.010967 0.034793
3 0.752780 0.340746 0.014749 0.031768
5 0.632895 0.259310 0.013237 0.021178
5 0.659557 0.264856 0.010589 0.025212
5 0.643862 0.262335 0.008698 0.018153
5 0.655397 0.239140 0.007564 0.023195
5 0.645942 0.233089 0.008320 0.017144
5 0.638757 0.241913 0.009076 0.019666
5 0.636109 0.220735 0.014371 0.025717
5 0.586000 0.243426 0.006429 0.013615
5 0.575221 0.411088 0.016640 0.022187
5 0.530217 0.417392 0.009833 0.028742
5 0.539672 0.432015 0.006807 0.012606
5 0.526246 0.461009 0.009455 0.017144
5 0.486347 0.461765 0.009833 0.033785
5 0.471409 0.486726 0.017018 0.039331
5 0.490697 0.485969 0.019287 0.029751
3 0.502042 0.498071 0.010967 0.022691
5 0.177748 0.651363 0.015127 0.027734
5 0.190606 0.644808 0.012858 0.027734
3 0.212352 0.661448 0.010211 0.029751
3 0.201195 0.656657 0.010589 0.022187
3 0.169995 0.476641 0.010211 0.032272
3 0.164133 0.478153 0.011346 0.032272
3 0.154678 0.472859 0.007564 0.019666
2 0.387452 0.509165 0.013993 0.023700
2 0.392935 0.465295 0.009833 0.039836
5 0.405037 0.456723 0.009833 0.038827
5 0.411845 0.497567 0.014371 0.025717
3 0.357764 0.485465 0.010589 0.035802
5 0.385183 0.345032 0.013237 0.026221
5 0.358710 0.329652 0.007186 0.028742
5 0.363059 0.313012 0.011346 0.024708
5 0.234854 0.345536 0.007564 0.020170
5 0.231450 0.373018 0.008320 0.020674
3 0.131042 0.647581 0.014749 0.033280
5 0.118372 0.656657 0.006807 0.022187
3 0.102488 0.613292 0.012858 0.028238