2 0.513631 0.824659 0.100372 0.158612
2 0.620508 0.861834 0.079926 0.138786
2 0.432776 0.761462 0.083643 0.225527
2 0.516419 0.695787 0.053903 0.138786
2 0.474597 0.693309 0.026022 0.242875
2 0.409541 0.952292 0.022305 0.081784
2 0.360285 0.951983 0.024164 0.096034
2 0.389095 0.929678 0.040892 0.140644
2 0.558240 0.512392 0.029740 0.178439
0 0.429058 0.710347 0.566914 0.579306
0 0.423482 0.281908 0.291822 0.371747
2 0.798975 0.386673 0.067590 0.098006
2 0.848400 0.230652 0.027881 0.074349
2 0.870367 0.143911 0.014363 0.058578
2 0.842064 0.149544 0.025346 0.049566
2 0.864453 0.192914 0.039709 0.043934
2 0.813338 0.148981 0.028726 0.050693
0 0.726315 0.134899 0.125042 0.128422
2 0.264036 0.606840 0.042894 0.122387
2 0.863073 0.118340 0.081784 0.173482
5 0.500000 0.500000 1.000000 1.000000