5 0.854474 0.291326 0.016367 0.062193
5 0.833402 0.232133 0.017594 0.048554
5 0.842403 0.245772 0.011866 0.032188
5 0.788803 0.285597 0.016776 0.059465
5 0.768140 0.287780 0.022095 0.052919
5 0.734997 0.310693 0.010638 0.061648
5 0.751159 0.315876 0.022504 0.040371
5 0.715153 0.800055 0.007774 0.044190
5 0.698377 0.789416 0.017594 0.024004
5 0.698786 0.773050 0.015139 0.027278
5 0.572149 0.384070 0.013093 0.046918
5 0.605496 0.414621 0.021686 0.042553
5 0.589539 0.396890 0.011866 0.059465
5 0.596904 0.398800 0.017594 0.042553
5 0.630251 0.379705 0.027823 0.044735
5 0.493999 0.391708 0.011457 0.042553
5 0.439580 0.545827 0.014730 0.046372
5 0.418303 0.546099 0.014730 0.040371
5 0.426487 0.554283 0.009820 0.043644
5 0.428737 0.686852 0.017594 0.049100
5 0.436307 0.644026 0.018003 0.047463
5 0.510161 0.526459 0.007774 0.031642
1 0.498704 0.500818 0.024959 0.032733
1 0.485611 0.556465 0.043781 0.054555
1 0.563762 0.490180 0.032324 0.059465
1 0.585652 0.481724 0.032733 0.060011
1 0.542280 0.396072 0.025368 0.049100
1 0.613680 0.453082 0.021686 0.025641
1 0.637207 0.441626 0.027823 0.051828
1 0.469654 0.790780 0.054419 0.052919
1 0.389253 0.204037 0.037643 0.046918
5 0.409302 0.394435 0.012275 0.031642
5 0.391912 0.399891 0.014321 0.024004
1 0.375546 0.434534 0.033961 0.051828
1 0.415030 0.370977 0.014730 0.020731
1 0.293099 0.833061 0.039280 0.025095
1 0.296577 0.968358 0.013502 0.021822
1 0.319490 0.974905 0.028232 0.025095
1 0.323786 0.946263 0.018822 0.023459
5 0.241339 0.862248 0.018412 0.060556
5 0.301896 0.890344 0.023322 0.061102
5 0.211266 0.696399 0.010638 0.047463
5 0.196331 0.680033 0.016776 0.045281
5 0.179760 0.680033 0.013912 0.052919
3 0.188966 0.802782 0.006956 0.015821
3 0.171781 0.786688 0.006956 0.020731
3 0.182010 0.799782 0.007774 0.028369
3 0.177100 0.797327 0.008592 0.016912
5 0.037984 0.683306 0.023322 0.049645
1 0.051282 0.292962 0.016367 0.045827
1 0.030619 0.281779 0.016776 0.024550
1 0.241748 0.468085 0.031506 0.036007
2 0.245431 0.426623 0.017594 0.018549
0 0.471011 0.495745 0.942021 0.991489