2 0.469599 0.483027 0.027637 0.089314
2 0.445943 0.507698 0.026232 0.036225
2 0.431422 0.537365 0.021548 0.060583
2 0.446412 0.538926 0.022485 0.066204
2 0.514568 0.632300 0.043564 0.061832
0 0.570077 0.417447 0.163950 0.118044
2 0.245690 0.466060 0.034195 0.108675
2 0.216414 0.318973 0.029979 0.060583
2 0.247330 0.330216 0.040285 0.045594
2 0.273796 0.342707 0.035132 0.064331
2 0.293704 0.343019 0.032790 0.076198
2 0.307991 0.373936 0.025764 0.060583
2 0.294641 0.392048 0.019674 0.079320
2 0.309631 0.402354 0.028106 0.053713
0 0.614390 0.904581 0.246206 0.190838
2 0.842259 0.495698 0.022788 0.080823
2 0.801240 0.590700 0.024611 0.083254
2 0.779819 0.579154 0.037373 0.066238
2 0.740167 0.578243 0.030081 0.087507
5 0.503654 0.503232 0.992692 0.993536