4 0.747930 0.022297 0.013935 0.030790
4 0.778189 0.046982 0.006769 0.022827
4 0.813227 0.114933 0.009158 0.020704
4 0.823180 0.107236 0.005972 0.016988
1 0.763856 0.025216 0.010750 0.011148
1 0.766643 0.044859 0.008361 0.017519
1 0.789935 0.024155 0.010352 0.013272
1 0.831143 0.062908 0.021102 0.036630
1 0.802875 0.092902 0.012343 0.014864
1 0.842093 0.102989 0.011148 0.018050
1 0.833731 0.115199 0.009556 0.015926
1 0.793717 0.123958 0.010750 0.010087
1 0.871954 0.123693 0.017519 0.030790
1 0.884297 0.153156 0.013537 0.024951
1 0.876135 0.170940 0.013935 0.020173
1 0.972289 0.052025 0.022297 0.030790
1 0.808449 0.135903 0.008361 0.021235
1 0.756291 0.133779 0.005972 0.015926
1 0.956761 0.250040 0.020704 0.028667
1 0.973682 0.270478 0.021102 0.027074
1 0.938844 0.337368 0.060519 0.062112
1 0.952978 0.296491 0.011546 0.019642
1 0.962534 0.380368 0.034639 0.036630
1 0.932871 0.392313 0.036630 0.031852
5 0.942626 0.218188 0.011546 0.025482
5 0.882903 0.273929 0.010750 0.018050
5 0.946409 0.257207 0.007963 0.009025
4 0.972687 0.383819 0.011148 0.010617
5 0.726230 0.305516 0.014333 0.029198
4 0.705526 0.054414 0.011945 0.028136
1 0.661929 0.768169 0.014732 0.019111
1 0.680841 0.803206 0.044593 0.029729
1 0.696966 0.016192 0.021898 0.016457
1 0.601409 0.129532 0.032250 0.013803
4 0.617535 0.102192 0.013537 0.022827
4 0.607183 0.159261 0.017519 0.056272
4 0.616738 0.211021 0.018315 0.045124
4 0.624303 0.209694 0.007167 0.046717
4 0.600414 0.215533 0.012741 0.016988
4 0.668299 0.244731 0.004380 0.010617
1 0.596831 0.321973 0.027871 0.020704
1 0.625896 0.333121 0.012741 0.022827
1 0.614349 0.361523 0.026278 0.023358
5 0.543080 0.021766 0.007167 0.021235
5 0.562191 0.333121 0.010352 0.027074
5 0.603798 0.452301 0.007565 0.008494
1 0.556816 0.566969 0.017121 0.016988
1 0.553830 0.596963 0.034241 0.040877
1 0.518594 0.605723 0.018713 0.023358
1 0.547659 0.626427 0.011546 0.008494
1 0.542881 0.641026 0.017917 0.019642
1 0.427019 0.441153 0.032250 0.038223
1 0.466635 0.469555 0.035834 0.027074
1 0.437371 0.474863 0.016324 0.015395
4 0.424232 0.473536 0.017917 0.050964
4 0.466237 0.492913 0.017519 0.049371
4 0.452102 0.497691 0.013935 0.045124
4 0.443940 0.504857 0.004778 0.021235
4 0.435579 0.481234 0.007963 0.028136
5 0.438764 0.493444 0.008759 0.032383
4 0.460862 0.482030 0.007565 0.013803
5 0.482362 0.262781 0.013935 0.043531
5 0.487339 0.003982 0.006370 0.006901
5 0.411889 0.016988 0.009158 0.020173
5 0.443542 0.014599 0.007963 0.010087
5 0.395963 0.053087 0.005972 0.021235
5 0.481566 0.006636 0.005176 0.013272
4 0.485348 0.029463 0.004778 0.015395
5 0.379638 0.058396 0.005972 0.015926
1 0.374662 0.972023 0.039815 0.049902
1 0.284878 0.732335 0.015528 0.017519
1 0.202859 0.838509 0.017121 0.023889
1 0.219979 0.599618 0.041806 0.047247
1 0.260392 0.605723 0.016722 0.032914
1 0.196687 0.652174 0.027871 0.020704
1 0.238294 0.632532 0.011546 0.016457
1 0.286272 0.644476 0.028667 0.041408
1 0.328277 0.650316 0.013935 0.011679
1 0.308966 0.510166 0.032649 0.048840
1 0.207039 0.519987 0.018315 0.017519
1 0.190715 0.484154 0.007963 0.010617
1 0.327082 0.452567 0.014732 0.012210
5 0.324096 0.021500 0.012741 0.018580
5 0.315138 0.045655 0.009954 0.020173
5 0.308369 0.507777 0.006769 0.010087
4 0.318721 0.455487 0.009158 0.026544
4 0.326485 0.473271 0.007167 0.030260
4 0.319517 0.476190 0.005176 0.019111
4 0.204451 0.531401 0.009954 0.020173
4 0.311753 0.660933 0.007963 0.028667
4 0.323499 0.662526 0.009158 0.024420
4 0.249841 0.867707 0.009954 0.026013
4 0.249244 0.726761 0.015926 0.012741
1 0.256410 0.722249 0.018315 0.018580
1 0.183150 0.510432 0.019908 0.019642
1 0.323300 0.425758 0.026278 0.033976
1 0.181159 0.286139 0.007963 0.011679
1 0.164437 0.308170 0.010352 0.019642
5 0.225952 0.192175 0.009158 0.013803
5 0.149506 0.066624 0.005972 0.010087
5 0.079033 0.157138 0.006769 0.010617
5 0.088987 0.180761 0.005972 0.011148
5 0.143534 0.248447 0.017917 0.044593
4 0.113872 0.245793 0.012741 0.039284
4 0.138756 0.297287 0.016324 0.027605
4 0.195692 0.910973 0.005972 0.013803
5 0.208035 0.921060 0.006769 0.010617
4 0.011546 0.594309 0.014333 0.026013
5 0.028468 0.390986 0.021102 0.049371
0 0.501553 0.501035 0.996894 0.997930