0 0.500000 0.500000 1.000000 1.000000
5 0.410143 0.528578 0.014749 0.035297
5 0.544588 0.538159 0.024960 0.063535
5 0.497126 0.367975 0.015506 0.057989
5 0.494478 0.366715 0.035928 0.076646
5 0.393125 0.397726 0.022313 0.052946
5 0.558392 0.362428 0.019287 0.049921
5 0.418463 0.289312 0.013993 0.032776
1 0.480107 0.306961 0.024582 0.028742
1 0.503744 0.327383 0.038575 0.035297
1 0.594131 0.346293 0.047651 0.033785
1 0.593185 0.300910 0.041222 0.055972
1 0.350957 0.320576 0.025717 0.055972
1 0.371001 0.253259 0.052946 0.071603
5 0.371379 0.201825 0.008320 0.026221
1 0.385750 0.171570 0.074124 0.077654
3 0.415816 0.179386 0.013237 0.017649
5 0.965509 0.119129 0.009833 0.033280
1 0.790787 0.779190 0.062023 0.082697
5 0.686219 0.744144 0.017018 0.031768
3 0.671091 0.756246 0.008698 0.021683
5 0.646888 0.701788 0.011724 0.032776
3 0.666931 0.705065 0.014749 0.037314
1 0.652182 0.733303 0.017018 0.016136
1 0.736896 0.577742 0.032902 0.032776
5 0.767151 0.416383 0.013237 0.049921
5 0.752401 0.421173 0.013993 0.047399
5 0.720445 0.436553 0.016640 0.033785
5 0.635164 0.433023 0.008698 0.024708
5 0.644808 0.425712 0.012102 0.034289
5 0.658044 0.422182 0.010589 0.027229
1 0.634596 0.412601 0.019666 0.039331
1 0.653695 0.373018 0.018531 0.018657
1 0.658800 0.302171 0.021178 0.033280
5 0.652371 0.273177 0.013615 0.037819
5 0.646320 0.305953 0.010589 0.035802
3 0.634218 0.308474 0.018153 0.047904
1 0.785871 0.192245 0.012102 0.013110
1 0.699266 0.149636 0.043113 0.045887
1 0.660313 0.155435 0.024960 0.036306
1 0.616444 0.057106 0.024204 0.039331
1 0.589781 0.049795 0.022313 0.037819
1 0.571439 0.080806 0.048408 0.045382
1 0.538159 0.112826 0.021178 0.018657
1 0.519439 0.124423 0.016262 0.016640
5 0.468384 0.485465 0.026095 0.031768
5 0.422812 0.018468 0.013615 0.036936
1 0.517548 0.089882 0.013237 0.013110
1 0.364761 0.694980 0.021557 0.023195
5 0.269079 0.716159 0.020044 0.062527
5 0.290447 0.706326 0.023448 0.056980
5 0.244686 0.666994 0.027986 0.044878
1 0.073935 0.017207 0.014749 0.034414
1 0.033469 0.952122 0.038197 0.095756
1 0.016451 0.242417 0.026851 0.036810
1 0.057106 0.189723 0.035550 0.034289
1 0.012669 0.025338 0.025338 0.035297
1 0.040655 0.024834 0.009455 0.014119