0 0.500000 0.500000 1.000000 1.000000
1 0.599236 0.393692 0.029120 0.031768
1 0.639135 0.404281 0.014371 0.022691
1 0.531352 0.527570 0.022691 0.043365
1 0.688488 0.556312 0.020044 0.033280
1 0.650480 0.622621 0.017397 0.028742
1 0.626844 0.586315 0.010211 0.023700
1 0.583163 0.579255 0.015127 0.020674
5 0.602072 0.605980 0.028742 0.039836
5 0.681302 0.628419 0.024582 0.043365
5 0.668633 0.637244 0.012102 0.027734
5 0.660313 0.584550 0.042357 0.038323
5 0.634975 0.633210 0.030255 0.031768
5 0.369866 0.130726 0.010589 0.026221
5 0.370812 0.154174 0.015506 0.030759
4 0.371379 0.050803 0.009833 0.027734
5 0.393692 0.025591 0.011346 0.027734
1 0.310869 0.238383 0.018909 0.037819
1 0.290825 0.219222 0.016640 0.018657
4 0.286476 0.283009 0.013993 0.045382
1 0.284774 0.767088 0.019666 0.017144
5 0.236366 0.578751 0.037819 0.028742
1 0.135958 0.386380 0.037440 0.026221
1 0.114401 0.334947 0.020800 0.027229
4 0.192875 0.159216 0.024204 0.040844
4 0.203086 0.147871 0.023448 0.034289
5 0.213297 0.146862 0.019666 0.024204
4 0.214999 0.134508 0.024582 0.033785