2 0.378376 0.302577 0.020087 0.046126
4 0.358707 0.333079 0.025946 0.041662
2 0.483414 0.493776 0.020924 0.107131
2 0.500153 0.504191 0.017576 0.122010
2 0.515219 0.487824 0.019250 0.098203
2 0.517311 0.579331 0.023435 0.063981
2 0.542420 0.485592 0.036826 0.075884
2 0.529866 0.557756 0.023435 0.074396
0 0.550371 0.082394 0.111316 0.162184
2 0.772014 0.322108 0.030340 0.062028
2 0.754948 0.384810 0.021996 0.063376
2 0.783391 0.369303 0.019721 0.059331
0 0.750776 0.063966 0.122876 0.127932
0 0.126978 0.513504 0.253955 0.513005
0 0.285644 0.876613 0.146980 0.246774
5 0.500000 0.500000 1.000000 1.000000