2 0.165823 0.940629 0.030536 0.063200
2 0.174255 0.984291 0.030992 0.031418
2 0.197727 0.984686 0.024156 0.026131
2 0.223706 0.981344 0.015952 0.027954
2 0.280753 0.527197 0.021877 0.047400
2 0.303997 0.551808 0.014585 0.066238
2 0.319493 0.553327 0.031904 0.041323
2 0.465491 0.566089 0.022788 0.057123
2 0.440879 0.565481 0.015496 0.068061
2 0.434043 0.529627 0.020054 0.069277
2 0.417179 0.536616 0.018231 0.067454
2 0.381630 0.542693 0.019142 0.065023
2 0.365222 0.558189 0.014585 0.038892
2 0.384592 0.587358 0.027802 0.036461
2 0.382085 0.474631 0.023700 0.073531
2 0.404190 0.477974 0.022333 0.053477
2 0.821749 0.594043 0.034638 0.103307
2 0.850235 0.470378 0.042386 0.068669
2 0.850235 0.553327 0.046944 0.060769
2 0.884189 0.548162 0.034638 0.090546
2 0.928627 0.503193 0.043298 0.067454
2 0.914726 0.561531 0.032815 0.096623
2 0.894444 0.596777 0.022333 0.041931
5 0.505340 0.502108 0.989320 0.995784