0 0.500000 0.500000 1.000000 1.000000
5 0.901974 0.132743 0.003025 0.016136
5 0.884956 0.117868 0.003782 0.014623
5 0.898192 0.128205 0.004538 0.012102
5 0.890439 0.138542 0.004160 0.012606
5 0.891007 0.150392 0.003782 0.009076
5 0.996180 0.069460 0.007639 0.021683
5 0.992361 0.066687 0.006807 0.016136
5 0.991982 0.090387 0.008320 0.017144
5 0.971371 0.277463 0.008698 0.031263
5 0.987066 0.300910 0.015127 0.027734
5 0.963997 0.337972 0.011346 0.020170
5 0.857159 0.361168 0.008698 0.021178
5 0.863021 0.354865 0.007564 0.016640
5 0.869828 0.355873 0.006807 0.015632
5 0.873988 0.345788 0.007564 0.016640
3 0.851108 0.360411 0.007186 0.017649
5 0.856025 0.372261 0.009455 0.006051
5 0.888549 0.423947 0.010967 0.024708
5 0.878148 0.423443 0.009076 0.023700
5 0.872854 0.428233 0.006051 0.020170
5 0.867937 0.429746 0.006807 0.025212
3 0.865290 0.424199 0.006051 0.015127
3 0.877581 0.441343 0.009455 0.008068
3 0.785871 0.341754 0.007564 0.017649
5 0.744838 0.330913 0.006429 0.017144
5 0.783602 0.336712 0.006807 0.019666
5 0.806860 0.478658 0.007186 0.021178
5 0.797217 0.477145 0.009833 0.023195
3 0.787951 0.467060 0.010211 0.021178
3 0.795137 0.490003 0.008698 0.016640
3 0.785115 0.489247 0.009833 0.026221
3 0.781711 0.481935 0.006807 0.008572
1 0.984078 0.260822 0.031843 0.030255
1 0.945087 0.286287 0.021935 0.026725
1 0.960026 0.317046 0.013237 0.022691
1 0.978746 0.288556 0.009076 0.015127
1 0.993873 0.288556 0.008320 0.017144
1 0.885712 0.349570 0.009076 0.015127
1 0.898570 0.361420 0.015127 0.025717
1 0.829930 0.313768 0.026095 0.027229
1 0.851486 0.332426 0.017775 0.025212
1 0.838817 0.365454 0.026473 0.019666
1 0.820475 0.337216 0.019287 0.019666
1 0.801566 0.327131 0.017775 0.018657
1 0.774714 0.439326 0.007186 0.013110
1 0.781900 0.474119 0.007186 0.009076
5 0.721957 0.658170 0.009076 0.025212
5 0.713637 0.654136 0.009076 0.031263
5 0.700779 0.621360 0.008320 0.029246
4 0.692648 0.615309 0.008698 0.020170
5 0.659935 0.651111 0.006051 0.033280
5 0.652560 0.658170 0.014749 0.038323
5 0.633840 0.662708 0.013615 0.044374
3 0.625709 0.653380 0.009455 0.037819
4 0.646131 0.652119 0.008698 0.030255
3 0.616065 0.642286 0.008320 0.034793
3 0.553665 0.690190 0.013615 0.038827
3 0.557825 0.683130 0.009076 0.025717
3 0.585810 0.690946 0.013615 0.034289
3 0.576356 0.703300 0.012858 0.040844
5 0.566901 0.700275 0.015884 0.042861
3 0.587512 0.164763 0.009455 0.026725
3 0.582029 0.142324 0.005295 0.014119
4 0.569738 0.133500 0.005673 0.014623
4 0.561607 0.131483 0.011346 0.016640
4 0.538726 0.062401 0.005673 0.012606
5 0.579192 0.144593 0.006429 0.022691
5 0.594698 0.045761 0.005673 0.014623
5 0.587890 0.047525 0.007942 0.010085
5 0.586756 0.052568 0.007942 0.014119
3 0.585243 0.058367 0.004916 0.010589
1 0.587323 0.037693 0.019666 0.020674
4 0.599803 0.362681 0.007564 0.017144
4 0.617011 0.383859 0.008698 0.016136
3 0.539294 0.416131 0.009076 0.020170
3 0.373648 0.678844 0.011346 0.035297
3 0.379888 0.680609 0.010967 0.026725
5 0.387074 0.679601 0.010211 0.025717
3 0.407496 0.669768 0.010211 0.025212
3 0.416383 0.669264 0.009833 0.021178
3 0.388586 0.671028 0.007942 0.015632
5 0.386695 0.611023 0.011724 0.041853
5 0.380644 0.610771 0.013993 0.034289
4 0.457416 0.239140 0.007186 0.014119
3 0.477271 0.206616 0.009076 0.013615
3 0.282316 0.418400 0.004916 0.013615
3 0.277400 0.416131 0.004160 0.010085
4 0.262272 0.442604 0.004160 0.008572