0 0.501475 0.502212 0.997050 0.995575
4 0.929771 0.930212 0.020800 0.056980
3 0.926556 0.961223 0.035550 0.057484
3 0.962484 0.962459 0.033280 0.075082
3 0.972884 0.956433 0.028364 0.050929
3 0.897625 0.924413 0.029120 0.056476
3 0.889116 0.903235 0.045382 0.060510
3 0.851675 0.885334 0.029499 0.049921
4 0.841275 0.905504 0.013993 0.022691
1 0.975910 0.937776 0.013237 0.016640
1 0.943764 0.955172 0.010967 0.027229
1 0.918425 0.882056 0.025338 0.034289
1 0.835792 0.868694 0.009833 0.016640
1 0.803457 0.865920 0.025338 0.023195
1 0.777173 0.870963 0.023448 0.021178
1 0.832766 0.842221 0.011346 0.010085
5 0.668444 0.295616 0.017775 0.022187
3 0.654829 0.295868 0.018531 0.023700
5 0.642917 0.294103 0.015127 0.031263
5 0.654640 0.373774 0.011346 0.037314
5 0.646131 0.368732 0.009455 0.024204
5 0.640269 0.369992 0.009833 0.021683
1 0.658989 0.253007 0.023826 0.019666
1 0.631949 0.269899 0.015127 0.026221
5 0.666742 0.650858 0.008320 0.015632
5 0.658233 0.635731 0.009455 0.018657
5 0.652749 0.647329 0.006051 0.011598
5 0.648778 0.631445 0.006429 0.012102
5 0.594131 0.575725 0.010589 0.012606
5 0.596400 0.597912 0.006807 0.020674
5 0.589592 0.592114 0.009833 0.023195
5 0.579759 0.591357 0.009833 0.018657
5 0.579192 0.612536 0.006429 0.018657
5 0.564443 0.569675 0.007942 0.010589
5 0.657855 0.610014 0.007186 0.012606
1 0.754860 0.853314 0.012102 0.027229
1 0.575221 0.694728 0.012102 0.016640
1 0.596400 0.678088 0.009833 0.024708
1 0.679601 0.614300 0.012858 0.014119
3 0.537970 0.529839 0.009455 0.018657
3 0.529461 0.529083 0.009833 0.027229
3 0.521330 0.517233 0.009455 0.019666
1 0.515846 0.512947 0.007564 0.010085
1 0.492777 0.487230 0.017397 0.021178
1 0.474435 0.476389 0.021557 0.025717
1 0.500151 0.539167 0.012480 0.020170
1 0.495802 0.650858 0.021935 0.021683
5 0.509039 0.778181 0.007564 0.018153
5 0.516035 0.773895 0.005673 0.008572
5 0.468573 0.976351 0.011346 0.019161
5 0.452878 0.956937 0.010211 0.013615
3 0.446260 0.959458 0.009833 0.018657
3 0.445692 0.939036 0.013993 0.021178
3 0.399932 0.882561 0.009455 0.020170
5 0.361924 0.982654 0.009076 0.010589
5 0.351335 0.982150 0.009076 0.009581
5 0.337153 0.984167 0.010211 0.011598
5 0.330724 0.987923 0.013993 0.024153
5 0.316920 0.990470 0.010589 0.015127
3 0.349255 0.884325 0.008698 0.024708
3 0.339044 0.856592 0.019287 0.012606
3 0.366652 0.803646 0.015506 0.015632
1 0.401445 0.791292 0.018531 0.032272
1 0.372324 0.799612 0.028364 0.052946
1 0.398986 0.856592 0.018909 0.015632
1 0.349633 0.862643 0.028364 0.037819
1 0.365139 0.426720 0.012480 0.011093
1 0.360790 0.445125 0.015127 0.018657
1 0.427540 0.446134 0.020044 0.022691
1 0.420732 0.496559 0.012480 0.016640
1 0.386128 0.465547 0.027229 0.033280
3 0.371568 0.469077 0.017775 0.046391
3 0.403525 0.488995 0.012858 0.049921
3 0.393503 0.495802 0.016262 0.042357
5 0.248657 0.592114 0.010967 0.019161
5 0.223886 0.567658 0.008320 0.028742
5 0.235799 0.552026 0.006429 0.021683
5 0.196657 0.540932 0.003782 0.018657
5 0.190228 0.534629 0.005295 0.014119
5 0.298389 0.505131 0.009076 0.012606
4 0.287043 0.540176 0.006051 0.010085
5 0.337720 0.687164 0.012102 0.025717
5 0.184933 0.554547 0.011346 0.013615
1 0.232963 0.681618 0.037062 0.043870
1 0.264352 0.822303 0.017397 0.017649
1 0.179449 0.814235 0.025338 0.048912
1 0.195144 0.778433 0.020422 0.026725
5 0.296120 0.843481 0.018909 0.016640
5 0.290447 0.871215 0.020422 0.043870
5 0.213675 0.986411 0.024960 0.027178
5 0.233341 0.983637 0.021935 0.032726
5 0.199682 0.986411 0.021935 0.027178
5 0.178126 0.979603 0.025717 0.040794
5 0.136525 0.962736 0.019666 0.039331
5 0.171318 0.917858 0.026473 0.026221
4 0.271727 0.961223 0.023826 0.059501
1 0.207246 0.870963 0.033280 0.023195
1 0.211217 0.923909 0.029120 0.026221
1 0.244119 0.957441 0.017775 0.015632
1 0.118940 0.967274 0.017775 0.044374
1 0.142954 0.916345 0.025717 0.027229
1 0.020044 0.745153 0.040088 0.060006
5 0.082066 0.687669 0.026473 0.023700
5 0.070910 0.684895 0.016262 0.037314
5 0.055215 0.693215 0.027229 0.034793
5 0.052001 0.668255 0.019287 0.036306
1 0.039710 0.632958 0.037062 0.033280
1 0.102678 0.583037 0.029120 0.040340
1 0.054648 0.576986 0.014749 0.017144
1 0.039331 0.597660 0.015127 0.014119
1 0.151274 0.888612 0.016640 0.018153