0 0.405289 0.905324 0.134209 0.189352
1 0.381877 0.973661 0.021845 0.049622
1 0.616707 0.368483 0.032767 0.043150
1 0.637945 0.426465 0.019417 0.030744
1 0.632484 0.470424 0.025485 0.066882
2 0.624595 0.556724 0.026699 0.084142
2 0.589401 0.520047 0.021845 0.066882
2 0.594256 0.432668 0.014563 0.060410
1 0.599110 0.600953 0.014563 0.086300
1 0.597896 0.508181 0.050971 0.081985
0 0.513552 0.499551 0.071602 0.151025
2 0.555421 0.508181 0.026699 0.176915
0 0.715008 0.632237 0.059466 0.114347
0 0.406149 0.331985 0.099515 0.176915
1 0.350324 0.370820 0.026699 0.064725
1 0.323751 0.280951 0.024049 0.067263
1 0.272820 0.300622 0.016419 0.048226
4 0.287455 0.303160 0.017133 0.043150
4 0.293880 0.265721 0.011422 0.031728
2 0.338854 0.131195 0.012850 0.052034
0 0.282458 0.346310 0.137065 0.274129
0 0.365981 0.107716 0.172758 0.205597
0 0.370622 0.201631 0.002142 0.002538
1 0.576677 0.204547 0.014937 0.046469
1 0.607172 0.187398 0.019915 0.040937
1 0.568586 0.169142 0.012447 0.033192
1 0.582589 0.131524 0.011825 0.039831
1 0.568586 0.139269 0.012447 0.030979
0 0.590369 0.080076 0.078417 0.118386
1 0.606239 0.128205 0.014314 0.028767
0 0.511057 0.058571 0.077794 0.117141
0 0.669758 0.479398 0.067837 0.110825
1 0.702431 0.169695 0.013692 0.038724
0 0.629927 0.310209 0.059124 0.075236
0 0.733653 0.324132 0.113476 0.098655
1 0.760207 0.219104 0.010580 0.026554
2 0.734068 0.259487 0.008091 0.027660
2 0.744025 0.259868 0.014314 0.033192
2 0.867368 0.211197 0.020538 0.064172
0 0.889653 0.186845 0.220694 0.342987
1 0.982906 0.098885 0.022405 0.036511
2 0.886441 0.238846 0.021160 0.043150
2 0.837586 0.501803 0.023027 0.090726
0 0.141181 0.526766 0.242718 0.796117
5 0.500000 0.500000 1.000000 1.000000