5 0.500000 0.500000 1.000000 1.000000
2 0.490740 0.427581 0.014314 0.137195
2 0.496652 0.401027 0.019915 0.090726
2 0.509099 0.384431 0.017426 0.077449
2 0.515945 0.320259 0.021160 0.070810
2 0.509411 0.454688 0.013069 0.076342
2 0.517501 0.424262 0.016804 0.048682
2 0.523102 0.373367 0.032985 0.068597
2 0.419480 0.175873 0.013692 0.055320
2 0.406722 0.158170 0.018048 0.050895
2 0.456510 0.407112 0.019293 0.112854
2 0.421970 0.222250 0.024894 0.042044
2 0.440951 0.210079 0.009335 0.044256
2 0.449353 0.206207 0.019915 0.058640
2 0.501398 0.029804 0.019915 0.059608
1 0.475881 0.930352 0.019915 0.055320
2 0.444141 0.897159 0.019915 0.073023
2 0.465301 0.916521 0.018671 0.087406
2 0.521313 0.023649 0.017426 0.045363