2 0.314639 0.011495 0.022485 0.022989
2 0.348366 0.026736 0.012107 0.044393
2 0.360257 0.034231 0.016863 0.039780
2 0.158473 0.188933 0.016863 0.049005
2 0.172742 0.212570 0.022052 0.065148
2 0.187011 0.216894 0.014269 0.054194
2 0.396218 0.342769 0.033727 0.057653
2 0.389948 0.360353 0.020323 0.067454
2 0.405731 0.426366 0.022485 0.068030
2 0.422162 0.413682 0.008648 0.033439
2 0.437296 0.369866 0.023349 0.056500
2 0.442700 0.301548 0.046266 0.049005
2 0.663871 0.821286 0.025079 0.041510
2 0.655006 0.843194 0.021187 0.062265
2 0.630360 0.847230 0.018593 0.054194
2 0.614361 0.845789 0.022052 0.065148
2 0.606362 0.791307 0.034592 0.048428
2 0.600741 0.749509 0.035456 0.031709
2 0.550367 0.786983 0.021187 0.029403
2 0.570257 0.753833 0.012539 0.064571
2 0.518370 0.058445 0.021187 0.037474
2 0.584094 0.025295 0.013404 0.024214
2 0.621496 0.031637 0.009513 0.034592
2 0.776293 0.119845 0.030268 0.072642
2 0.789914 0.120710 0.022917 0.075525
2 0.811966 0.119845 0.027241 0.069183
2 0.778671 0.017224 0.025511 0.029979
2 0.818452 0.056139 0.030700 0.058229
2 0.852395 0.021295 0.015566 0.042590
5 0.504497 0.500000 0.991006 1.000000