0 0.188020 0.101204 0.037618 0.044969
0 0.230611 0.161740 0.031132 0.039204
0 0.277958 0.777278 0.055779 0.065724
0 0.328981 0.874135 0.027241 0.031132
0 0.396506 0.589330 0.050158 0.072642
2 0.398884 0.619310 0.012539 0.020755
0 0.297920 0.431074 0.044969 0.055923
2 0.345484 0.381781 0.015566 0.051887
2 0.408397 0.358143 0.018593 0.035745
2 0.412072 0.398500 0.019025 0.033439
2 0.399749 0.405995 0.015134 0.031132
2 0.801877 0.607779 0.014269 0.028826
2 0.841225 0.587601 0.015134 0.043816
2 0.939378 0.532543 0.016863 0.029403
0 0.944718 0.503716 0.110563 0.067454
0 0.828973 0.558678 0.067021 0.052464
0 0.655511 0.486516 0.040645 0.053040
0 0.565140 0.946681 0.058806 0.063994
0 0.531413 0.142810 0.084749 0.066301
0 0.412289 0.118692 0.041078 0.046122
0 0.464176 0.192872 0.047996 0.068030
2 0.470013 0.428864 0.010377 0.027673
0 0.365878 0.262536 0.073075 0.058229
2 0.319396 0.218143 0.012972 0.014413
0 0.368256 0.373325 0.105504 0.086479
0 0.862395 0.899869 0.174705 0.147499
5 0.502811 0.502108 0.994378 0.995784