5 0.768140 0.363884 0.010638 0.038189
5 0.892321 0.590289 0.016776 0.033824
5 0.772436 0.634752 0.013502 0.016912
3 0.858974 0.772504 0.011457 0.024004
4 0.894572 0.729405 0.019640 0.038189
3 0.616544 0.408620 0.013502 0.045827
4 0.600382 0.430169 0.010638 0.024550
4 0.575218 0.424168 0.015957 0.036552
4 0.550873 0.409165 0.028642 0.026187
4 0.558238 0.432897 0.018822 0.038734
5 0.567035 0.371249 0.010229 0.026732
5 0.508729 0.005728 0.005728 0.011456
1 0.311716 0.120840 0.020049 0.034370
1 0.449400 0.302782 0.019640 0.046918
4 0.402141 0.604474 0.009411 0.016367
4 0.364498 0.960447 0.019231 0.026732
3 0.461266 0.903164 0.006547 0.021277
3 0.455333 0.907256 0.009411 0.016367
3 0.373704 0.904801 0.014730 0.025641
5 0.246863 0.157938 0.008183 0.021277
5 0.208811 0.013639 0.011457 0.026187
5 0.092403 0.298418 0.027414 0.045827
5 0.105906 0.675396 0.014321 0.030551
5 0.096495 0.636661 0.008592 0.017458
5 0.067853 0.893890 0.008592 0.030005
5 0.058852 0.896072 0.008592 0.031097
5 0.049236 0.890344 0.015548 0.033824
0 0.498138 0.500000 0.996276 1.000000