0 0.406880 0.927634 0.108145 0.144731
2 0.903299 0.886661 0.026553 0.087331
2 0.935827 0.949799 0.030536 0.081430
2 0.851520 0.854207 0.039830 0.076710
2 0.865460 0.895512 0.017260 0.062548
2 0.828617 0.892562 0.025890 0.066088
2 0.835256 0.971632 0.016596 0.044846
2 0.889026 0.976375 0.021907 0.047250
2 0.534396 0.473874 0.036245 0.084263
2 0.533932 0.231000 0.024164 0.047914
0 0.563207 0.335089 0.160781 0.381660
2 0.360481 0.540776 0.026719 0.078480
2 0.341313 0.553168 0.025558 0.086741
2 0.355834 0.447839 0.038336 0.082610
2 0.421471 0.505667 0.046468 0.082610
2 0.466778 0.255770 0.034851 0.086741
5 0.500000 0.500000 1.000000 1.000000