5 0.929332 0.126343 0.006985 0.019246
5 0.899997 0.155833 0.013503 0.022351
5 0.912103 0.154281 0.012572 0.008071
5 0.919321 0.139691 0.010244 0.016142
5 0.890684 0.076675 0.008847 0.020488
5 0.861349 0.097473 0.008847 0.022351
5 0.878578 0.114857 0.006985 0.014900
5 0.878112 0.088160 0.008847 0.016142
5 0.790107 0.098404 0.010710 0.019246
5 0.785450 0.115478 0.012572 0.024834
5 0.790340 0.130999 0.010244 0.018625
5 0.757047 0.162041 0.009778 0.031042
5 0.706991 0.096231 0.015832 0.029801
5 0.722357 0.063637 0.007450 0.014280
5 0.690926 0.132861 0.010710 0.021109
5 0.697911 0.154902 0.010710 0.015521
5 0.693487 0.529583 0.015832 0.027317
5 0.679285 0.536102 0.012572 0.019246
5 0.742612 0.551313 0.014435 0.037251
5 0.766825 0.526169 0.020022 0.016763
5 0.776836 0.560626 0.010244 0.022351
5 0.765195 0.597566 0.013038 0.021730
5 0.823167 0.614019 0.012572 0.018625
5 0.810828 0.615571 0.013969 0.018005
5 0.823865 0.582976 0.007450 0.021109
1 0.808034 0.551624 0.031663 0.044080
1 0.811759 0.666170 0.034457 0.038493
5 0.847380 0.813311 0.018160 0.038493
5 0.861349 0.797169 0.017229 0.037251
5 0.662755 0.979388 0.017694 0.018005
1 0.712113 0.987366 0.034457 0.025268
1 0.601524 0.362575 0.045167 0.127895
5 0.447166 0.567145 0.035388 0.163283
5 0.483718 0.558453 0.034923 0.119824
5 0.523297 0.529583 0.029335 0.121686
5 0.520038 0.477432 0.053548 0.126653
5 0.564506 0.491712 0.040976 0.144037
1 0.375924 0.623331 0.064258 0.052151
5 0.153582 0.110511 0.053548 0.135345
5 0.186177 0.082883 0.020022 0.076364
5 0.212020 0.132241 0.015832 0.065810
5 0.231111 0.044701 0.018625 0.073260
5 0.244149 0.118582 0.022351 0.101819
5 0.249503 0.191221 0.030266 0.083194
5 0.138449 0.216986 0.031663 0.044080
5 0.014512 0.116099 0.029024 0.124170
5 0.038803 0.142485 0.039113 0.154591
5 0.084901 0.131930 0.037251 0.117340
5 0.067440 0.168560 0.033991 0.116099
5 0.102828 0.169802 0.041442 0.149624
5 0.070699 0.272242 0.037717 0.109890
5 0.022506 0.257652 0.014900 0.045943
5 0.033215 0.278761 0.024213 0.050910
5 0.020178 0.347675 0.029801 0.047184
5 0.283960 0.782889 0.020022 0.037251
5 0.254625 0.769852 0.009778 0.031042
5 0.262308 0.772025 0.013038 0.020488
5 0.307009 0.510958 0.015832 0.057118
5 0.322841 0.741293 0.019557 0.022351
0 0.495157 0.498789 0.990314 0.997578