1 0.851338 0.223816 0.035388 0.049047
3 0.838999 0.220401 0.007916 0.021109
1 0.865307 0.276898 0.032595 0.024834
5 0.797790 0.278761 0.014900 0.027317
1 0.841327 0.307630 0.018160 0.058981
1 0.813389 0.244614 0.031198 0.028559
2 0.813854 0.482399 0.016297 0.036009
5 0.720727 0.504439 0.022816 0.086298
5 0.751773 0.534915 0.030278 0.068194
2 0.691012 0.472722 0.040507 0.052919
5 0.661552 0.546918 0.033142 0.066012
5 0.714948 0.620295 0.013912 0.058920
5 0.696945 0.563284 0.022095 0.063830
5 0.331560 0.839334 0.023732 0.025641
5 0.343631 0.851337 0.008592 0.030005
5 0.350996 0.853519 0.010229 0.025641
5 0.356110 0.857610 0.010638 0.026187
5 0.384343 0.845336 0.012275 0.049645
1 0.457788 0.628751 0.033961 0.052919
1 0.488475 0.676759 0.029051 0.040917
1 0.314375 0.336061 0.057283 0.069831
5 0.339948 0.382160 0.020867 0.047463
5 0.338721 0.289962 0.011047 0.050736
5 0.350586 0.292144 0.018412 0.046372
1 0.334220 0.156301 0.026596 0.039825
2 0.205947 0.555919 0.014730 0.032733
1 0.175259 0.520458 0.033552 0.044735
5 0.105087 0.599018 0.010229 0.021822
5 0.201650 0.621931 0.019231 0.032733
5 0.155210 0.553737 0.009002 0.021822
1 0.151323 0.566285 0.025777 0.031642
1 0.123909 0.599291 0.024959 0.049645
1 0.148050 0.610747 0.015957 0.027823
1 0.125750 0.567921 0.012275 0.015276
5 0.171167 0.780960 0.016367 0.037643
5 0.184056 0.780687 0.011866 0.044735
0 0.496543 0.497872 0.993085 0.995744