5 0.617287 0.501064 0.046277 0.176596
5 0.890071 0.025914 0.037643 0.051828
5 0.943262 0.023732 0.037643 0.047463
1 0.690194 0.136116 0.067512 0.115112
1 0.613271 0.120840 0.045417 0.061648
1 0.656847 0.055646 0.063830 0.068740
1 0.567853 0.051282 0.061784 0.066558
2 0.492158 0.067921 0.039689 0.085652
2 0.505660 0.390344 0.038871 0.096563
2 0.576855 0.223950 0.025777 0.046372
5 0.110406 0.446809 0.033142 0.080742
2 0.118999 0.289962 0.033961 0.123841
2 0.078287 0.201582 0.052373 0.055101
2 0.073377 0.293235 0.039280 0.038734
1 0.057624 0.249318 0.067512 0.040371
1 0.051282 0.181124 0.023732 0.054555
0 0.499734 0.495745 0.999468 0.991489