3 0.833811 0.151664 0.011866 0.037098
3 0.808033 0.135025 0.012684 0.035461
3 0.803942 0.243317 0.014321 0.045827
3 0.814171 0.234315 0.012684 0.028914
3 0.721904 0.100927 0.015548 0.042553
3 0.732542 0.072013 0.013912 0.044735
3 0.705947 0.211402 0.014730 0.045281
1 0.768753 0.159029 0.057692 0.064921
1 0.821740 0.151118 0.018822 0.025095
1 0.836470 0.118658 0.018822 0.045281
3 0.693467 0.148118 0.016776 0.044190
5 0.726609 0.784233 0.018412 0.033279
5 0.736225 0.819149 0.013912 0.032188
5 0.748295 0.811511 0.010229 0.030005
5 0.788189 0.778232 0.015548 0.034370
5 0.767321 0.763230 0.013912 0.025095
3 0.760979 0.799236 0.018412 0.027278
3 0.795349 0.829242 0.008592 0.029460
3 0.767117 0.847245 0.011047 0.027278
3 0.625546 0.529733 0.012684 0.028369
3 0.547190 0.208674 0.013912 0.042008
3 0.481929 0.162575 0.013502 0.040371
5 0.498295 0.153573 0.015139 0.027823
3 0.547600 0.241680 0.009002 0.030551
3 0.458197 0.512002 0.020049 0.045281
3 0.522231 0.513093 0.021277 0.058374
3 0.532870 0.580196 0.014730 0.045281
3 0.511388 0.545008 0.018412 0.051282
5 0.546372 0.508456 0.014730 0.045827
5 0.554146 0.490726 0.020458 0.044190
5 0.495226 0.541462 0.024550 0.057283
5 0.636388 0.649482 0.018003 0.034370
5 0.686307 0.934534 0.010638 0.022913
5 0.352223 0.918985 0.011866 0.038734
3 0.193262 0.364430 0.018003 0.034915
3 0.178532 0.339334 0.010638 0.022913
3 0.172804 0.354337 0.013912 0.024550
3 0.302510 0.670486 0.019640 0.050191
3 0.325218 0.685215 0.012684 0.038189
3 0.310693 0.694217 0.018003 0.034370
3 0.199809 0.861975 0.019640 0.042553
5 0.054965 0.605019 0.011457 0.044735
5 0.067444 0.624113 0.016776 0.039280
5 0.054351 0.530278 0.019231 0.036007
0 0.425798 0.497872 0.847340 0.995744