1 0.345778 0.413165 0.037175 0.092937
1 0.387019 0.413165 0.042983 0.080545
2 0.337646 0.499906 0.032528 0.061958
2 0.361461 0.508426 0.031366 0.106877
2 0.400959 0.500681 0.045307 0.082094
2 0.436972 0.547924 0.031366 0.080545
4 0.466596 0.417812 0.051115 0.071252
4 0.699519 0.280747 0.012779 0.066605
2 0.680351 0.291589 0.023234 0.088290
2 0.635625 0.295462 0.031366 0.068154
2 0.658278 0.278423 0.034851 0.117720
2 0.584517 0.133344 0.016163 0.040946
2 0.593811 0.146274 0.021820 0.049566
2 0.599468 0.121491 0.028285 0.094822
4 0.616843 0.166747 0.027477 0.030171
1 0.637046 0.107483 0.017779 0.032326
2 0.634218 0.134422 0.026669 0.034481
2 0.628157 0.097247 0.038791 0.093745
1 0.918870 0.435426 0.042338 0.050943
1 0.927131 0.382418 0.048534 0.077103
2 0.967403 0.282597 0.040273 0.092248
1 0.856395 0.211001 0.030979 0.095002
2 0.886858 0.226835 0.040273 0.088118
2 0.917837 0.210313 0.032012 0.066088
2 0.978280 0.122195 0.043439 0.074349
2 0.901315 0.030635 0.032012 0.059204
1 0.916804 0.069875 0.032012 0.074349
1 0.961207 0.057483 0.029946 0.101886
0 0.918009 0.520962 0.133209 0.150764
5 0.500000 0.500000 1.000000 1.000000