3 0.177066 0.841875 0.047614 0.087954
2 0.217240 0.837577 0.046622 0.083325
2 0.257415 0.982404 0.035711 0.030420
2 0.437584 0.526201 0.033727 0.070913
4 0.486012 0.529660 0.023349 0.053617
2 0.498984 0.478637 0.019890 0.054194
2 0.485363 0.418679 0.038483 0.077255
2 0.465473 0.452694 0.015134 0.046122
2 0.652340 0.501698 0.030268 0.072642
2 0.634179 0.510635 0.035456 0.092821
2 0.605425 0.555604 0.038483 0.061688
2 0.588778 0.502275 0.031132 0.069183
2 0.567591 0.573188 0.037186 0.091091
2 0.542944 0.553874 0.038916 0.067454
4 0.523054 0.517841 0.038051 0.063418
2 0.512893 0.548974 0.030700 0.042663
2 0.532350 0.451829 0.044537 0.081290
2 0.871060 0.027025 0.029835 0.049581
2 0.842954 0.033366 0.037618 0.062265
2 0.837117 0.059598 0.039780 0.052464
2 0.789842 0.039168 0.036321 0.078336
2 0.803462 0.091884 0.032430 0.063994
2 0.775140 0.125322 0.030268 0.067454
2 0.749413 0.111486 0.034159 0.062841
2 0.740981 0.100244 0.043240 0.062265
2 0.715037 0.053257 0.035456 0.060535
2 0.710713 0.087560 0.038916 0.055347
2 0.664447 0.046338 0.025944 0.062841
2 0.691472 0.027601 0.019458 0.036898
2 0.756115 0.037690 0.028538 0.047852
0 0.654502 0.144060 0.068318 0.042663
5 0.503092 0.494532 0.964280 0.989064