2 0.834015 0.163121 0.021277 0.008729
2 0.961675 0.216585 0.009002 0.016367
2 0.943876 0.202673 0.015957 0.009274
2 0.939171 0.217130 0.010638 0.010911
1 0.852019 0.159574 0.019640 0.024550
1 0.970472 0.211402 0.016776 0.040917
1 0.928737 0.255865 0.021686 0.029460
1 0.947559 0.279596 0.023322 0.044190
2 0.950627 0.228314 0.006547 0.021277
2 0.952878 0.249318 0.013502 0.021822
2 0.917485 0.282324 0.007365 0.019094
5 0.718017 0.550191 0.020867 0.042008
5 0.745840 0.548282 0.015957 0.043644
5 0.741748 0.382979 0.016776 0.039280
2 0.757297 0.390616 0.016776 0.018549
2 0.783279 0.381888 0.006547 0.027278
2 0.790848 0.377796 0.009411 0.030005
2 0.736839 0.461811 0.012684 0.034370
2 0.747681 0.464812 0.015548 0.034915
2 0.757501 0.472995 0.012275 0.045827
2 0.784302 0.436443 0.013502 0.031642
1 0.738475 0.341244 0.060966 0.047463
1 0.755046 0.437261 0.031915 0.033279
1 0.533688 0.472722 0.024550 0.075832
1 0.479269 0.413257 0.027823 0.070376
1 0.504842 0.432079 0.012684 0.029460
1 0.366953 0.426077 0.046236 0.097109
1 0.428942 0.378342 0.049918 0.071468
1 0.474564 0.517458 0.034779 0.037643
2 0.490316 0.534370 0.013093 0.035461
2 0.453287 0.465357 0.025777 0.076378
2 0.412780 0.475177 0.014321 0.055646
2 0.422190 0.493726 0.019231 0.052373
2 0.439171 0.499182 0.023732 0.073104
1 0.421781 0.456356 0.041326 0.043099
1 0.519981 0.313966 0.036416 0.032188
5 0.510161 0.339062 0.009411 0.020185
1 0.313148 0.100109 0.037643 0.040917
2 0.350177 0.289416 0.015957 0.026732
2 0.330947 0.309875 0.006956 0.041462
2 0.337698 0.307420 0.008183 0.034370
2 0.346495 0.321058 0.009411 0.022368
1 0.296781 0.287234 0.027005 0.042008
1 0.323991 0.263775 0.033961 0.032188
1 0.255251 0.273868 0.036416 0.036007
1 0.333606 0.614021 0.038462 0.057283
2 0.413803 0.594381 0.022913 0.025641
5 0.457788 0.642117 0.011047 0.044735
1 0.462698 0.610747 0.038052 0.048554
1 0.271413 0.723404 0.041735 0.052373
1 0.134343 0.764866 0.047463 0.053464
1 0.121045 0.851064 0.019231 0.041462
1 0.195104 0.860884 0.029869 0.044735
1 0.138639 0.806056 0.032324 0.039825
2 0.163393 0.842335 0.016367 0.050191
2 0.139048 0.864975 0.022504 0.043099
2 0.190194 0.907529 0.024959 0.030005
5 0.225586 0.870431 0.029460 0.034370
2 0.153573 0.856247 0.015548 0.055101
2 0.077264 0.587834 0.035597 0.030005
2 0.095472 0.594926 0.018822 0.037643
2 0.084220 0.673486 0.018412 0.047463
2 0.114703 0.636388 0.013912 0.034370
2 0.136388 0.633388 0.015548 0.064375
5 0.207992 0.536552 0.009820 0.039825
5 0.169326 0.521822 0.017594 0.021277
5 0.191217 0.536279 0.009820 0.030551
5 0.158483 0.578560 0.014730 0.039825
1 0.190603 0.640207 0.033961 0.045281
1 0.118794 0.528642 0.055646 0.033824
1 0.067853 0.504637 0.031506 0.033824
1 0.050668 0.540098 0.013502 0.014184
1 0.072149 0.558101 0.022913 0.040371
1 0.167894 0.558920 0.022913 0.037643
1 0.018344 0.406983 0.021686 0.036007
5 0.037166 0.450355 0.015139 0.030005
5 0.174236 0.435897 0.019231 0.064375
5 0.192239 0.295145 0.015139 0.027278
5 0.121454 0.302510 0.014321 0.022368
5 0.098950 0.294053 0.018412 0.025095
5 0.191217 0.239225 0.011457 0.035461
5 0.203082 0.224223 0.021277 0.009820
1 0.043712 0.243863 0.045417 0.042553
1 0.114498 0.274414 0.033142 0.031642
5 0.083197 0.367158 0.019640 0.031642
1 0.367567 0.297600 0.013093 0.032188
1 0.344244 0.346154 0.022095 0.022368
0 0.498138 0.500000 0.996276 1.000000