5 0.961694 0.227541 0.016763 0.047805
5 0.977991 0.223816 0.019557 0.021730
1 0.894176 0.456634 0.026076 0.040355
1 0.952614 0.483020 0.041442 0.058360
1 0.906283 0.503197 0.027938 0.045322
5 0.914199 0.570249 0.012107 0.030422
5 0.903024 0.564661 0.014900 0.026696
5 0.761703 0.440181 0.021885 0.069535
5 0.799652 0.446079 0.027938 0.072639
5 0.990160 0.734153 0.019680 0.054014
5 0.539362 0.489539 0.025144 0.032905
5 0.475570 0.450115 0.026076 0.050910
5 0.491168 0.474018 0.012572 0.049047
5 0.545415 0.437387 0.012107 0.047805
5 0.565670 0.423108 0.017229 0.045322
2 0.582200 0.412554 0.015832 0.042839
5 0.558453 0.313218 0.005588 0.022971
5 0.547045 0.320978 0.009778 0.018625
5 0.560083 0.330291 0.011641 0.016142
5 0.558918 0.389893 0.011175 0.028559
5 0.284892 0.514062 0.013503 0.053393
5 0.317952 0.517787 0.020954 0.047184
5 0.264171 0.242441 0.013969 0.036630
5 0.274415 0.248960 0.013038 0.033526
5 0.267896 0.272552 0.011175 0.026076
5 0.273949 0.286521 0.006519 0.044080
5 0.282796 0.283107 0.009313 0.032284
5 0.287685 0.280934 0.016297 0.030422
5 0.312131 0.206122 0.009313 0.040976
5 0.310967 0.163904 0.010710 0.027317
5 0.269991 0.181908 0.013503 0.034767
5 0.262774 0.184702 0.007450 0.026696
5 0.395946 0.071087 0.012107 0.019246
1 0.437387 0.107407 0.034457 0.069535
1 0.201543 0.269758 0.012572 0.039113
0 0.496973 0.500000 0.993946 1.000000