1 0.054194 0.718088 0.008648 0.035745
2 0.183480 0.347958 0.005189 0.024214
2 0.191695 0.350552 0.011242 0.014413
2 0.199911 0.349111 0.008648 0.008071
2 0.313631 0.539557 0.014701 0.036898
2 0.305847 0.553394 0.015566 0.025367
2 0.336980 0.595768 0.019890 0.034015
2 0.484859 0.843483 0.019890 0.045546
2 0.516856 0.822728 0.019890 0.029403
2 0.510586 0.775453 0.022052 0.044393
2 0.535449 0.780641 0.022485 0.030556
2 0.542800 0.745761 0.023349 0.038051
2 0.519883 0.712035 0.020755 0.034015
2 0.906732 0.682151 0.032862 0.065724
5 0.501967 0.499016 0.996065 0.998032