1 0.029231 0.632659 0.014298 0.032832
0 0.273727 0.627045 0.035268 0.048931
2 0.421472 0.564194 0.028596 0.099768
2 0.447924 0.557522 0.028119 0.122009
2 0.457217 0.393512 0.040988 0.107394
2 0.480809 0.438312 0.031932 0.120738
2 0.503527 0.433228 0.029390 0.130906
2 0.518381 0.444985 0.025736 0.089601
2 0.540543 0.436088 0.023353 0.089601
2 0.544832 0.599462 0.000477 0.006355
2 0.546024 0.610265 0.000000 0.001271
2 0.553649 0.640132 0.015251 0.044483
2 0.574620 0.625516 0.024783 0.027960
1 0.578671 0.531593 0.019541 0.039399
2 0.615130 0.623418 0.016204 0.071808
2 0.746672 0.575573 0.011438 0.034315
0 0.723318 0.563499 0.057192 0.096591
0 0.852715 0.651570 0.059575 0.105487
1 0.609621 0.554892 0.015932 0.043371
5 0.500000 0.500000 1.000000 1.000000