1 0.869203 0.148118 0.029460 0.046372
1 0.880865 0.093017 0.022504 0.033279
1 0.889253 0.042008 0.024550 0.049100
1 0.564171 0.102291 0.039689 0.046372
1 0.628410 0.157938 0.022504 0.025641
5 0.567035 0.366612 0.030687 0.117840
5 0.602837 0.361702 0.035188 0.099291
1 0.576650 0.480906 0.023732 0.042008
5 0.438148 0.353519 0.037234 0.085106
5 0.458197 0.359793 0.012684 0.062739
5 0.479269 0.389525 0.040917 0.127660
1 0.107747 0.398800 0.125205 0.141844
5 0.007638 0.277960 0.015276 0.051828
0 0.498138 0.498936 0.996276 0.997872