0 0.500000 0.467306 1.000000 0.934612
1 0.597912 0.360411 0.013615 0.048912
1 0.638189 0.385624 0.026095 0.028742
1 0.677332 0.368479 0.012102 0.013615
5 0.606233 0.419409 0.029499 0.060006
5 0.618145 0.440587 0.017775 0.041853
5 0.631571 0.435292 0.017397 0.076646
5 0.645753 0.417644 0.018531 0.058493
5 0.663150 0.398482 0.022313 0.071603
5 0.684328 0.421678 0.007942 0.024204
5 0.695674 0.424451 0.006429 0.024708
5 0.701725 0.431006 0.007942 0.027734
5 0.712503 0.414366 0.007564 0.027734
5 0.697754 0.403525 0.013615 0.017144
5 0.688488 0.447899 0.006429 0.025212
5 0.696241 0.450168 0.007564 0.017649
5 0.635542 0.546479 0.007942 0.034793
5 0.642538 0.547235 0.006807 0.034289
5 0.652560 0.548748 0.012480 0.025212
5 0.886847 0.206616 0.020422 0.041853
5 0.860563 0.235106 0.023069 0.053450
5 0.806482 0.304440 0.010967 0.046895
5 0.779631 0.312508 0.018531 0.048912
4 0.878716 0.234854 0.021557 0.062023
4 0.848461 0.242669 0.026095 0.059501
4 0.793435 0.296120 0.020422 0.046391
1 0.838250 0.168797 0.011724 0.016640
3 0.663528 0.859617 0.010967 0.017649
3 0.670713 0.858357 0.007186 0.019161
1 0.597723 0.293599 0.009455 0.019161
1 0.612851 0.293851 0.010211 0.016640
5 0.737085 0.257041 0.025717 0.047904
5 0.386506 0.897940 0.020422 0.048912
5 0.405605 0.905504 0.018531 0.034793
5 0.426594 0.911555 0.015127 0.033785
4 0.432267 0.839195 0.018153 0.035297
1 0.429998 0.815748 0.024204 0.043870
1 0.419030 0.872476 0.039331 0.060510
1 0.384048 0.864660 0.017018 0.021683
1 0.352091 0.871215 0.035550 0.035802
1 0.384426 0.761037 0.033659 0.049416
5 0.373459 0.010400 0.006429 0.020800
5 0.365895 0.013237 0.006429 0.020170
5 0.358899 0.006870 0.010589 0.013740
4 0.349633 0.006366 0.008698 0.012732
4 0.319378 0.037945 0.010967 0.027229
5 0.287800 0.027103 0.005295 0.021683
1 0.299523 0.016514 0.014371 0.019666
5 0.310302 0.249477 0.012480 0.024708
5 0.268890 0.222247 0.018909 0.033785
5 0.266810 0.381338 0.009455 0.028238
5 0.256410 0.372766 0.008320 0.020170
5 0.249981 0.378060 0.006807 0.023700
5 0.246199 0.502609 0.015127 0.034793
4 0.233341 0.499080 0.016640 0.039836
5 0.222752 0.470842 0.015884 0.027734
1 0.248468 0.465295 0.012858 0.017649
1 0.196846 0.583793 0.010211 0.018657
1 0.180773 0.577742 0.010589 0.016640
1 0.144278 0.612536 0.018531 0.016640
4 0.127260 0.610519 0.016262 0.037819
1 0.201195 0.476389 0.015884 0.015632
1 0.188526 0.498323 0.012480 0.020170
3 0.187769 0.511686 0.004916 0.015632
5 0.317866 0.657666 0.016262 0.035297
5 0.202897 0.307970 0.011724 0.025717
5 0.184744 0.300154 0.010967 0.023195
5 0.007942 0.756246 0.015127 0.034793
5 0.005673 0.127701 0.010589 0.024204
5 0.010967 0.115851 0.017397 0.032776