1 0.188337 0.065930 0.011346 0.018657
1 0.209704 0.063409 0.020044 0.021683
1 0.188526 0.094673 0.017775 0.016640
1 0.206490 0.089882 0.005295 0.005042
1 0.240526 0.085344 0.009833 0.016136
3 0.137849 0.194010 0.009455 0.020674
4 0.030633 0.069460 0.009076 0.022691
4 0.018720 0.060888 0.008698 0.018657
1 0.031389 0.050803 0.008320 0.006555
4 0.037062 0.072990 0.005295 0.010589
1 0.112889 0.206868 0.025338 0.025212
1 0.130663 0.262839 0.013237 0.024204
1 0.144278 0.271160 0.008698 0.013615
1 0.150707 0.298641 0.010211 0.008068
1 0.131987 0.286035 0.009833 0.011093
1 0.132932 0.298641 0.013993 0.010085
1 0.108161 0.290321 0.012102 0.027734
1 0.088117 0.273933 0.009076 0.016136
1 0.093412 0.304440 0.006051 0.010589
1 0.083579 0.383355 0.022691 0.034289
1 0.133878 0.367219 0.007564 0.008068
1 0.131609 0.337720 0.004538 0.006555
1 0.126881 0.327383 0.007186 0.009076
1 0.137660 0.310995 0.009833 0.008572
1 0.036306 0.307465 0.015884 0.012606
1 0.042924 0.329400 0.008698 0.010085
1 0.056917 0.314525 0.009455 0.008572
1 0.033280 0.287295 0.020422 0.018657
1 0.030444 0.232837 0.036684 0.037819
1 0.064670 0.365454 0.018153 0.024708
4 0.078852 0.313012 0.032146 0.072108
4 0.028931 0.318559 0.020800 0.016640
4 0.120452 0.294607 0.011724 0.018153
4 0.065048 0.805158 0.018909 0.025717
1 0.121776 0.319567 0.014371 0.011598
1 0.076772 0.688677 0.043113 0.027734
1 0.035360 0.688677 0.013993 0.028742
1 0.048786 0.759776 0.028742 0.011598
1 0.041033 0.793309 0.013993 0.027229
1 0.068830 0.788770 0.010589 0.016136
1 0.038197 0.831631 0.007564 0.010085
1 0.061455 0.824572 0.009455 0.013110
1 0.044437 0.851801 0.007186 0.011093
1 0.013237 0.832136 0.007564 0.011093
1 0.136147 0.818773 0.015127 0.016640
1 0.179449 0.786501 0.008698 0.010589
1 0.193442 0.833901 0.026095 0.020674
1 0.161675 0.836674 0.017775 0.025212
1 0.148060 0.845498 0.009455 0.007564
1 0.133311 0.863651 0.028364 0.024708
1 0.167347 0.862391 0.038197 0.037314
1 0.186446 0.911303 0.029499 0.031263
1 0.276643 0.905756 0.005673 0.008068
1 0.230126 0.944331 0.033659 0.026725
1 0.171129 0.981393 0.010211 0.013110
4 0.248090 0.989209 0.005295 0.010589
4 0.195333 0.488238 0.004916 0.020170
4 0.201195 0.491768 0.004538 0.016136
1 0.397663 0.022817 0.019287 0.035297
1 0.380644 0.124928 0.022313 0.035802
1 0.312004 0.135769 0.040844 0.028238
1 0.285531 0.143837 0.009833 0.014119
1 0.287232 0.077276 0.047273 0.042357
1 0.313138 0.046517 0.046139 0.025212
1 0.303873 0.004412 0.005673 0.007564
1 0.340746 0.090387 0.010589 0.011093
1 0.444747 0.173840 0.005295 0.011598
4 0.239203 0.035423 0.007942 0.010085
4 0.456471 0.299902 0.023448 0.053955
4 0.412223 0.319315 0.011346 0.028238
4 0.383859 0.338477 0.012858 0.023195
4 0.485213 0.259562 0.016640 0.028742
1 0.458740 0.174092 0.003782 0.006051
1 0.459118 0.260570 0.011346 0.014623
1 0.473111 0.245191 0.004538 0.007059
1 0.436616 0.172327 0.009455 0.008572
1 0.516791 0.349066 0.009455 0.013110
1 0.348120 0.426216 0.010967 0.013110
1 0.462900 0.488995 0.011346 0.015632
1 0.478973 0.482187 0.014749 0.021178
1 0.503177 0.495298 0.010211 0.017144
1 0.458551 0.506896 0.007186 0.015127
1 0.426972 0.535133 0.012102 0.014119
1 0.535133 0.570935 0.006807 0.011093
1 0.502231 0.584298 0.011346 0.013615
1 0.455903 0.561102 0.010967 0.012606
1 0.454391 0.580516 0.009455 0.012102
1 0.438318 0.605224 0.010589 0.011093
1 0.483511 0.611275 0.009455 0.010085
1 0.545912 0.531352 0.007942 0.012606
1 0.552719 0.575221 0.010211 0.010589
1 0.567847 0.594635 0.017018 0.025212
1 0.590538 0.547488 0.008698 0.018657
1 0.561417 0.326375 0.007186 0.012102
1 0.583352 0.335703 0.009455 0.007564
5 0.523977 0.616570 0.042735 0.102362
5 0.555745 0.609510 0.030633 0.075133
5 0.499584 0.613544 0.029499 0.077150
4 0.455903 0.638757 0.037440 0.093286
0 0.500000 0.501229 1.000000 0.997542