4 0.820853 0.387641 0.012480 0.023700
4 0.496748 0.211658 0.004916 0.008572
5 0.489751 0.212919 0.003782 0.007059
5 0.482566 0.225777 0.002269 0.007564
4 0.484646 0.230820 0.004916 0.015632
4 0.490129 0.227794 0.006807 0.018657
4 0.496180 0.224517 0.003025 0.011093
4 0.489184 0.243426 0.003404 0.007564
4 0.474056 0.261075 0.003404 0.009581
4 0.479540 0.263092 0.006051 0.009581
4 0.480864 0.382598 0.017018 0.040844
4 0.496559 0.426972 0.012858 0.048912
4 0.484267 0.427476 0.015506 0.049921
4 0.480864 0.417644 0.006429 0.017144
4 0.467627 0.433780 0.014749 0.050425
1 0.443045 0.396465 0.003404 0.005042
4 0.447016 0.411088 0.016640 0.045382
4 0.405416 0.518998 0.017397 0.047399
4 0.405037 0.549757 0.012102 0.010085
4 0.417707 0.516728 0.011724 0.015632
4 0.419598 0.530091 0.014749 0.027229
5 0.417896 0.549000 0.009833 0.011598
5 0.441343 0.535133 0.013615 0.047399
5 0.432645 0.536646 0.016640 0.052442
5 0.448151 0.593374 0.015884 0.038827
0 0.501475 0.528761 0.997050 0.942478