2 0.522322 0.804800 0.026626 0.065481
0 0.523875 0.764959 0.052809 0.041024
0 0.495695 0.716046 0.036389 0.034713
2 0.496361 0.685277 0.028845 0.048914
2 0.561078 0.721568 0.026626 0.067848
2 0.586595 0.703028 0.024408 0.059170
2 0.536449 0.650170 0.028845 0.049703
2 0.565516 0.616640 0.024851 0.066270
2 0.617733 0.649381 0.031064 0.049703
0 0.457679 0.600336 0.044377 0.088360
2 0.555975 0.507636 0.032395 0.062326
2 0.569954 0.392978 0.031064 0.040235
2 0.603754 0.087004 0.009319 0.028402
2 0.613295 0.095288 0.011538 0.033924
2 0.622837 0.100811 0.011094 0.035502
2 0.631490 0.118562 0.008875 0.044180
2 0.642806 0.105544 0.008432 0.038658
2 0.643916 0.083849 0.010651 0.026824
2 0.651238 0.064914 0.006657 0.026824
2 0.651904 0.111067 0.009763 0.032346
2 0.665217 0.084638 0.010651 0.029979
2 0.761072 0.632156 0.000000 0.000526
0 0.706932 0.081745 0.037277 0.094672
0 0.690216 0.197192 0.034614 0.093094
0 0.640366 0.568384 0.059466 0.106506
0 0.569806 0.464771 0.087867 0.202755
0 0.512485 0.589291 0.044821 0.118340
0 0.615286 0.270448 0.054692 0.075354
2 0.841152 0.417493 0.006054 0.020755
0 0.883527 0.330630 0.023349 0.054578
5 0.506183 0.497002 0.987634 0.950347