3 0.881552 0.063409 0.021178 0.038827
1 0.921073 0.031894 0.012480 0.020170
1 0.895545 0.056098 0.019666 0.027229
1 0.867559 0.063913 0.021935 0.041853
1 0.819908 0.108792 0.022691 0.036810
1 0.845435 0.130978 0.016262 0.026725
1 0.886090 0.210398 0.021935 0.021178
1 0.882687 0.235106 0.015884 0.023195
1 0.878527 0.388649 0.017397 0.027734
5 0.902920 0.437309 0.038953 0.140181
5 0.781711 0.735572 0.042357 0.116481
1 0.827471 0.716411 0.040844 0.020674
5 0.348310 0.559590 0.052190 0.141694
5 0.350579 0.114086 0.018153 0.044374
1 0.333182 0.094168 0.021935 0.032776
1 0.374593 0.118372 0.013993 0.019666
1 0.393881 0.129214 0.011724 0.014119
1 0.297254 0.091647 0.015884 0.017649
3 0.380077 0.918866 0.023448 0.069586
3 0.356819 0.912563 0.010967 0.027734
3 0.255465 0.848776 0.020800 0.051433
3 0.210839 0.857600 0.025338 0.070091
4 0.166402 0.251746 0.039331 0.069586
5 0.169049 0.057358 0.022691 0.044878
5 0.108918 0.964501 0.014371 0.021683
0 0.500000 0.502212 1.000000 0.995575