0 0.500000 0.500000 1.000000 1.000000
5 0.541374 0.489499 0.029120 0.080175
5 0.560094 0.478910 0.021935 0.078158
5 0.853755 0.465043 0.028364 0.055467
5 0.833901 0.471094 0.021178 0.051433
5 0.813289 0.477145 0.026095 0.060510
5 0.807049 0.238131 0.010589 0.017144
5 0.828795 0.286791 0.011724 0.012606
4 0.818017 0.207372 0.024204 0.020170
1 0.789842 0.219474 0.016262 0.016136
1 0.814991 0.220735 0.028742 0.046895
1 0.798162 0.245191 0.037440 0.028238
1 0.822933 0.267126 0.024960 0.020674
1 0.850163 0.296372 0.015127 0.017649
1 0.873043 0.604468 0.032902 0.056980
5 0.859050 0.586315 0.010967 0.007564
5 0.821799 0.616317 0.008320 0.010085
5 0.830497 0.631697 0.004538 0.013615
4 0.869261 0.679601 0.016262 0.013615
4 0.897814 0.657162 0.016640 0.015127
4 0.884010 0.693720 0.014749 0.020674
4 0.848083 0.640269 0.016262 0.020674
1 0.839762 0.612788 0.023069 0.070595
1 0.887225 0.672793 0.034793 0.032272
1 0.777929 0.686408 0.023448 0.019161
1 0.841464 0.727756 0.017397 0.015127
4 0.854512 0.763810 0.009455 0.013615
1 0.865857 0.734312 0.021557 0.045382
1 0.733492 0.286287 0.011724 0.021683
1 0.740300 0.229811 0.010211 0.012606
4 0.017775 0.268134 0.009833 0.013615
4 0.028364 0.255780 0.005295 0.009076
1 0.023258 0.250990 0.018531 0.020674
1 0.007942 0.251494 0.013615 0.017649