1 0.601405 0.720404 0.038871 0.028914
1 0.612452 0.760229 0.021686 0.043099
5 0.548827 0.717130 0.010638 0.024550
5 0.557215 0.706765 0.020867 0.039825
5 0.591994 0.753955 0.011047 0.022913
5 0.417485 0.859793 0.031915 0.093835
5 0.421781 0.840698 0.031506 0.027278
5 0.450218 0.861429 0.027823 0.050191
5 0.448377 0.879705 0.028232 0.074741
5 0.455537 0.804419 0.025368 0.040917
5 0.465357 0.890616 0.019640 0.072559
5 0.465767 0.862793 0.018822 0.042008
5 0.483156 0.900164 0.021686 0.076378
5 0.497068 0.863884 0.015957 0.076923
5 0.490112 0.820513 0.020049 0.044735
5 0.382092 0.848609 0.027414 0.068194
1 0.383729 0.427987 0.026596 0.042008
1 0.303328 0.409984 0.024550 0.038734
1 0.352632 0.382433 0.038052 0.019640
1 0.338312 0.342335 0.061784 0.035461
5 0.115521 0.425532 0.031097 0.074195
3 0.092199 0.574741 0.026187 0.070376
5 0.117771 0.571468 0.029051 0.076923
0 0.497340 0.497872 0.994680 0.995744