5 0.964948 0.180033 0.007365 0.018549
5 0.971495 0.178942 0.006547 0.018549
4 0.830333 0.233497 0.009002 0.025095
5 0.786143 0.258320 0.009820 0.015821
3 0.792894 0.258320 0.004501 0.013639
5 0.857951 0.499727 0.018412 0.034915
4 0.844040 0.620840 0.003682 0.010911
3 0.841994 0.622204 0.003682 0.011457
3 0.838925 0.621386 0.005728 0.010911
4 0.620636 0.734315 0.015957 0.026187
5 0.369408 0.825150 0.010229 0.031097
5 0.382706 0.749045 0.009002 0.034915
4 0.253819 0.737861 0.013912 0.027823
1 0.296577 0.783961 0.018412 0.018549
1 0.320308 0.764048 0.018412 0.021277
3 0.292690 0.719858 0.009002 0.032188
3 0.378205 0.612657 0.013093 0.036007
5 0.370226 0.283415 0.011047 0.039825
5 0.261184 0.063830 0.013093 0.029460
5 0.241748 0.061102 0.007774 0.027278
5 0.247886 0.070376 0.005319 0.033824
0 0.499734 0.427660 0.999468 0.851064