2 0.448439 0.609178 0.025081 0.067961
2 0.480397 0.614033 0.035599 0.064725
2 0.607015 0.368078 0.018608 0.086300
2 0.625624 0.379405 0.018608 0.085221
2 0.643828 0.384259 0.019417 0.088457
2 0.408795 0.365381 0.025081 0.074434
2 0.425381 0.371314 0.024272 0.066882
2 0.499410 0.325467 0.031553 0.059331
2 0.529750 0.316298 0.017799 0.077670
2 0.690539 0.302524 0.046268 0.078883
2 0.664371 0.302018 0.024272 0.087985
2 0.650718 0.981476 0.015170 0.037048
2 0.137217 0.802656 0.054612 0.098099
2 0.090948 0.712648 0.031857 0.118325
2 0.012242 0.831133 0.024484 0.076648
2 0.096981 0.931627 0.028743 0.037472
2 0.049076 0.287785 0.023633 0.061318
2 0.030233 0.294172 0.021717 0.058763
2 0.015862 0.267345 0.031298 0.078351
0 0.164687 0.457262 0.106668 0.075796
0 0.280107 0.131677 0.078700 0.088261
2 0.827842 0.965480 0.012447 0.039831
2 0.849625 0.984815 0.009958 0.030370
2 0.839978 0.975438 0.011825 0.044810
0 0.778365 0.963654 0.091486 0.072691
5 0.500000 0.501618 1.000000 0.987055