2 0.469757 0.534215 0.029740 0.165221
2 0.456126 0.585984 0.034696 0.114553
1 0.385494 0.533113 0.027261 0.092524
1 0.406560 0.593694 0.009913 0.090321
2 0.428245 0.571665 0.023544 0.090321
1 0.406560 0.454908 0.024783 0.077103
1 0.430104 0.483547 0.032218 0.125568
1 0.456746 0.464822 0.023544 0.136583
1 0.723164 0.851439 0.023544 0.068291
4 0.740513 0.830511 0.026022 0.079306
2 0.210302 0.131764 0.031276 0.072697
2 0.237092 0.117445 0.027261 0.074900
1 0.347997 0.229441 0.038060 0.118015
2 0.538738 0.312051 0.019472 0.056647
2 0.555556 0.212132 0.015932 0.077103
2 0.586092 0.209772 0.022128 0.059794
2 0.588305 0.262485 0.019472 0.064515
4 0.559981 0.310478 0.023013 0.091265
4 0.574143 0.289235 0.019472 0.127456
2 0.735676 0.618890 0.038060 0.103853
2 0.379861 0.034864 0.032749 0.069727
5 0.500000 0.500516 1.000000 0.998967