5 0.755456 0.749591 0.020458 0.065466
5 0.533893 0.058920 0.013502 0.042553
5 0.602019 0.439716 0.010638 0.041462
5 0.570922 0.548827 0.011457 0.037098
4 0.542076 0.524004 0.015957 0.048554
5 0.524482 0.538734 0.021686 0.045281
5 0.487043 0.600655 0.015548 0.056738
5 0.502387 0.602564 0.019231 0.062739
3 0.545554 0.014184 0.009002 0.028368
4 0.311511 0.533824 0.023732 0.045281
3 0.286757 0.511457 0.012684 0.049645
3 0.266503 0.532460 0.018822 0.055646
5 0.243385 0.528642 0.014321 0.053464
5 0.165848 0.483088 0.012275 0.036552
5 0.189785 0.121386 0.009411 0.043099
5 0.199809 0.122477 0.009820 0.043099
0 0.499202 0.500000 0.990957 0.987234