2 0.435060 0.439488 0.047088 0.231309
2 0.493920 0.534215 0.030979 0.143192
2 0.519323 0.544128 0.052045 0.281977
2 0.518084 0.596998 0.024783 0.105741
2 0.562074 0.491257 0.055762 0.171830
4 0.620519 0.513709 0.024783 0.084971
2 0.639106 0.505055 0.023013 0.080250
4 0.655039 0.479092 0.017702 0.078677
2 0.664775 0.488533 0.019472 0.084971
2 0.674954 0.497974 0.020358 0.084971
2 0.690443 0.507415 0.033634 0.072383
4 0.597949 0.270123 0.018587 0.062941
2 0.627157 0.244160 0.015047 0.061368
2 0.670307 0.188398 0.017211 0.066088
1 0.642426 0.195129 0.016522 0.033044
4 0.656882 0.163921 0.012392 0.066088
2 0.657227 0.220218 0.019964 0.053850
5 0.499380 0.500000 0.998760 1.000000
0 0.651177 0.149732 0.096654 0.185048