0 0.311012 0.386897 0.042159 0.048519
0 0.433715 0.371513 0.073666 0.061537
0 0.422843 0.441629 0.057247 0.051478
0 0.399544 0.524565 0.079879 0.040235
2 0.388450 0.555925 0.020414 0.041419
2 0.438153 0.572197 0.020414 0.024260
2 0.454129 0.558588 0.011538 0.015976
2 0.457013 0.420131 0.024408 0.039644
2 0.758410 0.907690 0.039052 0.047928
2 0.741990 0.683535 0.018639 0.040235
2 0.780154 0.684423 0.039940 0.033727
2 0.791249 0.651879 0.012426 0.018343
2 0.808334 0.631466 0.013757 0.033135
0 0.625721 0.612433 0.059466 0.038460
0 0.709520 0.613320 0.032395 0.044969
0 0.709299 0.585214 0.000000 0.000592
2 0.743469 0.599119 0.022189 0.016568
5 0.498876 0.504497 0.969646 0.982574