0 0.500000 0.327679 1.000000 0.655358
4 0.502799 0.570179 0.013993 0.039836
4 0.487860 0.584046 0.008320 0.031263
4 0.519439 0.587575 0.012480 0.027229
4 0.527759 0.613544 0.007942 0.027734
4 0.535323 0.577490 0.014749 0.036306
3 0.523599 0.527822 0.016262 0.034793
3 0.525112 0.574969 0.008698 0.048408
3 0.517359 0.614805 0.015127 0.026221
3 0.506202 0.581272 0.017018 0.047904
3 0.495046 0.572196 0.006051 0.040844
3 0.489562 0.545723 0.008698 0.035297
3 0.482755 0.549757 0.010211 0.026221
3 0.459874 0.484204 0.008320 0.036306
3 0.465547 0.486474 0.009833 0.037819
3 0.475380 0.489247 0.009833 0.016136
1 0.501475 0.493281 0.011346 0.018153
1 0.477271 0.567153 0.009076 0.026725
1 0.530784 0.550765 0.007186 0.014119
1 0.502609 0.555303 0.011346 0.024204
1 0.520762 0.501349 0.007564 0.009076
1 0.507337 0.518493 0.005673 0.009076
1 0.475569 0.453193 0.009455 0.010589
5 0.819340 0.632706 0.008698 0.015632
5 0.824635 0.626150 0.007186 0.012606
5 0.828228 0.637748 0.006051 0.012606
5 0.832766 0.637748 0.006807 0.012606
4 0.797784 0.401760 0.013237 0.015632