1 0.804969 0.165772 0.016262 0.035802
1 0.786249 0.156443 0.005295 0.011093
1 0.833144 0.247460 0.017397 0.022691
1 0.741434 0.269395 0.017018 0.039331
5 0.815559 0.366210 0.010967 0.026221
5 0.670146 0.337720 0.015884 0.049921
5 0.949437 0.445377 0.013993 0.028238
3 0.894032 0.466051 0.012102 0.025212
5 0.840897 0.362176 0.013993 0.024204
1 0.934687 0.368479 0.011724 0.010589
1 0.950004 0.375287 0.024960 0.025212
1 0.969859 0.401003 0.011724 0.011093
1 0.701535 0.228551 0.021178 0.018153
1 0.665986 0.235106 0.012858 0.014119
1 0.721390 0.339737 0.009455 0.011598
4 0.733681 0.312508 0.020422 0.052946
4 0.711179 0.368227 0.013993 0.050425
4 0.650102 0.304944 0.004538 0.011598
4 0.656342 0.304440 0.007942 0.014623
4 0.667499 0.302171 0.007564 0.014119
3 0.724983 0.370749 0.018909 0.055467
4 0.515468 0.410836 0.017397 0.045887
5 0.500719 0.394196 0.017397 0.053955
1 0.520006 0.336712 0.010589 0.017649
1 0.413358 0.094168 0.021178 0.019666
1 0.421110 0.113078 0.020044 0.022187
1 0.397285 0.123667 0.009455 0.009076
1 0.394448 0.152913 0.011346 0.011093
1 0.447962 0.136021 0.016262 0.017649
1 0.094736 0.486726 0.023069 0.027229
1 0.077528 0.510173 0.009833 0.013615
1 0.062590 0.540176 0.020044 0.020170
0 0.500000 0.500000 1.000000 1.000000