2 0.555685 0.582111 0.016053 0.063084
2 0.575117 0.587743 0.026191 0.087868
2 0.586945 0.593939 0.017742 0.091247
2 0.627922 0.565776 0.027036 0.088994
2 0.601731 0.556201 0.015208 0.083361
2 0.600041 0.601261 0.021967 0.051819
2 0.570470 0.666035 0.030416 0.048440
2 0.643975 0.644068 0.025346 0.069843
2 0.638905 0.684059 0.018587 0.052946
2 0.618628 0.703210 0.025346 0.086741
2 0.605110 0.717291 0.028726 0.054072
2 0.597084 0.700394 0.051538 0.074349
4 0.620391 0.206460 0.029380 0.059959
1 0.961488 0.291854 0.057719 0.073045
1 0.917955 0.306202 0.046958 0.088698
1 0.869530 0.363595 0.032283 0.049566
1 0.902791 0.377943 0.026414 0.049566
1 0.925292 0.360986 0.016631 0.028696
1 0.799583 0.388378 0.029348 0.067828
1 0.951216 0.360986 0.039131 0.054784
0 0.886584 0.319898 0.226831 0.345660
1 0.220636 0.286813 0.029430 0.061958
1 0.224121 0.201621 0.016264 0.071252
2 0.205534 0.201621 0.025558 0.069186
2 0.409995 0.466588 0.042596 0.104296
0 0.167197 0.699963 0.136307 0.137340
5 0.500000 0.500000 1.000000 1.000000