5 0.608974 0.981178 0.009820 0.033279
5 0.614294 0.986907 0.007365 0.024004
5 0.600177 0.977360 0.010229 0.026732
5 0.593835 0.991817 0.012275 0.016366
5 0.581151 0.993181 0.013093 0.013638
5 0.573172 0.992908 0.005319 0.014184
5 0.565807 0.995090 0.008592 0.009820
5 0.578492 0.647572 0.010229 0.039280
5 0.569694 0.635843 0.009820 0.036552
5 0.561716 0.643208 0.011866 0.046918
5 0.577878 0.252864 0.013912 0.031097
1 0.688557 0.024550 0.042144 0.049100
1 0.411348 0.029733 0.054828 0.040917
1 0.454514 0.015003 0.037234 0.030005
1 0.376978 0.341517 0.016367 0.024004
1 0.389662 0.321058 0.022913 0.023459
1 0.416667 0.317239 0.004910 0.024550
1 0.370636 0.409165 0.029051 0.037098
1 0.414212 0.443535 0.025368 0.028369
1 0.452264 0.435897 0.041735 0.072013
1 0.483565 0.447627 0.026596 0.022368
1 0.459424 0.503001 0.030687 0.038189
5 0.506478 0.576650 0.011866 0.043644
5 0.505251 0.545554 0.011047 0.017458
5 0.484179 0.583470 0.011457 0.049645
5 0.497886 0.584015 0.009411 0.055101
3 0.519572 0.588925 0.011047 0.044190
5 0.298009 0.934806 0.020458 0.043099
5 0.280619 0.914075 0.015139 0.045281
1 0.330742 0.355428 0.036007 0.032188
1 0.282665 0.375887 0.033142 0.042553
1 0.333197 0.294599 0.063830 0.057829
1 0.090357 0.657392 0.026596 0.062193
1 0.080333 0.908347 0.022095 0.056738
0 0.428989 0.500000 0.850532 1.000000