1 0.771311 0.015254 0.020800 0.018153
1 0.659746 0.328392 0.007186 0.008068
3 0.668255 0.332678 0.006051 0.015632
5 0.666742 0.894663 0.007564 0.019161
5 0.674306 0.889620 0.007564 0.017144
5 0.671281 0.916849 0.006807 0.024204
5 0.541941 0.553034 0.008320 0.028742
5 0.565577 0.532360 0.004916 0.011598
1 0.566523 0.524040 0.006051 0.008068
1 0.556690 0.536142 0.006807 0.008068
1 0.540239 0.541184 0.007186 0.012102
5 0.429809 0.415879 0.017775 0.045887
5 0.407496 0.426972 0.007186 0.019666
5 0.415248 0.410080 0.014371 0.038323
5 0.385750 0.406550 0.008320 0.014119
5 0.397852 0.642791 0.021178 0.046895
1 0.388586 0.556816 0.007186 0.005042
1 0.428863 0.604972 0.008320 0.010589
1 0.403336 0.571439 0.005673 0.007059
0 0.500000 0.500000 1.000000 1.000000