1 0.547762 0.360216 0.027881 0.053697
1 0.514847 0.476387 0.025558 0.054729
2 0.535371 0.565193 0.030979 0.087774
2 0.519881 0.532149 0.034077 0.032012
2 0.529562 0.452120 0.024009 0.047501
2 0.563639 0.444892 0.020911 0.082610
2 0.548924 0.475871 0.019362 0.061958
2 0.557443 0.531117 0.016264 0.046468
2 0.579129 0.470191 0.031753 0.062990
2 0.590358 0.493426 0.054213 0.055762
2 0.785690 0.722993 0.024997 0.065804
2 0.767103 0.705047 0.026279 0.065804
2 0.793702 0.634116 0.020510 0.052130
2 0.811328 0.649498 0.014742 0.067513
2 0.820942 0.665736 0.016024 0.057258
2 0.829595 0.611985 0.012819 0.060676
2 0.830876 0.663261 0.033329 0.050421
1 0.865167 0.662833 0.023715 0.042730
0 0.815173 0.656077 0.145494 0.239286
4 0.205318 0.556822 0.030094 0.108574
0 0.115480 0.538886 0.138963 0.219508
1 0.119020 0.506432 0.022128 0.029504
0 0.164603 0.363191 0.154010 0.172302
2 0.165931 0.375583 0.020358 0.041305
2 0.200450 0.349029 0.015047 0.040125
2 0.189386 0.201511 0.019472 0.047206
2 0.216382 0.159615 0.009736 0.041305
2 0.202234 0.172597 0.025641 0.029504
1 0.192069 0.135422 0.015932 0.056647
1 0.211099 0.130702 0.020358 0.061368
2 0.743708 0.098064 0.028202 0.054694
4 0.811921 0.214848 0.027881 0.049566
4 0.945731 0.102151 0.012392 0.039399
4 0.915944 0.092619 0.019541 0.039399
2 0.855416 0.016045 0.007149 0.019699
2 0.853033 0.190163 0.019541 0.033680
0 0.942633 0.098338 0.111048 0.194452
5 0.530979 0.500000 0.938042 1.000000