5 0.887821 0.457720 0.018412 0.058920
5 0.914007 0.521277 0.023322 0.060556
5 0.928942 0.492635 0.026187 0.074195
5 0.965767 0.484724 0.038462 0.092199
5 0.800055 0.550736 0.018822 0.045281
5 0.824809 0.566830 0.017594 0.050191
5 0.839334 0.639935 0.012275 0.042553
5 0.850791 0.638025 0.014730 0.047463
5 0.519163 0.885706 0.010229 0.033279
5 0.528778 0.893617 0.008183 0.042553
5 0.537370 0.894708 0.009820 0.038189
5 0.545963 0.900982 0.008183 0.031097
5 0.559875 0.914348 0.008183 0.033824
5 0.498909 0.396618 0.022913 0.086197
5 0.513843 0.438625 0.024141 0.097109
1 0.527141 0.641571 0.030278 0.028369
1 0.507501 0.667212 0.035188 0.046918
1 0.491748 0.684397 0.024141 0.064921
1 0.488271 0.747681 0.027005 0.031097
1 0.485406 0.863066 0.031097 0.057829
1 0.666053 0.591380 0.024141 0.045827
0 0.728191 0.545745 0.536170 0.785106