2 0.675549 0.536518 0.028596 0.050837
2 0.666971 0.599429 0.034315 0.085152
2 0.641234 0.606419 0.028596 0.114384
2 0.625864 0.648995 0.029311 0.123280
2 0.615498 0.641370 0.040034 0.108029
2 0.599413 0.614045 0.070775 0.114384
0 0.509677 0.115360 0.159320 0.229736
0 0.294595 0.065793 0.092052 0.124309
2 0.776990 0.377212 0.047630 0.169352
2 0.871576 0.610534 0.032688 0.058112
2 0.902342 0.623068 0.036534 0.105969
2 0.911956 0.590024 0.021151 0.039881
2 0.897214 0.613383 0.018587 0.045578
5 0.601277 0.500000 0.797445 1.000000