5 0.783893 0.060011 0.017594 0.020731
5 0.799236 0.063011 0.013093 0.039825
5 0.812534 0.048009 0.018412 0.036007
5 0.813762 0.077741 0.018412 0.025641
5 0.867158 0.077196 0.017185 0.034370
5 0.918712 0.067921 0.009820 0.033279
5 0.934465 0.065466 0.011866 0.033824
5 0.941012 0.031097 0.014321 0.040371
5 0.957992 0.009820 0.013093 0.019640
5 0.757092 0.134479 0.013912 0.036552
5 0.788598 0.138571 0.010638 0.027278
5 0.779801 0.160393 0.015139 0.031642
5 0.756683 0.207310 0.016367 0.038189
5 0.805987 0.132842 0.012684 0.040917
5 0.797190 0.132024 0.011457 0.043644
5 0.813557 0.180033 0.014730 0.033824
5 0.841585 0.172668 0.013502 0.024550
5 0.821740 0.189034 0.032733 0.040917
5 0.890889 0.128478 0.040098 0.033279
5 0.840562 0.103110 0.038462 0.062193
5 0.882297 0.042553 0.032733 0.034915
5 0.905824 0.072286 0.027414 0.037643
5 0.972927 0.130660 0.033961 0.050736
1 0.784097 0.454446 0.020458 0.037098
1 0.753614 0.443535 0.024959 0.039280
1 0.818058 0.540371 0.030278 0.035461
1 0.866953 0.439171 0.038871 0.055646
1 0.841176 0.426350 0.023322 0.047463
1 0.809465 0.415985 0.022913 0.024550
5 0.595676 0.085925 0.015139 0.055101
5 0.612043 0.061920 0.011866 0.039825
5 0.611429 0.106110 0.011457 0.035461
5 0.621863 0.130660 0.013502 0.034370
5 0.597722 0.175668 0.012684 0.031642
5 0.615521 0.154392 0.017185 0.026187
5 0.674850 0.141298 0.012275 0.032733
5 0.715153 0.064648 0.009411 0.022368
5 0.629228 0.355701 0.025777 0.069831
5 0.589130 0.449536 0.024959 0.067649
5 0.563762 0.456356 0.020049 0.062739
5 0.572354 0.509274 0.015957 0.056192
5 0.561920 0.512275 0.016367 0.045827
5 0.547190 0.514730 0.024550 0.052919
5 0.528778 0.492089 0.031097 0.031642
5 0.545145 0.447354 0.022913 0.069831
5 0.505865 0.419258 0.031915 0.072559
5 0.482951 0.386252 0.019640 0.044735
5 0.503001 0.259138 0.013093 0.036007
5 0.465153 0.186852 0.016776 0.016912
5 0.471086 0.220131 0.015548 0.031097
1 0.438352 0.355974 0.036825 0.071468
1 0.478041 0.341244 0.026187 0.028914
1 0.332992 0.337152 0.034779 0.063284
1 0.372681 0.281233 0.029869 0.036552
1 0.385161 0.336879 0.013093 0.030005
1 0.415030 0.306328 0.019640 0.028914
1 0.280210 0.338516 0.058511 0.067103
5 0.342199 0.600655 0.025368 0.048009
5 0.246454 0.624113 0.022913 0.055646
5 0.274482 0.624659 0.021686 0.052373
5 0.267730 0.594381 0.015548 0.021277
5 0.200218 0.641026 0.023732 0.062193
5 0.167690 0.664484 0.024959 0.057829
5 0.173009 0.656574 0.015957 0.022368
5 0.205537 0.694217 0.019640 0.038734
1 0.231315 0.804419 0.020458 0.040917
1 0.189580 0.810147 0.016367 0.031642
1 0.204310 0.789143 0.020458 0.036552
1 0.238066 0.888980 0.027414 0.032188
1 0.186307 0.844244 0.016367 0.032188
1 0.412780 0.710584 0.023322 0.028914
5 0.053328 0.836334 0.020458 0.034915
5 0.047395 0.798691 0.013502 0.036007
5 0.081560 0.821877 0.013093 0.037643
5 0.095472 0.819967 0.019640 0.048009
5 0.106929 0.817785 0.014730 0.044735
5 0.118385 0.827878 0.010638 0.038734
5 0.130865 0.827059 0.006956 0.020731
5 0.133933 0.814785 0.018822 0.019094
1 0.142321 0.795145 0.023322 0.046372
1 0.117362 0.759138 0.026596 0.025641
5 0.103860 0.645117 0.012684 0.028914
5 0.081356 0.683033 0.013502 0.015276
5 0.077264 0.663939 0.015139 0.014184
5 0.091585 0.634206 0.012684 0.024550
5 0.076446 0.633388 0.011866 0.028369
5 0.069081 0.628478 0.013502 0.038189
5 0.050464 0.618112 0.016367 0.030551
5 0.057215 0.607747 0.015957 0.025095
1 0.104255 0.388298 0.079787 0.155319
0 0.500000 0.500000 1.000000 0.974468