1 0.809431 0.216055 0.057739 0.058360
1 0.831781 0.351400 0.064258 0.037251
3 0.951450 0.928478 0.027938 0.096231
5 0.648088 0.599429 0.009778 0.032905
3 0.734463 0.275036 0.013038 0.021109
3 0.612001 0.243372 0.010244 0.028559
5 0.641569 0.169181 0.007916 0.029180
4 0.662523 0.179115 0.027473 0.058981
1 0.467421 0.357608 0.052617 0.039734
5 0.439483 0.786615 0.015366 0.029801
5 0.436223 0.813932 0.016297 0.038493
5 0.350546 0.487366 0.020022 0.043459
1 0.157307 0.476190 0.047029 0.050910
1 0.198283 0.465946 0.032129 0.042839
1 0.136121 0.510958 0.022351 0.028559
0 0.496973 0.496368 0.993946 0.992736