5 0.753410 0.147027 0.020458 0.054010
5 0.959629 0.077741 0.014730 0.054010
5 0.949604 0.082379 0.011866 0.043644
5 0.973131 0.087016 0.005728 0.013639
1 0.892730 0.141844 0.033961 0.051282
1 0.943876 0.121386 0.047054 0.063830
5 0.848336 0.287234 0.029460 0.056192
5 0.969449 0.227223 0.016367 0.042008
1 0.885979 0.917076 0.034370 0.025095
1 0.935693 0.954446 0.060966 0.071468
1 0.942853 0.887343 0.026187 0.024550
1 0.762821 0.724768 0.033552 0.046372
5 0.670963 0.677578 0.010229 0.039280
5 0.681192 0.681669 0.017594 0.040917
5 0.695308 0.706219 0.017185 0.045281
5 0.705128 0.686852 0.010638 0.034915
5 0.707992 0.730769 0.013093 0.032188
5 0.713721 0.708947 0.013093 0.045281
5 0.726405 0.696945 0.010638 0.026732
5 0.734997 0.708947 0.013093 0.025641
5 0.727837 0.721495 0.019231 0.031097
5 0.736634 0.679487 0.018822 0.047463
5 0.734588 0.635570 0.023732 0.024004
5 0.641708 0.226678 0.012275 0.044190
5 0.656028 0.220676 0.015548 0.040917
5 0.654596 0.314239 0.012684 0.031642
5 0.660938 0.692035 0.000000 0.000546
5 0.673213 0.949536 0.017185 0.033279
5 0.681806 0.985816 0.013093 0.028368
2 0.695922 0.968903 0.017594 0.042553
2 0.707992 0.943535 0.009820 0.025641
5 0.608361 0.855155 0.011047 0.027823
5 0.597109 0.863339 0.009820 0.021277
5 0.587902 0.859520 0.006137 0.033279
5 0.575423 0.840153 0.005728 0.018549
5 0.579105 0.871795 0.009002 0.025095
5 0.346904 0.931806 0.006137 0.026187
5 0.356315 0.933988 0.006956 0.018549
5 0.362861 0.928260 0.008592 0.015821
5 0.372068 0.934534 0.007365 0.022913
5 0.453287 0.633661 0.015957 0.051828
5 0.393549 0.593562 0.007774 0.026187
5 0.409506 0.629842 0.026596 0.019094
5 0.429760 0.644299 0.025368 0.043644
5 0.437330 0.630933 0.016776 0.034370
5 0.406028 0.611020 0.012275 0.039280
5 0.439171 0.482270 0.016367 0.045827
5 0.395185 0.431533 0.020867 0.055646
2 0.414825 0.420076 0.024959 0.055646
2 0.445513 0.405892 0.020049 0.055646
5 0.434670 0.396618 0.013912 0.019640
1 0.397845 0.343972 0.031915 0.040917
1 0.450423 0.333606 0.020867 0.016912
5 0.330537 0.499727 0.013502 0.036007
5 0.343017 0.501091 0.011457 0.036552
5 0.317239 0.542553 0.014730 0.043099
5 0.354269 0.495636 0.012684 0.035461
5 0.289416 0.311238 0.022095 0.059465
1 0.344244 0.250136 0.017185 0.010366
1 0.386184 0.247136 0.019231 0.028369
1 0.365726 0.220949 0.020049 0.039280
1 0.359179 0.276050 0.019231 0.036007
1 0.351405 0.298963 0.013502 0.024004
1 0.545349 0.036279 0.019231 0.036552
1 0.513230 0.012548 0.030278 0.025095
1 0.478655 0.043099 0.024959 0.029460
1 0.501159 0.065739 0.018412 0.030005
1 0.471495 0.073377 0.026187 0.024550
1 0.578287 0.013366 0.010638 0.021277
1 0.596086 0.009547 0.024959 0.019094
1 0.608974 0.030005 0.018822 0.022913
1 0.582379 0.052100 0.016367 0.031097
1 0.601814 0.087289 0.040507 0.027278
1 0.557829 0.100655 0.023732 0.027823
1 0.564580 0.057283 0.015139 0.028369
5 0.528778 0.182215 0.021277 0.046918
5 0.554351 0.168031 0.034779 0.036007
5 0.593017 0.117294 0.012275 0.039280
2 0.570104 0.074468 0.012275 0.039825
2 0.473950 0.091107 0.017185 0.028369
5 0.495636 0.230769 0.009002 0.018549
5 0.807829 0.199400 0.013912 0.031097
1 0.485816 0.987998 0.030278 0.024004
1 0.390480 0.564375 0.026187 0.030005
5 0.226814 0.459629 0.013912 0.046372
5 0.241135 0.453628 0.018822 0.049645
5 0.204924 0.384615 0.018412 0.030551
5 0.220676 0.370431 0.009820 0.015276
5 0.152755 0.364703 0.018003 0.047463
5 0.171781 0.365521 0.017594 0.041462
5 0.177305 0.342608 0.026187 0.049100
5 0.146822 0.477087 0.020049 0.035461
5 0.120226 0.468631 0.023322 0.054555
5 0.173622 0.654937 0.011457 0.020185
5 0.151732 0.643481 0.006956 0.018003
5 0.153983 0.671849 0.009002 0.020185
1 0.153955 0.598745 0.016421 0.044190
1 0.129842 0.577741 0.012275 0.021822
1 0.127387 0.549645 0.021277 0.037643
1 0.149073 0.551009 0.016367 0.029460
5 0.141912 0.792690 0.013502 0.026187
5 0.148868 0.747136 0.011047 0.022368
5 0.140480 0.732679 0.012275 0.015276
5 0.260979 0.656301 0.006956 0.020731
5 0.260775 0.731315 0.006547 0.018003
5 0.260570 0.761047 0.008592 0.024004
5 0.079105 0.670758 0.009820 0.022368
5 0.088925 0.674032 0.011457 0.015821
5 0.077264 0.733224 0.007774 0.017458
1 0.195922 0.903437 0.029869 0.041462
1 0.164416 0.892253 0.021686 0.046372
1 0.181192 0.869340 0.018412 0.011457
5 0.471495 0.761047 0.013912 0.029460
5 0.474768 0.656301 0.007365 0.019640
5 0.468221 0.655210 0.003273 0.020731
0 0.498138 0.498936 0.996276 0.997872