2 0.552428 0.621404 0.041075 0.141067
1 0.445538 0.624723 0.053211 0.177579
1 0.503884 0.632192 0.013069 0.109534
1 0.491281 0.678661 0.034541 0.169281
1 0.457674 0.745875 0.036408 0.134429
2 0.530023 0.653767 0.029873 0.169281
2 0.477278 0.496103 0.049477 0.129450
4 0.753439 0.427502 0.042476 0.033904
4 0.765141 0.486063 0.043343 0.055479
1 0.876965 0.409009 0.022538 0.052396
4 0.800682 0.523819 0.027739 0.146402
4 0.834923 0.462176 0.035541 0.063184
4 0.826254 0.527672 0.028606 0.061643
4 0.863095 0.533836 0.038141 0.067807
1 0.802416 0.638629 0.017337 0.067807
1 0.779011 0.632465 0.032940 0.036986
1 0.866996 0.489916 0.051144 0.058561
4 0.863529 0.434437 0.030340 0.055479
5 0.502832 0.500000 0.994336 1.000000