2 0.021115 0.043264 0.029835 0.052272
2 0.048356 0.104375 0.026376 0.054578
2 0.076894 0.094767 0.033294 0.069183
2 0.027385 0.251966 0.036321 0.054578
0 0.047275 0.565981 0.078696 0.079945
0 0.050446 0.744320 0.100892 0.083020
1 0.215909 0.919712 0.012972 0.042279
1 0.248771 0.964297 0.014701 0.048428
0 0.243799 0.890502 0.134475 0.106850
2 0.271472 0.063634 0.019458 0.046891
2 0.283147 0.069015 0.015134 0.051503
2 0.479022 0.685642 0.022052 0.096856
2 0.441619 0.662966 0.018161 0.079176
2 0.454808 0.684105 0.014269 0.096856
2 0.466482 0.686411 0.015134 0.107618
0 0.542151 0.889349 0.068751 0.089169
0 0.618109 0.634908 0.061832 0.118380
2 0.577031 0.518834 0.027241 0.064571
2 0.593462 0.414675 0.026376 0.036129
2 0.590435 0.445423 0.026376 0.046891
2 0.605353 0.438889 0.028538 0.061496
2 0.620271 0.455800 0.014269 0.036898
2 0.631081 0.426974 0.017728 0.054578
2 0.643620 0.419287 0.022052 0.054578
2 0.650971 0.364709 0.015999 0.059190
2 0.668483 0.362403 0.019890 0.048428
0 0.622865 0.213147 0.046266 0.050734
0 0.635837 0.357663 0.069616 0.192176
2 0.721667 0.421209 0.010377 0.044585
0 0.686643 0.080802 0.087344 0.151434
0 0.784148 0.370218 0.119773 0.116843
2 0.827820 0.437095 0.014269 0.035360
0 0.721451 0.741373 0.053185 0.082251
0 0.899886 0.528058 0.067021 0.153740
0 0.967700 0.698454 0.000000 0.000512
5 0.502811 0.492084 0.994378 0.984167