5 0.933647 0.066830 0.006956 0.020185
5 0.945308 0.073923 0.010638 0.028914
1 0.980906 0.062466 0.022913 0.033279
1 0.974564 0.105019 0.020049 0.021277
1 0.880865 0.078014 0.013502 0.025095
5 0.854883 0.340971 0.033552 0.112384
2 0.791871 0.193126 0.022913 0.045827
2 0.915235 0.332788 0.022504 0.026187
2 0.890889 0.220676 0.018822 0.014730
1 0.970472 0.481997 0.039689 0.040917
2 0.714948 0.299509 0.034370 0.024004
1 0.724154 0.016367 0.027414 0.030551
5 0.607747 0.161211 0.012275 0.020185
2 0.181806 0.196127 0.045827 0.037643
2 0.090971 0.948445 0.009820 0.027823
2 0.040848 0.590562 0.051146 0.061648
5 0.100382 0.472177 0.028642 0.070376
2 0.092403 0.184124 0.034779 0.082379
0 0.499202 0.497872 0.997340 0.995744