2 0.289344 0.057613 0.013404 0.055347
2 0.261671 0.032650 0.016863 0.065300
2 0.251726 0.028422 0.013404 0.056844
2 0.180165 0.166000 0.026808 0.086095
2 0.478661 0.485011 0.022485 0.033823
2 0.496606 0.534977 0.029835 0.081482
2 0.510875 0.563034 0.027241 0.089938
2 0.534224 0.505382 0.021187 0.071489
2 0.512604 0.489623 0.015134 0.079945
2 0.103383 0.060592 0.027802 0.099661
2 0.076265 0.077202 0.020054 0.058338
2 0.104978 0.157012 0.025523 0.068872
2 0.091078 0.173622 0.025979 0.071302
5 0.501967 0.500000 0.996065 1.000000