2 0.146787 0.679933 0.029473 0.104793
2 0.115580 0.809383 0.043343 0.067807
0 0.167013 0.793972 0.334026 0.379103
2 0.391199 0.524250 0.034112 0.100294
2 0.406287 0.603553 0.022304 0.083967
2 0.427607 0.559236 0.020336 0.100294
2 0.455487 0.563318 0.032800 0.150442
2 0.481070 0.564484 0.019680 0.173766
2 0.533222 0.584893 0.026896 0.130616
2 0.572745 0.574825 0.014876 0.083516
2 0.555912 0.577609 0.015659 0.128058
0 0.478398 0.508012 0.253680 0.272819
0 0.741492 0.870146 0.182039 0.259708
5 0.500000 0.501888 1.000000 0.996224