4 0.784358 0.440335 0.006807 0.019161
4 0.775282 0.396969 0.006807 0.015127
1 0.745027 0.361924 0.003782 0.004538
1 0.570872 0.358394 0.011724 0.020674
4 0.544588 0.316542 0.009076 0.008572
4 0.551017 0.350327 0.006051 0.011598
4 0.554421 0.332930 0.006807 0.010085
1 0.537403 0.313768 0.004538 0.007059
4 0.526246 0.340494 0.010211 0.010085
4 0.512631 0.464539 0.010967 0.031263
1 0.523032 0.419913 0.014371 0.015632
4 0.509228 0.368479 0.007942 0.010589
4 0.494857 0.387137 0.010211 0.005547
4 0.442100 0.367219 0.005295 0.021178
4 0.439452 0.350831 0.002269 0.007564
4 0.369488 0.244182 0.003782 0.015127
4 0.352091 0.265613 0.006051 0.009581
4 0.343960 0.262335 0.004160 0.009076
5 0.208192 0.561859 0.011724 0.023195
4 0.179638 0.290321 0.005295 0.012606
1 0.161675 0.375035 0.013237 0.016640
1 0.140307 0.403020 0.013615 0.007059
1 0.152031 0.387641 0.012858 0.009581
1 0.175478 0.394700 0.007564 0.008572
1 0.127827 0.539924 0.014371 0.012606
1 0.138227 0.562615 0.005673 0.005547
1 0.139551 0.543958 0.006051 0.009581
1 0.096059 0.497063 0.020422 0.020674
1 0.250548 0.145097 0.011724 0.014623
1 0.231450 0.162242 0.007564 0.011598
1 0.520195 0.442100 0.007186 0.006555
0 0.500000 0.486234 1.000000 0.904621