2 0.388429 0.425322 0.042066 0.116089
2 0.418267 0.430539 0.023479 0.142177
2 0.436854 0.438366 0.021522 0.121307
2 0.462289 0.447496 0.041088 0.155221
2 0.588488 0.535542 0.027392 0.114785
2 0.582129 0.450757 0.045979 0.104350
2 0.520986 0.427931 0.045001 0.105654
2 0.509247 0.514672 0.029348 0.096524
2 0.543976 0.527715 0.055762 0.127829
0 0.549846 0.410974 0.071415 0.118698
0 0.486257 0.168020 0.161417 0.200874
0 0.924102 0.679678 0.151796 0.299876
0 0.920384 0.195167 0.159232 0.366791
5 0.500000 0.500000 1.000000 1.000000