2 0.634681 0.607682 0.077835 0.162123
1 0.508635 0.536430 0.025558 0.062990
1 0.488305 0.561730 0.003485 0.000000
1 0.476688 0.545724 0.001162 0.001033
1 0.483659 0.533332 0.033690 0.098100
4 0.636423 0.721750 0.027881 0.065325
0 0.501313 0.045886 0.053856 0.091772
0 0.630715 0.315934 0.054371 0.101580
4 0.842909 0.536687 0.025346 0.060080
4 0.840796 0.608783 0.022812 0.051068
2 0.826433 0.611787 0.019432 0.045060
2 0.804044 0.620048 0.010139 0.046562
2 0.791371 0.622301 0.013518 0.042056
2 0.782500 0.614040 0.021122 0.043558
4 0.095717 0.227139 0.021447 0.039708
4 0.100006 0.199969 0.000477 0.000847
4 0.096194 0.192458 0.005243 0.000847
4 0.105487 0.186668 0.017158 0.037281
4 0.074508 0.160826 0.020970 0.039822
4 0.263751 0.125120 0.000516 0.000000
4 0.261428 0.117777 0.018587 0.055074
4 0.219864 0.755102 0.034593 0.040387
4 0.190176 0.763363 0.021685 0.044059
2 0.199620 0.192736 0.001162 0.002065
2 0.351224 0.637435 0.000000 0.008261
2 0.362841 0.738632 0.000000 0.000000
5 0.335928 0.584310 0.671856 0.831380