0 0.500000 0.500000 1.000000 1.000000
1 0.562552 0.665986 0.063157 0.067065
1 0.615876 0.655145 0.072990 0.095807
1 0.622684 0.731286 0.038197 0.037314
1 0.529083 0.781711 0.021178 0.020170
1 0.594509 0.437057 0.020422 0.021683
5 0.549694 0.413610 0.027608 0.063535
5 0.553665 0.303936 0.034037 0.099337
5 0.526813 0.310239 0.010589 0.042357
1 0.550261 0.252250 0.013615 0.018153
1 0.543643 0.206111 0.008698 0.010589
1 0.537781 0.232585 0.014371 0.012102
1 0.599425 0.161738 0.012858 0.017649
1 0.465169 0.030633 0.046139 0.031768
1 0.512821 0.040718 0.013615 0.016640
1 0.440965 0.065426 0.013615 0.025717
5 0.448529 0.077024 0.010589 0.019666
4 0.246577 0.363941 0.016640 0.040844
4 0.250170 0.476893 0.020800 0.019666
1 0.262839 0.341250 0.012858 0.020674
1 0.065426 0.423695 0.018909 0.024204
5 0.104947 0.448403 0.029120 0.041348
5 0.082256 0.444117 0.020044 0.029751
5 0.109863 0.472355 0.026851 0.022691
5 0.117049 0.357890 0.023826 0.025717
1 0.127449 0.370496 0.007564 0.011598
4 0.178693 0.390666 0.018531 0.019666