2 0.247114 0.418198 0.025511 0.081290
0 0.171012 0.034520 0.063562 0.048428
2 0.299794 0.461149 0.014701 0.032285
2 0.288984 0.469509 0.008648 0.037474
2 0.268229 0.472103 0.013837 0.038051
2 0.379210 0.556853 0.013837 0.025367
2 0.390453 0.552817 0.013837 0.036898
2 0.405587 0.570113 0.012972 0.021908
2 0.415964 0.567518 0.012972 0.015566
2 0.521613 0.493819 0.024214 0.055347
2 0.541287 0.509385 0.022052 0.054194
2 0.561393 0.517457 0.024214 0.041510
2 0.529396 0.534464 0.037186 0.055923
2 0.564852 0.548589 0.032862 0.056500
2 0.587553 0.501314 0.030700 0.056500
0 0.180885 0.308562 0.038916 0.053040
5 0.487915 0.447302 0.961214 0.894604