0 0.500000 0.500000 1.000000 1.000000
5 0.478406 0.485969 0.027229 0.065048
4 0.461765 0.471346 0.015127 0.026725
4 0.489373 0.454454 0.014371 0.043365
4 0.463089 0.434788 0.009455 0.052442
4 0.433780 0.472607 0.015884 0.044374
4 0.446827 0.434536 0.025338 0.014623
5 0.514144 0.460505 0.030633 0.051433
1 0.513577 0.434788 0.027229 0.017144
1 0.516981 0.410332 0.016640 0.018657
1 0.481431 0.439326 0.028742 0.043365
1 0.455714 0.456723 0.018153 0.023700
1 0.420354 0.458236 0.023826 0.029751
1 0.423758 0.428233 0.023069 0.023195
1 0.435481 0.379825 0.018531 0.028238
1 0.380266 0.378817 0.011724 0.015127
1 0.376106 0.404533 0.013237 0.028238
1 0.448907 0.363941 0.009833 0.015632
4 0.805348 0.461261 0.013993 0.039836
4 0.820475 0.449411 0.007186 0.016136
4 0.826148 0.432267 0.008698 0.022187
4 0.832010 0.455967 0.014371 0.028238
4 0.835035 0.433275 0.013615 0.008068
4 0.821799 0.405037 0.008320 0.012102
4 0.828606 0.366967 0.007564 0.012606
1 0.855457 0.403020 0.036306 0.058493
1 0.812911 0.384868 0.017018 0.022187
1 0.832577 0.403273 0.011724 0.025717
1 0.817450 0.428485 0.064670 0.040844
1 0.469896 0.287295 0.034415 0.022691
1 0.489373 0.303684 0.009076 0.014119
1 0.323349 0.974813 0.074881 0.050374
1 0.352848 0.914076 0.021935 0.056980
1 0.168293 0.526309 0.083957 0.101354
4 0.152976 0.554295 0.025338 0.034289
4 0.083957 0.196279 0.010589 0.016136
4 0.103245 0.210398 0.012102 0.020170
4 0.075448 0.171318 0.011724 0.007564
4 0.026284 0.082319 0.008698 0.010085