1 0.764497 0.216055 0.066586 0.074502
1 0.796160 0.125101 0.057273 0.063947
1 0.842956 0.222264 0.062395 0.050910
1 0.965186 0.615571 0.065655 0.049047
1 0.931427 0.663376 0.058670 0.051530
3 0.867868 0.588874 0.024679 0.062706
5 0.707456 0.632644 0.011175 0.033526
3 0.724918 0.640094 0.015366 0.028559
4 0.716071 0.641336 0.008847 0.023592
1 0.907447 0.831316 0.028404 0.034767
4 0.571723 0.300180 0.017229 0.041597
1 0.616425 0.168871 0.028404 0.032284
3 0.423418 0.539207 0.013969 0.036630
4 0.461833 0.594152 0.014435 0.045943
5 0.473940 0.586701 0.018160 0.037251
5 0.440181 0.597566 0.009313 0.027938
5 0.450425 0.600360 0.008381 0.038493
3 0.350546 0.933135 0.005122 0.017384
3 0.354504 0.932824 0.005588 0.015521
5 0.351943 0.962935 0.005122 0.016142
5 0.563342 0.915440 0.004191 0.014280
5 0.559384 0.913268 0.003725 0.012417
5 0.489306 0.372819 0.003259 0.016763
0 0.646186 0.497579 0.699153 0.995157