1 0.648050 0.506819 0.090426 0.103655
2 0.618385 0.351337 0.014730 0.056738
2 0.665439 0.315876 0.013912 0.048009
2 0.572968 0.319694 0.013912 0.050191
2 0.461266 0.294053 0.013912 0.034915
2 0.457379 0.327059 0.013502 0.039825
2 0.446127 0.327059 0.012275 0.037643
5 0.356519 0.516094 0.025368 0.067649
5 0.406028 0.258047 0.014730 0.039280
5 0.396208 0.265139 0.022095 0.044735
5 0.713312 0.049918 0.013912 0.036552
5 0.750136 0.077469 0.013093 0.034915
1 0.690603 0.090835 0.039689 0.048554
1 0.765685 0.050191 0.027823 0.019640
1 0.741748 0.017185 0.066694 0.034370
1 0.531233 0.390344 0.045827 0.050736
1 0.563148 0.282870 0.056465 0.051828
1 0.614294 0.270049 0.040917 0.046918
1 0.631888 0.311511 0.067921 0.051282
1 0.602223 0.383252 0.021686 0.032188
1 0.622477 0.384615 0.017185 0.025095
1 0.449604 0.799782 0.042962 0.034915
2 0.440398 0.822968 0.014730 0.036552
1 0.483974 0.728314 0.041326 0.043644
1 0.463312 0.202946 0.050736 0.068740
1 0.439785 0.292417 0.028232 0.050191
1 0.394572 0.251227 0.085106 0.075832
1 0.302714 0.427169 0.052782 0.070922
1 0.352837 0.389253 0.044190 0.090016
1 0.391094 0.426350 0.036416 0.064921
1 0.405005 0.532460 0.042144 0.066558
1 0.324809 0.541735 0.069967 0.089471
1 0.355496 0.486634 0.088789 0.036007
1 0.222722 0.707038 0.040917 0.038189
1 0.143549 0.837698 0.078969 0.069285
1 0.202469 0.648936 0.022504 0.045281
2 0.273050 0.648118 0.024550 0.046918
2 0.249727 0.639389 0.018003 0.037098
2 0.227837 0.632297 0.029869 0.041462
2 0.212902 0.614839 0.013912 0.026187
2 0.183647 0.597654 0.016776 0.027823
2 0.197149 0.585379 0.008592 0.030551
1 0.201855 0.575559 0.084288 0.037098
1 0.212698 0.605837 0.032324 0.024550
1 0.070104 0.680851 0.069558 0.065466
1 0.168508 0.711402 0.034779 0.037098
1 0.168099 0.516639 0.061784 0.049100
1 0.221699 0.509274 0.047872 0.072559
1 0.256274 0.466176 0.039280 0.047463
1 0.264048 0.536279 0.045008 0.055646
1 0.042690 0.801418 0.065466 0.092744
0 0.498138 0.497872 0.996276 0.995744