1 0.853200 0.492953 0.038182 0.055876
5 0.820140 0.492333 0.020488 0.017384
5 0.776836 0.447011 0.013038 0.021109
5 0.761237 0.513441 0.011641 0.032284
5 0.977991 0.577699 0.014900 0.045322
5 0.964255 0.606569 0.010710 0.039734
5 0.977292 0.640715 0.016297 0.038493
5 0.956572 0.640405 0.016763 0.042839
5 0.664152 0.889986 0.013038 0.040355
5 0.659030 0.638542 0.013969 0.049047
5 0.675095 0.648165 0.013503 0.050910
5 0.672068 0.590427 0.014900 0.047184
5 0.683476 0.552555 0.015366 0.039734
5 0.689297 0.574595 0.018625 0.034147
5 0.693254 0.495126 0.012572 0.026696
5 0.637378 0.415658 0.014435 0.029180
5 0.645061 0.396722 0.011175 0.026076
5 0.666015 0.421866 0.013969 0.029180
5 0.692789 0.425591 0.012572 0.029180
5 0.684407 0.420625 0.006985 0.021730
5 0.692090 0.442975 0.009313 0.020488
5 0.550770 0.408208 0.008847 0.030422
5 0.554262 0.432110 0.011175 0.019867
5 0.559384 0.402620 0.009313 0.021730
1 0.484184 0.333395 0.060067 0.062085
1 0.481157 0.420004 0.038182 0.045322
1 0.398972 0.311045 0.064723 0.053393
1 0.333551 0.435525 0.021419 0.039113
1 0.422021 0.396101 0.021419 0.028559
1 0.429006 0.369094 0.013969 0.025455
1 0.398041 0.358540 0.028404 0.035388
5 0.411777 0.373751 0.013969 0.038493
5 0.399904 0.402310 0.010710 0.033526
5 0.393850 0.376234 0.007916 0.024834
5 0.442044 0.399205 0.012107 0.027317
5 0.384305 0.438629 0.007450 0.029180
5 0.375691 0.475259 0.015366 0.016763
5 0.439250 0.509716 0.030732 0.086919
5 0.479528 0.554728 0.030266 0.087540
5 0.491634 0.518098 0.028404 0.078848
5 0.444605 0.616502 0.041442 0.085677
5 0.397110 0.438319 0.015366 0.044701
5 0.370802 0.450425 0.019557 0.027938
5 0.404793 0.453219 0.010244 0.028559
5 0.070001 0.148693 0.011175 0.032905
5 0.086996 0.165456 0.010710 0.037872
5 0.078848 0.162041 0.008381 0.031042
5 0.088393 0.212020 0.015366 0.032905
5 0.105389 0.202707 0.011175 0.039113
5 0.119824 0.197119 0.016763 0.031663
5 0.168250 0.193705 0.010244 0.034767
5 0.144270 0.182529 0.006053 0.021109
5 0.150090 0.192463 0.006519 0.023592
1 0.145201 0.254237 0.034923 0.031663
1 0.166154 0.221953 0.023747 0.032905
1 0.094447 0.526169 0.037717 0.039113
1 0.029413 0.491401 0.058825 0.070156
1 0.005432 0.553796 0.010864 0.018625
1 0.125644 0.367542 0.062861 0.033526
5 0.120056 0.410381 0.026541 0.058360
5 0.148693 0.392066 0.010244 0.021730
1 0.079081 0.433042 0.027473 0.035388
5 0.165456 0.614640 0.029801 0.059601
1 0.061154 0.637921 0.067052 0.067672
5 0.195490 0.684485 0.010710 0.039113
5 0.184547 0.677345 0.010244 0.038493
1 0.013814 0.153660 0.027628 0.044080
0 0.496973 0.554479 0.993946 0.881356