2 0.432932 0.423355 0.023109 0.050798
2 0.452293 0.429184 0.026857 0.070785
2 0.448858 0.500385 0.028730 0.064955
2 0.469469 0.479983 0.024983 0.067454
2 0.483834 0.417942 0.058710 0.029979
2 0.489455 0.459163 0.029979 0.084109
2 0.506006 0.466242 0.030604 0.079945
2 0.489455 0.538276 0.024983 0.062457
2 0.525368 0.511211 0.025607 0.084942
2 0.513189 0.551184 0.019986 0.041638
2 0.545354 0.504133 0.031853 0.085774
2 0.565653 0.459163 0.031229 0.085774
2 0.764891 0.240564 0.033727 0.069952
2 0.801740 0.238482 0.032478 0.090771
2 0.832344 0.253055 0.031229 0.049966
2 0.846085 0.225990 0.029979 0.070785
5 0.503654 0.502108 0.992692 0.995784