0 0.500000 0.500000 1.000000 0.999017
5 0.706830 0.049542 0.009076 0.017144
5 0.592429 0.580012 0.004916 0.021178
5 0.588269 0.601946 0.020044 0.049921
5 0.570494 0.594131 0.022313 0.046391
1 0.516602 0.610771 0.012858 0.015127
1 0.526057 0.512694 0.018909 0.010589
1 0.607367 0.214936 0.010589 0.013110
1 0.590160 0.256788 0.005673 0.010085
5 0.602451 0.229811 0.006807 0.017649
4 0.334695 0.533621 0.012858 0.036306
4 0.323538 0.518493 0.004916 0.023195
4 0.316542 0.496559 0.005295 0.025717
4 0.321458 0.445125 0.007564 0.020674
1 0.324484 0.492272 0.009076 0.009076
1 0.343393 0.514964 0.007564 0.009076
5 0.219159 0.177621 0.010967 0.032272
5 0.209893 0.175604 0.010589 0.032272
5 0.204221 0.137029 0.013615 0.031768
5 0.183988 0.137786 0.010967 0.031263
5 0.116103 0.311499 0.006807 0.015632
5 0.111565 0.295868 0.006051 0.011598
5 0.152031 0.778181 0.012102 0.016136
5 0.175478 0.790787 0.011346 0.016136