0 0.500000 0.367011 1.000000 0.734022
4 0.830686 0.403777 0.009455 0.021683
4 0.824068 0.422434 0.004538 0.024708
4 0.819530 0.421678 0.009833 0.029246
4 0.814046 0.419913 0.009455 0.028742
4 0.806104 0.423695 0.009455 0.021178
3 0.800620 0.419661 0.012102 0.026221
3 0.816315 0.454454 0.010211 0.024204
3 0.806482 0.450420 0.007942 0.025212
3 0.801566 0.448907 0.008698 0.027229
3 0.809697 0.453193 0.005295 0.020674
3 0.689244 0.523032 0.027608 0.066561
2 0.661070 0.517233 0.021935 0.040844
3 0.705885 0.123667 0.003404 0.011093
3 0.723659 0.116355 0.004160 0.013615
3 0.714583 0.115347 0.005673 0.012606
3 0.709477 0.115599 0.005295 0.015127
3 0.717797 0.124928 0.004538 0.013615
3 0.753158 0.006870 0.004160 0.013740
3 0.748998 0.004601 0.003404 0.009202
3 0.760154 0.004853 0.003025 0.009706
3 0.764693 0.004601 0.003782 0.009202
3 0.757696 0.017018 0.003404 0.014623
3 0.532864 0.611527 0.020422 0.051938
3 0.516602 0.618334 0.015884 0.055467
3 0.511308 0.603459 0.020422 0.035802
3 0.496369 0.588332 0.018531 0.040844
3 0.411656 0.396465 0.010211 0.025212
5 0.404281 0.394196 0.010589 0.030759
3 0.396528 0.387389 0.010211 0.038323
3 0.391045 0.387893 0.006807 0.019161
5 0.388019 0.638504 0.016640 0.046391
3 0.396717 0.657666 0.021935 0.050425
3 0.379321 0.647329 0.013615 0.049921
3 0.368732 0.660691 0.024960 0.053450
3 0.313895 0.684643 0.019666 0.051938
3 0.237123 0.639261 0.016640 0.048912
3 0.253574 0.624890 0.017018 0.038323
3 0.267945 0.651363 0.020044 0.039836
5 0.270214 0.634975 0.029877 0.033280
5 0.248847 0.645816 0.018153 0.038827
1 0.361924 0.638757 0.013615 0.021683
1 0.375161 0.614048 0.013615 0.012606
1 0.321836 0.597156 0.016640 0.019161
1 0.253952 0.636740 0.008698 0.009581
1 0.264919 0.595895 0.020800 0.012606