0 0.501475 0.500246 0.997050 0.999508
5 0.926745 0.351083 0.013993 0.021178
5 0.943386 0.314021 0.026095 0.046895
1 0.934120 0.291077 0.008320 0.012102
1 0.794947 0.379321 0.029499 0.030255
1 0.782089 0.340746 0.021178 0.034793
1 0.773958 0.290321 0.038197 0.038827
1 0.904811 0.188211 0.013993 0.019161
1 0.880607 0.172579 0.010967 0.021178
5 0.373837 0.274689 0.038197 0.091269
5 0.338477 0.296624 0.035550 0.081688
5 0.336775 0.270403 0.042735 0.083705
3 0.333182 0.347553 0.037819 0.051433
5 0.360033 0.328140 0.033280 0.051938
3 0.383670 0.354865 0.034415 0.057989
5 0.295174 0.240400 0.036684 0.104379
1 0.292905 0.331417 0.013993 0.020170
1 0.325618 0.165015 0.018909 0.020170
1 0.430565 0.141316 0.015506 0.021178
5 0.207246 0.214432 0.027986 0.060510
5 0.181340 0.233593 0.028364 0.054459
5 0.145413 0.272168 0.030633 0.066057
5 0.171697 0.279227 0.027986 0.052946
5 0.174155 0.307213 0.025338 0.043365
5 0.194577 0.301414 0.019287 0.061014
5 0.151842 0.311499 0.026851 0.025717
5 0.121020 0.273681 0.021178 0.035802