2 0.349787 0.766973 0.037175 0.053914
2 0.321417 0.761756 0.017609 0.050436
2 0.303808 0.653058 0.017609 0.080002
2 0.293648 0.732317 0.028370 0.036776
2 0.255495 0.695051 0.020544 0.069567
2 0.353323 0.665485 0.026414 0.045218
0 0.373378 0.590701 0.048914 0.076523
2 0.331312 0.633311 0.013696 0.081741
2 0.516696 0.491569 0.028370 0.066088
2 0.494196 0.489829 0.030327 0.066088
2 0.588111 0.452437 0.036196 0.081741
2 0.562675 0.467220 0.042066 0.100872
0 0.573436 0.406639 0.165330 0.126959
2 0.648764 0.069241 0.022500 0.120003
2 0.630666 0.065762 0.025435 0.095654
2 0.597404 0.090111 0.011739 0.074784
2 0.567567 0.101415 0.020544 0.059132
2 0.571969 0.041414 0.025435 0.060871
5 0.498451 0.499484 0.996902 0.998967