0 0.500000 0.500000 1.000000 1.000000
4 0.356062 0.669264 0.026851 0.036306
5 0.375728 0.679349 0.017775 0.059501
4 0.385561 0.544210 0.017018 0.053450
4 0.398419 0.561102 0.014749 0.036810
4 0.412412 0.528326 0.016262 0.041853
4 0.324484 0.525805 0.021178 0.013615
3 0.326564 0.538915 0.020044 0.016640
1 0.430565 0.641782 0.055593 0.078158
1 0.367597 0.642286 0.039331 0.030759
1 0.387641 0.623629 0.018909 0.033785
1 0.362681 0.604468 0.025717 0.020674
1 0.382157 0.488491 0.082066 0.052946
1 0.345284 0.530343 0.044626 0.055972
1 0.436238 0.536394 0.036684 0.052946
1 0.374215 0.555808 0.004916 0.014119
1 0.396906 0.531604 0.018531 0.020170
1 0.378564 0.532864 0.009076 0.013615
1 0.567468 0.710108 0.023826 0.021178
3 0.540806 0.753221 0.006051 0.013615
3 0.543643 0.755742 0.003404 0.013615
3 0.547614 0.751960 0.005295 0.015127
5 0.660880 0.022313 0.020800 0.044374
5 0.590538 0.343519 0.012480 0.019161
5 0.440965 0.173083 0.015884 0.021178
5 0.469518 0.139046 0.008698 0.013615
5 0.156191 0.326879 0.009076 0.019161