2 0.919940 0.375341 0.011457 0.033824
2 0.885570 0.348063 0.016367 0.036007
2 0.905005 0.394163 0.015139 0.043099
2 0.864294 0.416258 0.011457 0.033824
2 0.882706 0.441080 0.014730 0.040917
2 0.896822 0.424441 0.010229 0.030551
1 0.797395 0.420622 0.070786 0.058920
1 0.815807 0.474086 0.041326 0.043644
2 0.770595 0.637752 0.013093 0.024004
2 0.758933 0.633388 0.011047 0.025095
5 0.857338 0.142662 0.009002 0.021277
5 0.643140 0.016912 0.028232 0.033824
3 0.661552 0.017185 0.011047 0.034370
5 0.657256 0.539280 0.011457 0.027823
5 0.647027 0.540917 0.006547 0.026732
1 0.514866 0.028642 0.040917 0.032188
1 0.373500 0.096836 0.039689 0.034370
5 0.247477 0.400709 0.021686 0.061648
5 0.258933 0.442990 0.020867 0.085106
5 0.279392 0.370431 0.028232 0.070922
5 0.279187 0.444354 0.040917 0.085652
5 0.298622 0.462630 0.026596 0.087289
5 0.318672 0.427987 0.038052 0.083470
5 0.357338 0.435897 0.036007 0.106929
5 0.363884 0.415439 0.011457 0.030005
3 0.218017 0.014730 0.032324 0.029460
3 0.263843 0.009547 0.022504 0.019094
5 0.247681 0.021822 0.022913 0.037098
5 0.264457 0.509274 0.012275 0.031097
5 0.248704 0.507638 0.011047 0.035461
5 0.235202 0.501364 0.013502 0.044735
5 0.220267 0.494272 0.009820 0.036007
5 0.211675 0.498909 0.011457 0.031097
1 0.171167 0.477087 0.037643 0.042008
1 0.135775 0.434534 0.029051 0.045281
1 0.109997 0.388980 0.051146 0.039280
1 0.136184 0.352428 0.058511 0.033824
1 0.106724 0.321331 0.047054 0.051282
1 0.111429 0.079924 0.048282 0.058374
0 0.490957 0.395745 0.981914 0.791489