2 0.193281 0.532446 0.041510 0.047275
2 0.543232 0.592405 0.034592 0.054194
2 0.555772 0.552337 0.018161 0.025944
2 0.531990 0.491513 0.014701 0.012684
2 0.540206 0.503044 0.019025 0.023061
2 0.856358 0.793901 0.028970 0.043240
2 0.871925 0.786118 0.008216 0.028826
2 0.921218 0.811774 0.023782 0.068607
2 0.940892 0.815809 0.021620 0.060535
2 0.964457 0.801684 0.026376 0.058806
2 0.991849 0.804855 0.016301 0.055923
2 0.513007 0.534763 0.017332 0.023734
0 0.479046 0.527892 0.060896 0.054962
0 0.625195 0.522583 0.019674 0.078071
0 0.519565 0.567240 0.036069 0.048717
5 0.504497 0.507729 0.991006 0.984542