1 0.623409 0.412864 0.025610 0.045943
1 0.604318 0.348917 0.046098 0.074502
1 0.558686 0.353573 0.027473 0.072639
1 0.566136 0.421245 0.025610 0.036630
1 0.595005 0.409760 0.021885 0.039734
5 0.761237 0.346433 0.017229 0.034767
5 0.636913 0.281555 0.014435 0.034147
5 0.486745 0.576768 0.024213 0.109269
5 0.521202 0.577699 0.030732 0.073881
5 0.428540 0.578320 0.012107 0.057739
5 0.504905 0.602843 0.014900 0.037251
1 0.542388 0.653753 0.027473 0.032284
1 0.524927 0.577699 0.022351 0.041597
1 0.499783 0.511268 0.039113 0.025455
1 0.526091 0.534861 0.033991 0.027938
1 0.563808 0.614640 0.026541 0.036009
1 0.606413 0.605327 0.045632 0.083194
1 0.494428 0.808965 0.025610 0.021109
1 0.515382 0.817036 0.021885 0.049668
1 0.405491 0.213882 0.033991 0.047805
5 0.325169 0.255169 0.023282 0.073260
5 0.376389 0.275346 0.011175 0.031663
5 0.365680 0.274725 0.013038 0.032905
1 0.287918 0.804309 0.053083 0.050289
1 0.434826 0.138760 0.018160 0.041597
1 0.174536 0.131309 0.029335 0.026696
1 0.082107 0.189980 0.027007 0.044701
1 0.044158 0.192463 0.023747 0.024834
2 0.082806 0.294592 0.016297 0.032905
2 0.103294 0.256721 0.021885 0.041597
5 0.011951 0.935308 0.023902 0.061464
5 0.008226 0.460669 0.016452 0.036009
5 0.014512 0.433662 0.029024 0.039113
1 0.848525 0.357350 0.025387 0.095745
1 0.876451 0.342843 0.026112 0.028046
5 0.911992 0.026596 0.013056 0.029981
5 0.902200 0.051257 0.010880 0.025145
5 0.915619 0.052708 0.013056 0.026112
1 0.915619 0.421180 0.030464 0.041586
5 0.892408 0.088491 0.011605 0.026112
0 0.500000 0.494681 1.000000 0.989362