1 0.785938 0.147572 0.021686 0.028914
1 0.809056 0.165303 0.022913 0.021822
1 0.761798 0.172668 0.025777 0.035461
1 0.884343 0.183852 0.062193 0.072013
5 0.819694 0.103110 0.012275 0.037098
5 0.633933 0.501909 0.015548 0.041462
5 0.549645 0.571740 0.018822 0.045827
5 0.593835 0.532460 0.013093 0.032733
5 0.457788 0.609656 0.037234 0.099836
5 0.482951 0.619203 0.031097 0.085106
5 0.504842 0.600382 0.029869 0.066012
5 0.466585 0.516639 0.025368 0.086197
1 0.706151 0.577741 0.042962 0.068740
1 0.676077 0.517458 0.048282 0.057283
1 0.646413 0.446809 0.060147 0.054555
1 0.590971 0.486361 0.049100 0.056192
1 0.483156 0.386525 0.033142 0.024550
1 0.456969 0.427169 0.021686 0.028369
1 0.427305 0.431260 0.022913 0.042008
1 0.490521 0.423350 0.033142 0.039280
1 0.530415 0.466176 0.023732 0.020185
1 0.447559 0.483633 0.023322 0.043099
5 0.426487 0.683033 0.030278 0.079651
5 0.413189 0.284506 0.019231 0.040917
5 0.433033 0.313966 0.015548 0.049645
5 0.272231 0.048827 0.011457 0.036552
5 0.261184 0.045008 0.016367 0.032188
5 0.253410 0.055374 0.012275 0.040917
5 0.151118 0.068467 0.020458 0.043099
5 0.131069 0.063284 0.015548 0.033824
5 0.119817 0.088380 0.015139 0.039280
5 0.131888 0.092471 0.014730 0.036552
1 0.149891 0.482270 0.045827 0.063284
1 0.144776 0.431533 0.022504 0.024004
1 0.191421 0.407256 0.047054 0.047463
1 0.153983 0.397709 0.030278 0.036007
5 0.186102 0.846699 0.029869 0.068740
5 0.070308 0.011729 0.009411 0.023458
5 0.045349 0.564648 0.015139 0.022913
5 0.052510 0.564375 0.011457 0.015821
5 0.033688 0.602019 0.011457 0.019094
5 0.002523 0.446809 0.005046 0.028369
5 0.006410 0.461538 0.012820 0.032733
5 0.071740 0.041462 0.010638 0.022913
0 0.500000 0.502128 0.989362 0.987234