0 0.500000 0.500000 1.000000 1.000000
5 0.498071 0.555051 0.017397 0.045887
5 0.481242 0.550765 0.015506 0.047399
5 0.469140 0.587575 0.017018 0.044374
5 0.453067 0.579003 0.018909 0.030255
5 0.459118 0.529083 0.021935 0.054459
1 0.495046 0.500592 0.037819 0.054963
1 0.463656 0.485213 0.012102 0.019161
1 0.455714 0.556060 0.018153 0.034793
1 0.412601 0.527318 0.034037 0.038827
1 0.443045 0.418400 0.020800 0.021683
5 0.623629 0.507400 0.008320 0.035297
5 0.611716 0.516224 0.009455 0.025717
5 0.609069 0.494037 0.008698 0.024708
5 0.627789 0.407811 0.006051 0.023700
5 0.627789 0.387137 0.006807 0.021683
3 0.584298 0.523536 0.010589 0.020170
3 0.589971 0.513199 0.009076 0.016640
3 0.596589 0.508913 0.008698 0.008068
5 0.845057 0.448151 0.007942 0.011598
5 0.840519 0.454202 0.006429 0.014623
5 0.838817 0.438822 0.007564 0.015127
5 0.749376 0.141820 0.017018 0.045382
5 0.753158 0.044248 0.016262 0.046895
5 0.765638 0.017271 0.006429 0.023195
5 0.659557 0.770617 0.007564 0.023195
5 0.667120 0.773895 0.012102 0.020674
1 0.661826 0.757759 0.009076 0.010589
1 0.671659 0.751708 0.011346 0.014623
1 0.677521 0.723470 0.011724 0.014623
5 0.672226 0.286791 0.008698 0.012606
5 0.687543 0.265109 0.008320 0.023700
5 0.678088 0.258301 0.004538 0.016136
5 0.664473 0.278471 0.005295 0.020170
5 0.660502 0.274941 0.004916 0.016136
3 0.678466 0.270403 0.007564 0.011093
3 0.691703 0.012417 0.015127 0.024834
3 0.702481 0.004601 0.008698 0.009202
5 0.677899 0.018783 0.017775 0.037314
5 0.665419 0.009140 0.013993 0.018279
5 0.438318 0.016514 0.008320 0.020674
5 0.425270 0.025338 0.008698 0.024204
5 0.417707 0.044500 0.007942 0.027229
5 0.328833 0.035928 0.007942 0.026221
4 0.317866 0.043239 0.005673 0.018657
5 0.333182 0.051559 0.007564 0.016136
5 0.339422 0.050551 0.007186 0.026221
5 0.413925 0.106270 0.009455 0.008572
5 0.403903 0.109044 0.005295 0.007059
5 0.373459 0.319819 0.014749 0.039331
5 0.468005 0.432771 0.006429 0.015127
5 0.156758 0.422686 0.015506 0.041348
5 0.134445 0.376295 0.006429 0.016136
5 0.146358 0.377304 0.007564 0.012102
5 0.151842 0.358394 0.010967 0.016640
5 0.115914 0.351335 0.013237 0.025717
5 0.094925 0.323853 0.016640 0.027229
1 0.148816 0.306205 0.009455 0.011093
1 0.147682 0.318055 0.006429 0.007564
1 0.199115 0.296876 0.013993 0.026725
1 0.136525 0.332174 0.015884 0.032776
4 0.217646 0.277463 0.007186 0.009076
1 0.231072 0.263596 0.009833 0.010589
5 0.242228 0.175100 0.011724 0.026221
5 0.286476 0.198044 0.009455 0.026725
5 0.295553 0.050047 0.009455 0.023195
5 0.265676 0.043491 0.005673 0.014119
3 0.009076 0.237879 0.014371 0.028742
3 0.015506 0.252502 0.017397 0.014623
3 0.024960 0.235358 0.018153 0.014623