2 0.089125 0.210998 0.027070 0.043391
2 0.111979 0.256756 0.031952 0.054436
2 0.139937 0.233877 0.032839 0.081260
2 0.174995 0.265829 0.033727 0.069426
2 0.128399 0.287130 0.020414 0.036291
2 0.148146 0.295414 0.019082 0.067059
2 0.121964 0.345511 0.028845 0.071004
2 0.238011 0.307248 0.035502 0.106506
2 0.219668 0.136576 0.017751 0.043391
0 0.196592 0.050188 0.065679 0.080471
0 0.427280 0.908019 0.171740 0.176721
2 0.455904 0.686855 0.023076 0.053647
2 0.508935 0.743658 0.021745 0.083627
2 0.478758 0.660426 0.023520 0.084416
2 0.507603 0.648592 0.030620 0.090727
2 0.622097 0.074513 0.018195 0.071793
2 0.575057 0.073330 0.035058 0.063115
2 0.563815 0.687513 0.029733 0.056014
2 0.765066 0.887901 0.025739 0.092305
2 0.832002 0.030596 0.022632 0.051281
2 0.846647 0.058208 0.019970 0.065481
2 0.864619 0.053869 0.019526 0.075737
2 0.884589 0.053080 0.028402 0.071004
0 0.094672 0.182202 0.048815 0.157786
2 0.145040 0.443733 0.031508 0.046547
0 0.535132 0.513491 0.138280 0.197864
5 0.504497 0.502998 0.991006 0.962338