2 0.358233 0.525403 0.042131 0.103538
2 0.295036 0.500069 0.054523 0.171830
2 0.322917 0.555143 0.033457 0.149800
2 0.588169 0.106763 0.020136 0.051402
2 0.663668 0.639199 0.049124 0.110934
2 0.931195 0.230303 0.029073 0.088965
2 0.968846 0.134983 0.025260 0.086423
2 0.987672 0.129900 0.015251 0.089812
2 0.947161 0.094314 0.047660 0.050837
2 0.919042 0.132442 0.034315 0.054226
2 0.928335 0.151082 0.036698 0.059310
2 0.950974 0.160402 0.012392 0.077950
0 0.700850 0.071929 0.112686 0.143858
0 0.343082 0.099624 0.157550 0.195118
0 0.505501 0.216853 0.176137 0.146339
0 0.128263 0.361421 0.141940 0.444595
0 0.173042 0.051538 0.106455 0.103075
5 0.500000 0.500000 1.000000 1.000000