2 0.129730 0.918045 0.035502 0.066270
0 0.159019 0.528214 0.099405 0.088163
2 0.571803 0.741620 0.019970 0.076329
2 0.514112 0.604445 0.025295 0.081654
2 0.545842 0.492515 0.025739 0.075146
2 0.646948 0.438966 0.019970 0.054436
2 0.661149 0.436008 0.018195 0.062720
2 0.673575 0.440741 0.016420 0.062720
2 0.686666 0.428316 0.018639 0.087571
2 0.712627 0.414707 0.027958 0.069820
2 0.696651 0.607107 0.022632 0.078696
2 0.717286 0.598824 0.017751 0.066862
2 0.727715 0.589652 0.019970 0.040235
2 0.957368 0.805030 0.039940 0.035502
5 0.506183 0.504356 0.987634 0.991287