0 0.500000 0.500000 1.000000 1.000000
5 0.391801 0.464791 0.012858 0.049921
5 0.376295 0.460253 0.013615 0.048912
5 0.423947 0.474119 0.016640 0.041348
5 0.402201 0.474372 0.020044 0.058997
3 0.414681 0.523032 0.013993 0.023195
3 0.418274 0.481935 0.018909 0.053955
3 0.710423 0.574465 0.025338 0.061518
3 0.781144 0.562615 0.029877 0.065048
3 0.774525 0.538663 0.013615 0.039331
3 0.729899 0.558077 0.014371 0.054963
5 0.753536 0.545218 0.016262 0.065552
4 0.761856 0.557320 0.013993 0.052442
4 0.889305 0.345032 0.019287 0.052442
3 0.881930 0.356125 0.016640 0.050425
3 0.895356 0.352091 0.013993 0.056476
5 0.865290 0.354360 0.012858 0.032776
5 0.781144 0.226281 0.029877 0.073116
5 0.167536 0.380581 0.005295 0.013615
5 0.172642 0.383607 0.007942 0.021683
4 0.181151 0.385876 0.008320 0.020170
3 0.159784 0.391675 0.012480 0.028742