1 0.630456 0.307420 0.041326 0.042008
1 0.600382 0.397709 0.042553 0.038189
1 0.595676 0.352155 0.041326 0.032188
1 0.501978 0.341244 0.051146 0.063830
1 0.537780 0.397709 0.038462 0.064375
1 0.562943 0.382979 0.018412 0.028369
5 0.409302 0.604746 0.020458 0.076923
5 0.425259 0.605837 0.019640 0.054010
5 0.431397 0.597927 0.020458 0.036007
5 0.432624 0.627387 0.026187 0.067649
5 0.446331 0.619476 0.018412 0.061648
5 0.452264 0.612111 0.015548 0.039280
5 0.463721 0.624932 0.023732 0.080196
5 0.479474 0.598200 0.016776 0.070376
5 0.486225 0.569013 0.022913 0.045827
5 0.465767 0.571195 0.008183 0.030551
5 0.409711 0.811511 0.014730 0.040917
5 0.396208 0.799236 0.014730 0.052373
5 0.095881 0.465085 0.010638 0.031097
5 0.122068 0.475177 0.005728 0.029460
5 0.112452 0.472177 0.007774 0.027823
5 0.124523 0.507911 0.010638 0.028369
5 0.134956 0.510638 0.007774 0.019640
5 0.129637 0.482270 0.011047 0.014184
0 0.498138 0.496809 0.996276 0.993617