2 0.589992 0.542131 0.020279 0.074349
1 0.580399 0.517348 0.017494 0.071434
1 0.510970 0.457213 0.024054 0.054669
2 0.529558 0.497303 0.018587 0.048837
2 0.519444 0.522086 0.022414 0.054669
2 0.533931 0.538487 0.013120 0.042277
2 0.554979 0.487827 0.012574 0.073621
2 0.543771 0.492930 0.012027 0.067789
2 0.560719 0.499854 0.019681 0.083096
2 0.544045 0.546793 0.013667 0.045922
2 0.399173 0.510932 0.013667 0.038633
0 0.390426 0.389203 0.060682 0.096946
0 0.563726 0.351774 0.067243 0.065823
4 0.338147 0.458223 0.021447 0.044483
2 0.342436 0.477605 0.022400 0.050202
1 0.254266 0.591353 0.010009 0.042576
1 0.261653 0.587858 0.008579 0.026690
1 0.287389 0.581821 0.008579 0.037492
1 0.269993 0.579597 0.009055 0.022877
1 0.278096 0.571972 0.012868 0.055921
2 0.241636 0.567841 0.011438 0.040034
1 0.232580 0.566570 0.008579 0.032409
1 0.219474 0.577691 0.008102 0.021606
1 0.225908 0.572925 0.012392 0.043847
1 0.226146 0.270417 0.004289 0.012074
1 0.177057 0.300919 0.087218 0.084517
0 0.128488 0.433785 0.138690 0.154418
0 0.843104 0.714283 0.283100 0.549042
5 0.500000 0.500929 1.000000 0.998141