0 0.029547 0.282330 0.043240 0.076870
0 0.261743 0.566494 0.090803 0.135292
2 0.245961 0.367912 0.025511 0.038435
2 0.295038 0.418646 0.036321 0.056884
2 0.279471 0.442861 0.024214 0.053040
1 0.365086 0.376624 0.015566 0.035360
2 0.356654 0.403144 0.019458 0.065340
1 0.510010 0.758925 0.037618 0.075333
1 0.585895 0.762000 0.029403 0.087632
1 0.520820 0.809275 0.028106 0.039204
1 0.547196 0.733174 0.028970 0.074564
0 0.544484 0.689228 0.173233 0.156710
0 0.669809 0.549551 0.062088 0.144446
0 0.546017 0.496406 0.107313 0.152622
0 0.506158 0.341058 0.136440 0.141721
0 0.360519 0.344465 0.096581 0.273903
0 0.839338 0.108491 0.049057 0.076311
5 0.502811 0.505996 0.994378 0.980326