3 0.797190 0.004364 0.004910 0.008728
3 0.791053 0.003546 0.004910 0.007092
3 0.783074 0.005728 0.006956 0.011456
5 0.782256 0.014730 0.007774 0.014184
4 0.774891 0.007365 0.011047 0.014730
4 0.768344 0.007638 0.011047 0.015276
1 0.809056 0.018276 0.019640 0.036552
5 0.888230 0.555919 0.010229 0.018549
5 0.790848 0.519367 0.011047 0.014184
5 0.782051 0.528369 0.003273 0.012548
5 0.785734 0.530551 0.005728 0.013639
5 0.782870 0.480360 0.005728 0.015821
4 0.794735 0.446536 0.007365 0.010366
4 0.921781 0.409711 0.007774 0.016367
4 0.930169 0.420349 0.010638 0.018003
5 0.930578 0.410256 0.007365 0.012002
5 0.934670 0.407256 0.007365 0.012548
3 0.916258 0.409711 0.005728 0.013093
5 0.840767 0.790235 0.013502 0.034370
5 0.820104 0.791871 0.014730 0.033279
5 0.806192 0.789143 0.013912 0.031097
5 0.804555 0.765957 0.012275 0.014184
4 0.812943 0.786961 0.011047 0.024550
5 0.789825 0.691217 0.006547 0.024004
5 0.795349 0.693126 0.009411 0.015821
5 0.804555 0.690125 0.005728 0.019640
5 0.791871 0.678396 0.007365 0.008183
5 0.740112 0.625750 0.005319 0.015276
5 0.744203 0.619749 0.006956 0.010911
5 0.728451 0.630115 0.005728 0.020731
4 0.736634 0.632297 0.008183 0.018549
5 0.733361 0.690944 0.003273 0.007092
5 0.735202 0.690125 0.003682 0.007638
5 0.737248 0.690671 0.005319 0.009820
5 0.742567 0.690398 0.004501 0.008183
5 0.739294 0.686579 0.004501 0.010366
5 0.670758 0.952537 0.008183 0.021822
4 0.689375 0.953901 0.007774 0.026732
3 0.609384 0.878069 0.007365 0.018003
3 0.615521 0.873159 0.005728 0.016912
5 0.621249 0.869340 0.007365 0.020185
5 0.665235 0.760502 0.005319 0.015276
5 0.669940 0.763775 0.004910 0.009820
5 0.676896 0.762411 0.005728 0.013639
5 0.672804 0.757774 0.003273 0.015276
3 0.668712 0.725041 0.006547 0.014184
3 0.670145 0.693399 0.005319 0.007638
5 0.676487 0.698854 0.004092 0.013093
5 0.672395 0.700764 0.004910 0.012548
3 0.684875 0.706219 0.004501 0.014730
5 0.688966 0.701582 0.004501 0.013093
4 0.671577 0.531369 0.005728 0.009820
4 0.715153 0.491544 0.006137 0.010911
5 0.681601 0.436989 0.006956 0.017458
5 0.689785 0.421167 0.004501 0.012002
5 0.674441 0.429624 0.007365 0.013639
5 0.568876 0.464812 0.012275 0.031642
5 0.566421 0.442717 0.009820 0.015821
5 0.541667 0.434534 0.006956 0.024550
5 0.548827 0.447081 0.007365 0.023459
5 0.555987 0.447081 0.005319 0.020185
5 0.570308 0.426077 0.003682 0.012002
5 0.574400 0.430715 0.005319 0.019094
5 0.579924 0.432624 0.005728 0.016367
5 0.557624 0.421440 0.003682 0.014730
4 0.560284 0.413530 0.008183 0.010911
5 0.561307 0.423077 0.005319 0.011457
5 0.546986 0.430442 0.007774 0.008729
3 0.515071 0.378069 0.008592 0.024004
3 0.528164 0.405346 0.006956 0.013093
3 0.534302 0.397163 0.005319 0.024004
5 0.437943 0.567649 0.022913 0.064921
5 0.469858 0.571468 0.021277 0.066012
5 0.485611 0.572559 0.011866 0.055101
4 0.492362 0.565466 0.013093 0.033279
5 0.509343 0.574195 0.017594 0.073650
4 0.522640 0.564375 0.014730 0.050736
4 0.419531 0.687125 0.004910 0.009274
4 0.411348 0.688489 0.002455 0.006547
4 0.414007 0.687670 0.002046 0.008183
4 0.537166 0.731588 0.008592 0.016367
5 0.522845 0.708402 0.007774 0.022368
3 0.532460 0.729678 0.005728 0.019094
3 0.543099 0.732406 0.004910 0.015821
3 0.567649 0.784506 0.009002 0.018549
5 0.577059 0.797872 0.009820 0.018003
5 0.608974 0.792962 0.005728 0.021277
5 0.601609 0.798691 0.005728 0.015276
5 0.388434 0.900709 0.009002 0.020731
3 0.388434 0.921986 0.009820 0.024004
3 0.394981 0.923895 0.004092 0.019094
3 0.402755 0.922804 0.007365 0.015821
4 0.388843 0.922259 0.012275 0.018003
4 0.402141 0.920076 0.011047 0.019094
5 0.508933 0.993453 0.003682 0.013093
5 0.513230 0.993181 0.004092 0.010366
5 0.515685 0.988816 0.005728 0.014730
1 0.323991 0.614839 0.020867 0.025095
5 0.351405 0.512548 0.006956 0.021277
5 0.307215 0.468903 0.011047 0.018003
5 0.324809 0.541735 0.008592 0.012002
4 0.414416 0.011729 0.017594 0.023458
5 0.408688 0.026732 0.008592 0.028369
5 0.417894 0.041462 0.013912 0.029460
5 0.430783 0.034370 0.011866 0.018549
5 0.427510 0.009002 0.011866 0.018003
3 0.508115 0.157938 0.011866 0.039825
5 0.513843 0.202400 0.012684 0.043644
3 0.527550 0.198309 0.013093 0.043099
5 0.493385 0.173759 0.017594 0.024550
5 0.504433 0.188216 0.011047 0.039280
3 0.418303 0.188489 0.009002 0.025641
3 0.448377 0.209493 0.007774 0.025095
5 0.442853 0.214675 0.004910 0.023459
5 0.424032 0.207310 0.006547 0.034915
3 0.436102 0.219040 0.007774 0.020185
3 0.514662 0.377250 0.009411 0.025641
3 0.377387 0.351337 0.007365 0.029460
3 0.359588 0.334697 0.011866 0.030005
4 0.359384 0.196127 0.007365 0.014730
4 0.221495 0.349154 0.004910 0.017458
4 0.211061 0.349973 0.006956 0.008183
5 0.228451 0.356247 0.008183 0.016367
5 0.214948 0.356792 0.004092 0.012002
5 0.292280 0.394435 0.009002 0.030551
5 0.298418 0.392526 0.009002 0.025641
4 0.237657 0.410529 0.008592 0.018003
3 0.240112 0.429351 0.004501 0.022913
5 0.247068 0.428805 0.007774 0.018549
4 0.148459 0.521277 0.006956 0.021277
5 0.165439 0.415712 0.000000 0.004364
3 0.215357 0.346699 0.005728 0.013639
0 0.499202 0.495745 0.994149 0.991489