1 0.906516 0.031974 0.028404 0.034147
1 0.676724 0.112063 0.034457 0.032905
1 0.718864 0.081331 0.046098 0.034767
1 0.750761 0.058360 0.040976 0.034767
1 0.784519 0.097784 0.029335 0.031663
3 0.735860 0.112684 0.012107 0.025455
3 0.770084 0.108648 0.010710 0.017384
5 0.888123 0.090644 0.012107 0.028559
5 0.651118 0.175396 0.006547 0.028914
1 0.934875 0.689853 0.061784 0.043099
1 0.891708 0.737861 0.059738 0.028914
1 0.964130 0.748227 0.036007 0.031097
5 0.930169 0.866067 0.009002 0.027823
5 0.914212 0.866067 0.012275 0.026732
5 0.754637 0.913803 0.005728 0.012002
5 0.657665 0.275505 0.009002 0.033824
5 0.666258 0.265139 0.008183 0.025095
5 0.671577 0.253682 0.009002 0.022913
5 0.669531 0.378342 0.013912 0.031097
5 0.685284 0.341517 0.010229 0.028369
5 0.644981 0.396618 0.007365 0.030551
5 0.652550 0.379978 0.004501 0.021277
5 0.625955 0.396618 0.007774 0.031642
5 0.620226 0.381342 0.007774 0.022913
1 0.644163 0.858429 0.029460 0.039825
1 0.660734 0.863066 0.020867 0.036007
5 0.548213 0.645936 0.008592 0.042553
5 0.527755 0.645936 0.011047 0.031642
5 0.519981 0.668303 0.007774 0.030551
5 0.532870 0.672668 0.013093 0.024004
5 0.538189 0.665576 0.012275 0.028369
5 0.525914 0.676487 0.012275 0.030551
1 0.508933 0.457720 0.050327 0.029460
1 0.550055 0.444899 0.028642 0.033279
1 0.500136 0.421167 0.027823 0.044735
1 0.525709 0.416258 0.023322 0.039280
1 0.536961 0.342608 0.026187 0.048009
1 0.534915 0.302510 0.026187 0.020185
1 0.583811 0.295417 0.036416 0.028914
1 0.580333 0.265139 0.029460 0.031642
1 0.560488 0.238953 0.042144 0.038189
1 0.546781 0.280960 0.031097 0.031642
1 0.615930 0.293781 0.018822 0.035461
1 0.677714 0.240316 0.028642 0.023459
1 0.598950 0.135025 0.029869 0.056192
1 0.556601 0.125750 0.013912 0.033279
1 0.455128 0.113748 0.049100 0.055101
1 0.495022 0.309056 0.020049 0.045281
2 0.529392 0.377250 0.008592 0.038734
5 0.425873 0.278778 0.042962 0.058920
1 0.344654 0.257229 0.027823 0.028914
5 0.398663 0.398527 0.009820 0.026732
5 0.393549 0.368249 0.007774 0.031642
5 0.393549 0.398254 0.007774 0.028369
5 0.364907 0.323241 0.004501 0.020185
5 0.369203 0.311784 0.012275 0.018003
5 0.387207 0.310966 0.005728 0.030551
5 0.382297 0.303328 0.007365 0.020731
5 0.413598 0.290507 0.006956 0.018003
5 0.428532 0.508456 0.008183 0.028369
5 0.439989 0.515548 0.008183 0.026187
5 0.455333 0.512275 0.013502 0.032733
5 0.445308 0.506274 0.007365 0.030551
5 0.324195 0.466994 0.009002 0.031642
5 0.315807 0.453901 0.009411 0.032733
5 0.306601 0.441899 0.009002 0.029460
5 0.257092 0.361429 0.011457 0.034370
5 0.264253 0.358429 0.016776 0.025095
5 0.275300 0.358156 0.008592 0.025641
5 0.277141 0.378614 0.009820 0.022913
5 0.266298 0.375614 0.006956 0.031097
5 0.295145 0.371522 0.012275 0.026187
5 0.338107 0.327332 0.008183 0.025095
1 0.347109 0.371249 0.023732 0.027823
1 0.321331 0.413257 0.016367 0.023459
1 0.327264 0.374250 0.024141 0.038189
1 0.401937 0.448445 0.022095 0.053464
1 0.397027 0.462357 0.024550 0.045281
1 0.322354 0.549373 0.038871 0.041462
0 0.620745 0.500000 0.758510 1.000000