1 0.507911 0.289689 0.040098 0.038189
1 0.539621 0.362793 0.030687 0.063284
1 0.475586 0.404528 0.035188 0.050736
2 0.516912 0.389798 0.012275 0.022368
2 0.505046 0.395254 0.009002 0.030005
2 0.499523 0.426896 0.010229 0.027823
2 0.517526 0.428805 0.008592 0.034915
2 0.480701 0.452537 0.018412 0.047463
1 0.593221 0.675941 0.031506 0.031642
1 0.605292 0.657392 0.020458 0.029460
1 0.254842 0.360338 0.019231 0.025641
1 0.108770 0.033552 0.039689 0.026732
1 0.028369 0.645663 0.049918 0.058374
0 0.497340 0.496809 0.994680 0.993617