0 0.500000 0.503196 1.000000 0.993608
1 0.972695 0.298389 0.036306 0.049921
1 0.917669 0.338729 0.029877 0.027734
1 0.960782 0.342511 0.013237 0.019161
1 0.964942 0.376043 0.026095 0.018657
1 0.830686 0.347301 0.023069 0.021683
1 0.808562 0.354613 0.028742 0.027229
1 0.772067 0.342763 0.020044 0.034793
4 0.961917 0.402264 0.039710 0.060006
4 0.932796 0.391423 0.024582 0.059501
4 0.849406 0.408315 0.027986 0.082192
5 0.886279 0.418148 0.053324 0.116986
5 0.775471 0.470590 0.045761 0.103875
1 0.944898 0.307213 0.010211 0.020170