0 0.500000 0.445674 1.000000 0.891347
5 0.423190 0.625394 0.039331 0.111943
5 0.390477 0.609510 0.031389 0.076141
1 0.660691 0.572196 0.046895 0.084209
1 0.628735 0.482692 0.022313 0.013110
1 0.616822 0.501601 0.024204 0.017649
1 0.670524 0.444369 0.024960 0.040340
1 0.562174 0.432267 0.051055 0.039331
1 0.590916 0.475884 0.013237 0.011598
1 0.576923 0.460505 0.013993 0.012102
5 0.507148 0.533117 0.011346 0.023195
1 0.559527 0.135517 0.020800 0.033785
1 0.506202 0.092656 0.020800 0.031768
4 0.387263 0.085092 0.015127 0.021683
4 0.371001 0.084083 0.015884 0.013615
4 0.357764 0.365202 0.020422 0.050425
1 0.233530 0.101228 0.024582 0.022691
1 0.215188 0.109296 0.021935 0.023700
1 0.187580 0.117112 0.024204 0.030255
1 0.206490 0.158964 0.031768 0.027229
1 0.259436 0.126188 0.020422 0.020170
1 0.235232 0.143585 0.011346 0.013615
1 0.184177 0.384615 0.057484 0.056980
1 0.116292 0.409071 0.054837 0.058493
1 0.116292 0.341250 0.033659 0.061014
1 0.154867 0.326627 0.042735 0.038827
1 0.085659 0.789275 0.035171 0.040340
1 0.069397 0.737085 0.016262 0.025717
5 0.107972 0.254771 0.014749 0.028238
5 0.103434 0.237375 0.010211 0.020674
5 0.132554 0.264604 0.015506 0.039836