2 0.949400 0.097927 0.009002 0.027823
2 0.988475 0.087016 0.021686 0.016912
1 0.907051 0.105292 0.028232 0.046918
1 0.951241 0.130933 0.029869 0.025095
1 0.942649 0.071468 0.040507 0.034915
1 0.989430 0.129842 0.021140 0.034915
5 0.891503 0.300600 0.029051 0.093835
5 0.932624 0.311784 0.023732 0.063830
5 0.927100 0.405074 0.029051 0.082379
5 0.832992 0.923350 0.014321 0.038734
5 0.701650 0.289143 0.009411 0.031642
5 0.720267 0.377523 0.033552 0.049100
5 0.699604 0.332788 0.009411 0.037098
5 0.710447 0.335788 0.011457 0.033279
5 0.665235 0.361429 0.011047 0.054010
5 0.674236 0.360065 0.011047 0.042553
5 0.683033 0.347245 0.009820 0.044190
5 0.692853 0.333879 0.009002 0.038189
5 0.672600 0.406165 0.014321 0.047463
5 0.719449 0.417621 0.013093 0.026732
5 0.655824 0.430715 0.015139 0.033279
1 0.634343 0.760229 0.050736 0.063830
5 0.611429 0.211675 0.014730 0.024004
5 0.624727 0.171849 0.006137 0.025095
5 0.645595 0.161211 0.016776 0.018003
5 0.678737 0.186307 0.006137 0.031097
5 0.686102 0.181669 0.010229 0.030551
5 0.693467 0.186579 0.007774 0.021822
5 0.638843 0.187125 0.005728 0.020731
5 0.652550 0.183579 0.004501 0.016912
5 0.647436 0.184397 0.004092 0.018549
5 0.567239 0.324877 0.019640 0.055101
5 0.584629 0.300055 0.009411 0.036007
5 0.605292 0.328423 0.010638 0.046918
5 0.554351 0.112384 0.014321 0.064375
5 0.565398 0.113748 0.011047 0.059465
5 0.576037 0.131206 0.014321 0.055101
5 0.555783 0.060829 0.016367 0.055101
2 0.730292 0.063011 0.011047 0.036552
2 0.754023 0.037098 0.013502 0.021822
5 0.493385 0.042553 0.006137 0.034915
5 0.505251 0.049373 0.010229 0.034370
2 0.357542 0.043644 0.013502 0.032733
2 0.368385 0.044735 0.009820 0.027278
2 0.378819 0.046645 0.018412 0.031097
2 0.390889 0.035734 0.013093 0.032188
2 0.430578 0.065466 0.009002 0.043644
2 0.420145 0.067376 0.008592 0.020185
2 0.391503 0.071468 0.005319 0.031642
1 0.370226 0.087016 0.024141 0.042008
1 0.366748 0.125477 0.025368 0.022913
1 0.297600 0.131751 0.036825 0.033279
1 0.310079 0.071740 0.030687 0.050736
1 0.293508 0.309875 0.022095 0.064375
1 0.322559 0.292962 0.036825 0.039280
2 0.372886 0.173486 0.011457 0.037098
5 0.362043 0.184670 0.010229 0.033279
5 0.329514 0.265685 0.012275 0.049100
5 0.272640 0.311238 0.013093 0.039825
5 0.271822 0.222313 0.006547 0.025641
5 0.249318 0.108838 0.005728 0.024550
5 0.242771 0.091380 0.006547 0.024550
5 0.258524 0.108292 0.008592 0.032188
5 0.253001 0.178942 0.009002 0.021822
5 0.242158 0.159029 0.006137 0.016912
5 0.238066 0.149209 0.005319 0.019094
5 0.257706 0.162302 0.012684 0.015821
5 0.480087 0.273050 0.013912 0.042008
5 0.489907 0.253955 0.009002 0.044190
5 0.497886 0.264321 0.015957 0.060556
5 0.504842 0.262684 0.013502 0.044190
5 0.514866 0.259956 0.021277 0.049645
3 0.517730 0.296236 0.012275 0.028369
3 0.490726 0.294599 0.015548 0.029460
5 0.313352 0.653301 0.013502 0.069285
5 0.323582 0.649755 0.011047 0.062193
5 0.328492 0.664484 0.013502 0.066558
5 0.343426 0.639116 0.009820 0.067103
5 0.354064 0.653028 0.015548 0.070922
5 0.360816 0.641571 0.021686 0.060011
5 0.372068 0.630933 0.020458 0.051828
5 0.378410 0.617840 0.010229 0.049645
5 0.361429 0.603110 0.010638 0.023459
5 0.269776 0.450900 0.018822 0.061648
5 0.248091 0.243863 0.009820 0.018549
5 0.254433 0.308511 0.009411 0.033279
5 0.246658 0.293508 0.006956 0.026187
5 0.224359 0.364703 0.004092 0.019094
5 0.229883 0.364975 0.005319 0.018549
5 0.241135 0.694217 0.000000 0.003819
2 0.203082 0.593017 0.009820 0.027278
5 0.126364 0.822695 0.017594 0.042553
5 0.064785 0.822968 0.020458 0.078014
5 0.131478 0.782870 0.016367 0.018549
5 0.152755 0.820240 0.009820 0.020185
5 0.159302 0.679487 0.009002 0.030005
5 0.128819 0.611839 0.011866 0.011457
5 0.088107 0.384888 0.008183 0.028914
5 0.057215 0.390344 0.004501 0.023459
5 0.061102 0.390889 0.008183 0.018003
5 0.072149 0.373704 0.004092 0.016367
5 0.072968 0.392253 0.006547 0.004364
5 0.080537 0.396072 0.003682 0.021822
5 0.076855 0.375887 0.005319 0.016367
0 0.497340 0.500000 0.994680 1.000000