4 0.202361 0.259013 0.012972 0.021524
4 0.214468 0.279768 0.011242 0.035360
4 0.385408 0.748035 0.019025 0.042279
2 0.365950 0.752648 0.029403 0.060727
2 0.447457 0.498079 0.039348 0.032285
2 0.459564 0.524984 0.023782 0.064571
2 0.458915 0.446576 0.021620 0.083020
2 0.471239 0.437736 0.022052 0.077639
2 0.493291 0.411984 0.030700 0.058421
2 0.510154 0.455800 0.033294 0.070721
2 0.521613 0.496542 0.017296 0.075333
2 0.538260 0.494620 0.017728 0.093013
2 0.630360 0.887427 0.014269 0.094550
4 0.661709 0.907413 0.025944 0.057653
4 0.666249 0.822087 0.016863 0.043816
2 0.695291 0.714981 0.027673 0.053040
2 0.728369 0.749188 0.017728 0.075333
2 0.742206 0.716519 0.018593 0.069952
2 0.759069 0.739580 0.019458 0.080714
2 0.748476 0.807226 0.017296 0.049966
2 0.835892 0.727665 0.018593 0.046122
2 0.857079 0.759950 0.022052 0.041510
4 0.832649 0.785317 0.024214 0.039973
0 0.735072 0.534977 0.028538 0.059959
0 0.643620 0.802870 0.096424 0.116074
0 0.416180 0.571106 0.027241 0.076870
0 0.364365 0.724078 0.047563 0.067646
2 0.348366 0.703707 0.015566 0.017680
5 0.500281 0.507916 0.999438 0.984167