2 0.019386 0.363716 0.009945 0.033439
2 0.055274 0.355357 0.020323 0.031709
2 0.062193 0.383030 0.013404 0.037474
2 0.075597 0.379859 0.019458 0.012684
2 0.048140 0.584526 0.017296 0.057653
2 0.082515 0.587120 0.023782 0.062841
2 0.339430 0.533600 0.027673 0.049581
2 0.360617 0.540806 0.021620 0.029403
2 0.363860 0.490648 0.026376 0.061688
2 0.384832 0.482000 0.030268 0.057076
2 0.508713 0.549646 0.015134 0.081290
2 0.517361 0.549934 0.019458 0.066877
2 0.519090 0.440683 0.024647 0.061688
2 0.540926 0.431746 0.025944 0.074948
2 0.570545 0.394272 0.061832 0.046122
2 0.574653 0.477580 0.015566 0.078984
2 0.597570 0.488534 0.023349 0.097433
2 0.590219 0.540710 0.017296 0.046122
0 0.346311 0.408184 0.052790 0.060611
0 0.388103 0.573885 0.089449 0.079185
0 0.267126 0.636940 0.058655 0.056700
5 0.501967 0.504356 0.996065 0.991287