1 0.376898 0.476289 0.018561 0.098991
1 0.451855 0.438215 0.031411 0.124373
1 0.393317 0.466136 0.022844 0.083762
1 0.410450 0.403949 0.017133 0.116759
1 0.431152 0.400142 0.035694 0.129450
1 0.511821 0.910908 0.019989 0.142141
2 0.962783 0.976650 0.025055 0.046699
2 0.944775 0.932422 0.018791 0.038974
1 0.986481 0.969308 0.027038 0.059853
0 0.947724 0.914709 0.104552 0.170581
2 0.992390 0.144114 0.015220 0.094391
2 0.884263 0.261573 0.009335 0.038724
1 0.860302 0.254382 0.024894 0.035405
1 0.875550 0.261573 0.010580 0.067491
5 0.500000 0.500000 1.000000 1.000000