2 0.078191 0.766612 0.015999 0.041510
0 0.076678 0.854757 0.068318 0.069183
0 0.130295 0.721131 0.099451 0.169883
0 0.186723 0.574565 0.090371 0.111462
0 0.162725 0.963272 0.108964 0.071489
0 0.253095 0.036986 0.040645 0.049966
0 0.314928 0.035833 0.070048 0.066108
2 0.278246 0.128333 0.018593 0.030748
2 0.304406 0.378930 0.019890 0.058421
2 0.344619 0.371628 0.013837 0.060727
2 0.357807 0.370090 0.019458 0.065340
0 0.319972 0.874103 0.087344 0.200631
2 0.399749 0.820934 0.022052 0.069183
2 0.421369 0.818628 0.024647 0.073795
2 0.414234 0.211866 0.018161 0.055347
2 0.431746 0.190726 0.030700 0.065340
0 0.512965 0.020863 0.070913 0.041726
0 0.520604 0.197773 0.097721 0.066108
2 0.551520 0.245048 0.015999 0.026905
0 0.526009 0.303341 0.088641 0.140929
2 0.542872 0.455416 0.026376 0.074564
2 0.567735 0.432739 0.032862 0.078408
2 0.599516 0.463872 0.026376 0.082251
2 0.529252 0.912153 0.018161 0.053809
0 0.606866 0.707166 0.062697 0.084557
2 0.653277 0.851426 0.016863 0.052272
2 0.663654 0.881790 0.022052 0.089938
2 0.675113 0.908694 0.021620 0.056115
2 0.774852 0.931755 0.035456 0.023830
0 0.735720 0.908310 0.119773 0.176802
2 0.588201 0.128333 0.019025 0.052272
2 0.636630 0.168690 0.020755 0.049966
2 0.675545 0.255938 0.025944 0.039973
2 0.735288 0.198541 0.015134 0.046122
2 0.890734 0.876665 0.017296 0.048428
2 0.905003 0.867825 0.018161 0.036898
2 0.958620 0.484499 0.023349 0.076870
2 0.978942 0.418006 0.027673 0.093013
2 0.959485 0.266956 0.015566 0.053809
2 0.835387 0.326146 0.030268 0.073795
2 0.853115 0.232749 0.013837 0.036129
2 0.569536 0.092589 0.009080 0.031517
0 0.598074 0.121415 0.138799 0.121455
0 0.727072 0.249276 0.078264 0.104544
0 0.762529 0.355357 0.064427 0.081482
0 0.859169 0.415059 0.077831 0.107618
2 0.792580 0.715237 0.019025 0.040741
0 0.872645 0.748676 0.048861 0.078408
0 0.926623 0.843995 0.089938 0.081482
0 0.908462 0.634524 0.115882 0.136060
0 0.912354 0.169331 0.057941 0.107618
0 0.843603 0.077086 0.069183 0.058421
2 0.987590 0.587505 0.018161 0.049197
2 0.965538 0.596729 0.013837 0.049197
5 0.506158 0.506743 0.964280 0.986514