5 0.964539 0.259411 0.015548 0.088925
5 0.945104 0.240316 0.026596 0.074741
5 0.906438 0.274141 0.018003 0.042008
5 0.926896 0.264594 0.012275 0.031642
5 0.864907 0.417349 0.015957 0.045827
5 0.833402 0.425805 0.020867 0.026732
5 0.877387 0.439989 0.018822 0.064921
5 0.891503 0.426077 0.009411 0.043644
5 0.893549 0.380797 0.020867 0.048009
5 0.782051 0.950627 0.015548 0.052919
5 0.734179 0.966448 0.014730 0.034370
1 0.829719 0.974632 0.032324 0.032188
1 0.867362 0.944081 0.031506 0.040917
1 0.911961 0.977632 0.072422 0.044735
1 0.950423 0.845881 0.057692 0.049645
1 0.789621 0.421713 0.034779 0.040371
1 0.907460 0.470813 0.034779 0.056738
5 0.559670 0.126568 0.022504 0.056738
5 0.576037 0.121113 0.015957 0.018549
5 0.597722 0.103110 0.011866 0.032733
5 0.595472 0.135843 0.015548 0.031642
5 0.612452 0.094108 0.018412 0.052919
5 0.631888 0.103110 0.023732 0.052373
5 0.649073 0.098200 0.016367 0.074195
5 0.666871 0.093835 0.023322 0.050191
5 0.683442 0.092744 0.013912 0.052373
5 0.657256 0.153028 0.012275 0.035461
5 0.624523 0.152755 0.012275 0.042553
5 0.637616 0.170213 0.029460 0.067649
5 0.666258 0.194763 0.018003 0.055646
5 0.640889 0.291871 0.030278 0.048009
5 0.534097 0.398254 0.021277 0.062193
2 0.536757 0.471904 0.019231 0.041462
2 0.567853 0.404801 0.008592 0.049100
2 0.553123 0.432897 0.020049 0.036552
2 0.576446 0.405892 0.011047 0.046918
2 0.578901 0.438898 0.019231 0.044190
2 0.597518 0.430715 0.021277 0.045281
2 0.595472 0.476541 0.025368 0.046372
2 0.556397 0.460175 0.016776 0.016912
2 0.616544 0.455810 0.019231 0.023459
5 0.582174 0.536279 0.020049 0.062193
5 0.337698 0.845063 0.013912 0.043644
5 0.380660 0.497272 0.012275 0.033279
5 0.335447 0.624113 0.011047 0.042553
5 0.346086 0.620567 0.012684 0.037643
5 0.410734 0.516912 0.011866 0.056192
5 0.453082 0.546372 0.013912 0.056192
5 0.428123 0.539825 0.015548 0.061648
5 0.423418 0.509820 0.011047 0.046372
5 0.450014 0.504092 0.016776 0.029460
5 0.437534 0.546099 0.005728 0.072013
5 0.487043 0.261320 0.013912 0.066558
5 0.497068 0.254774 0.015139 0.063284
5 0.506888 0.270049 0.010229 0.057829
5 0.517730 0.253682 0.012275 0.045827
5 0.416667 0.208674 0.013093 0.040917
5 0.372477 0.259956 0.017185 0.050736
5 0.341176 0.294053 0.017594 0.055646
1 0.481315 0.398800 0.024550 0.037098
1 0.397436 0.451173 0.023732 0.032733
1 0.351814 0.459902 0.032324 0.033824
1 0.381888 0.340971 0.041735 0.037098
1 0.346495 0.365794 0.024959 0.036552
1 0.315194 0.369067 0.032733 0.075832
1 0.321740 0.419258 0.041735 0.048554
5 0.509752 0.096017 0.012684 0.022913
2 0.208811 0.049645 0.014730 0.038189
5 0.230701 0.035188 0.012684 0.036552
1 0.266298 0.043099 0.038052 0.049100
1 0.178942 0.056465 0.032733 0.044190
5 0.121249 0.158211 0.017185 0.048009
1 0.166258 0.147572 0.031915 0.028914
1 0.264662 0.308511 0.018412 0.050736
1 0.237861 0.396345 0.015548 0.052919
1 0.172190 0.286688 0.020867 0.038734
1 0.198172 0.278505 0.015548 0.051828
1 0.191012 0.309329 0.016776 0.045827
1 0.222722 0.366067 0.009002 0.045827
1 0.210447 0.338243 0.035188 0.069831
5 0.117362 0.453628 0.020049 0.049645
5 0.266708 0.530278 0.021686 0.049100
5 0.253205 0.558374 0.020049 0.054010
5 0.229474 0.565194 0.012684 0.061102
5 0.218631 0.549100 0.013912 0.055101
5 0.209424 0.561375 0.018412 0.068740
5 0.220676 0.756683 0.009002 0.037098
5 0.214539 0.767594 0.013093 0.051282
5 0.202469 0.756410 0.009411 0.038734
5 0.196331 0.788325 0.016776 0.062193
5 0.174441 0.798418 0.009002 0.057283
5 0.183647 0.799782 0.009411 0.051282
5 0.164416 0.779596 0.015957 0.056738
5 0.157665 0.753955 0.011457 0.036007
5 0.098336 0.438352 0.015548 0.042008
5 0.085857 0.443262 0.016776 0.063830
5 0.067444 0.393890 0.013502 0.048009
5 0.036348 0.612111 0.009411 0.039280
5 0.026528 0.607747 0.011047 0.045827
1 0.118590 0.031369 0.020867 0.022368
1 0.337618 0.242317 0.050532 0.040189
1 0.580537 0.189034 0.020867 0.020185
1 0.592812 0.230769 0.015139 0.044735
1 0.479269 0.147845 0.024550 0.028369
1 0.573991 0.300327 0.029869 0.038734
1 0.532051 0.359247 0.031097 0.025641
0 0.500000 0.497872 0.989362 0.995744