0 0.500000 0.500000 1.000000 1.000000
1 0.439831 0.536394 0.020422 0.013615
1 0.557257 0.444369 0.013237 0.014119
1 0.422245 0.442604 0.013993 0.010589
1 0.408630 0.360916 0.017775 0.019666
5 0.419030 0.496559 0.040088 0.072108
5 0.447394 0.565136 0.024960 0.049921
5 0.472355 0.520006 0.039331 0.059501
5 0.476326 0.473363 0.032902 0.064040
5 0.487860 0.557068 0.021935 0.040844
5 0.514333 0.468068 0.043870 0.075637
5 0.559527 0.467312 0.017775 0.054963
4 0.530406 0.476389 0.026095 0.078158
4 0.449853 0.477901 0.025338 0.081184
1 0.610393 0.235862 0.015884 0.030759
5 0.259247 0.341502 0.018531 0.035297
5 0.209893 0.149636 0.013615 0.019666
4 0.179828 0.412097 0.013993 0.031263