0 0.501475 0.502212 0.997050 0.995575
1 0.910672 0.134256 0.071855 0.069586
1 0.854701 0.123667 0.037819 0.043365
1 0.834468 0.167536 0.026095 0.030255
1 0.887603 0.209893 0.018909 0.022187
1 0.776038 0.239644 0.055972 0.065552
1 0.736896 0.248468 0.012480 0.016640
1 0.711179 0.219978 0.011724 0.017144
4 0.769987 0.242922 0.016640 0.012606
4 0.788896 0.250485 0.011346 0.012606
4 0.773958 0.267378 0.018531 0.028238
4 0.790409 0.331921 0.012102 0.039331
1 0.784736 0.313516 0.019666 0.021683
1 0.764693 0.359403 0.015127 0.018657
1 0.776984 0.344023 0.007942 0.014119
1 0.779442 0.586819 0.031011 0.017649
1 0.814046 0.599929 0.004160 0.011598
1 0.665608 0.235106 0.013615 0.023195
1 0.690757 0.120389 0.015506 0.021683
4 0.573898 0.235106 0.013237 0.022187
4 0.628167 0.083075 0.019666 0.018657
4 0.652939 0.073242 0.010211 0.013110
4 0.677899 0.116860 0.009455 0.015632
5 0.587701 0.181403 0.018153 0.035802
1 0.589025 0.210145 0.047273 0.036810
1 0.609069 0.155939 0.045004 0.064544
1 0.561417 0.136273 0.010967 0.028238
1 0.644429 0.173587 0.010589 0.017144
1 0.612473 0.094925 0.022313 0.017144
1 0.623062 0.067443 0.005673 0.011598
1 0.639135 0.067947 0.012102 0.027734
1 0.661448 0.074251 0.010589 0.015127
1 0.614931 0.030381 0.006051 0.014119
1 0.587890 0.091647 0.017775 0.016640
4 0.577112 0.071477 0.010589 0.014623
4 0.626276 0.043744 0.004538 0.014623
4 0.606233 0.034163 0.010589 0.012606
4 0.613607 0.962484 0.016262 0.016640
4 0.601127 0.976603 0.016262 0.015632
4 0.750132 0.870459 0.013993 0.016136
1 0.739732 0.886342 0.035550 0.083201
1 0.684517 0.889872 0.019666 0.017649
1 0.656342 0.900714 0.010967 0.012102
1 0.589971 0.978090 0.040844 0.043819
1 0.623629 0.971560 0.009076 0.021683
1 0.528704 0.067443 0.021935 0.022691
1 0.535701 0.095429 0.007942 0.014119
1 0.494857 0.048786 0.013993 0.032776
4 0.555556 0.452941 0.016640 0.021178
1 0.543265 0.444117 0.010967 0.013615
1 0.514711 0.450420 0.015127 0.018153
5 0.546290 0.465547 0.015506 0.034289
5 0.521330 0.473615 0.027608 0.046391
5 0.503555 0.471850 0.013237 0.030759
5 0.485402 0.446134 0.013993 0.014623
5 0.524922 0.517989 0.015127 0.031263
5 0.437372 0.486221 0.022313 0.037314
1 0.442856 0.459496 0.015127 0.019161
1 0.527759 0.503870 0.007942 0.013110
1 0.366652 0.148879 0.047273 0.052442
1 0.343015 0.194010 0.021178 0.017649
4 0.123667 0.184933 0.009076 0.011598
4 0.118561 0.189219 0.007186 0.015127
1 0.162431 0.218718 0.011724 0.028742
1 0.093790 0.296372 0.015884 0.028742
1 0.048030 0.239644 0.018153 0.034289
4 0.056728 0.258805 0.007564 0.014119
4 0.082066 0.280740 0.007564 0.016640
4 0.036495 0.221491 0.007186 0.011093
5 0.074881 0.273177 0.006807 0.022691
1 0.025338 0.223760 0.021178 0.033785
1 0.058808 0.283261 0.018531 0.022691