5 0.956356 0.204583 0.016367 0.044735
5 0.934875 0.255865 0.024141 0.036007
5 0.961675 0.255592 0.009002 0.046372
5 0.948377 0.267594 0.020867 0.037643
5 0.803942 0.484724 0.024141 0.033279
5 0.802510 0.435352 0.021277 0.056738
5 0.775914 0.456083 0.025368 0.050191
5 0.771413 0.408347 0.031915 0.045281
5 0.761798 0.443262 0.013502 0.025641
5 0.792076 0.421986 0.014321 0.034370
5 0.926487 0.846427 0.013912 0.032188
5 0.952878 0.858156 0.009411 0.025095
5 0.934465 0.866339 0.014321 0.016367
5 0.757297 0.810693 0.016776 0.038189
5 0.680987 0.921713 0.021277 0.046372
5 0.642730 0.899073 0.015139 0.021822
5 0.738884 0.364703 0.042962 0.052919
5 0.743794 0.410529 0.024141 0.034370
5 0.741135 0.443535 0.021277 0.041462
5 0.435488 0.138571 0.020458 0.057829
5 0.442239 0.159029 0.012684 0.044190
5 0.454310 0.151937 0.018822 0.056192
5 0.475382 0.163666 0.015957 0.036007
1 0.465357 0.208129 0.078560 0.083470
1 0.436716 0.292962 0.025368 0.033824
5 0.496863 0.470813 0.042553 0.075286
5 0.516094 0.560011 0.022095 0.092199
5 0.528983 0.558101 0.019231 0.085106
5 0.397231 0.491271 0.020867 0.044190
5 0.369817 0.515548 0.015957 0.034915
5 0.380865 0.533006 0.020049 0.030551
5 0.395390 0.552646 0.017185 0.054555
5 0.406233 0.578014 0.014321 0.081288
5 0.423827 0.582924 0.022504 0.082379
5 0.436511 0.564375 0.029051 0.072559
5 0.455537 0.559465 0.040917 0.081288
5 0.469040 0.537916 0.039280 0.056738
5 0.477837 0.500273 0.033142 0.061102
5 0.434056 0.490726 0.043781 0.056192
5 0.484997 0.591380 0.018822 0.044735
5 0.468221 0.616203 0.014730 0.026732
5 0.436511 0.794599 0.018412 0.037643
5 0.480292 0.807965 0.015139 0.037098
5 0.491953 0.814239 0.012275 0.045281
1 0.327059 0.561648 0.063011 0.056192
1 0.192853 0.331424 0.023732 0.076923
5 0.193262 0.424714 0.015548 0.026732
5 0.163393 0.421167 0.016367 0.038189
5 0.132706 0.629569 0.019640 0.049100
5 0.153573 0.683306 0.019640 0.054010
5 0.259138 0.635843 0.005728 0.019094
5 0.251568 0.645936 0.011866 0.027278
5 0.005592 0.342608 0.011184 0.045827
5 0.008115 0.318058 0.015139 0.014184
5 0.240930 0.283142 0.014321 0.034915
5 0.219858 0.211129 0.018822 0.028369
5 0.233974 0.287780 0.015957 0.045281
0 0.495745 0.496809 0.991489 0.993617