1 0.602184 0.414235 0.027392 0.078263
1 0.586531 0.407060 0.023479 0.040436
1 0.571368 0.309884 0.032283 0.046958
1 0.556204 0.280536 0.029348 0.056088
1 0.584575 0.267492 0.027392 0.040436
1 0.491149 0.490541 0.036196 0.043044
1 0.540063 0.380321 0.026414 0.057393
1 0.514627 0.388799 0.038153 0.053479
1 0.500931 0.354233 0.036196 0.057393
1 0.514138 0.298797 0.031305 0.090002
1 0.442234 0.339233 0.042066 0.084784
1 0.479409 0.328146 0.038153 0.062610
1 0.484301 0.275318 0.032283 0.069132
1 0.463268 0.260318 0.019566 0.067828
0 0.422669 0.257709 0.065545 0.104350
1 0.373266 0.653588 0.031305 0.063914
1 0.374733 0.609239 0.018587 0.035218
1 0.402614 0.702502 0.037175 0.060001
1 0.395277 0.658153 0.026414 0.044349
0 0.536804 0.232042 0.108526 0.042371
5 0.500000 0.497831 1.000000 0.995662