0 0.593920 0.528832 0.120001 0.243372
2 0.558191 0.465496 0.025007 0.071917
2 0.565178 0.435422 0.019859 0.077147
2 0.521783 0.479880 0.022801 0.092838
2 0.494569 0.448498 0.015446 0.079762
2 0.482434 0.447190 0.026478 0.084992
2 0.406676 0.082868 0.020594 0.066686
2 0.390495 0.107058 0.036776 0.052303
2 0.510751 0.173744 0.021330 0.044458
2 0.711488 0.189496 0.018048 0.074129
2 0.697485 0.421288 0.024894 0.039831
1 0.145447 0.051567 0.056267 0.082377
2 0.500000 0.495955 1.000000 0.991909
0 0.740118 0.276661 0.060333 0.056711
5 0.046926 0.053398 0.019417 0.012945