5 0.365923 0.567424 0.037175 0.088558
2 0.383024 0.605755 0.037175 0.175795
2 0.455143 0.554206 0.028253 0.175795
2 0.431351 0.571954 0.032714 0.135013
4 0.410781 0.581110 0.024535 0.179760
2 0.431970 0.644555 0.023792 0.079306
0 0.590706 0.303924 0.101859 0.190335
2 0.658664 0.354597 0.023436 0.162348
2 0.672807 0.379739 0.024244 0.083329
2 0.689778 0.315087 0.033942 0.086202
2 0.689778 0.398416 0.025861 0.068962
2 0.744328 0.309340 0.020204 0.114936
2 0.728569 0.320834 0.030710 0.132177
2 0.728165 0.400571 0.033134 0.070399
2 0.709578 0.409910 0.018587 0.103443
0 0.861913 0.231040 0.071117 0.162348
0 0.577832 0.500000 0.843580 1.000000
5 0.976745 0.609570 0.000000 0.002542