2 0.293341 0.521671 0.017730 0.048857
2 0.324074 0.395193 0.016548 0.044917
2 0.337963 0.390071 0.007683 0.031521
2 0.362195 0.436170 0.017139 0.041765
2 0.386722 0.437352 0.010638 0.039401
5 0.395292 0.500788 0.020686 0.054374
2 0.421592 0.496848 0.018913 0.038613
2 0.367809 0.607171 0.022459 0.049645
1 0.446710 0.406225 0.050236 0.087470
1 0.306344 0.365248 0.029551 0.040189
1 0.350079 0.361702 0.039007 0.028369
1 0.352147 0.312057 0.037234 0.042553
1 0.394405 0.404649 0.039007 0.040189
1 0.303093 0.471237 0.045508 0.059890
1 0.358058 0.465327 0.038416 0.037037
1 0.460303 0.559890 0.020686 0.049645
1 0.421887 0.561466 0.044326 0.055950
1 0.353920 0.543735 0.018322 0.025217
0 0.496809 0.500000 0.989362 0.991489