4 0.125212 0.714029 0.055479 0.106334
4 0.230968 0.744850 0.038141 0.100170
2 0.193404 0.744850 0.050855 0.109416
2 0.217098 0.622335 0.045076 0.061643
4 0.205540 0.636975 0.047388 0.087841
1 0.111920 0.579185 0.019649 0.049314
1 0.131569 0.589202 0.033518 0.063184
0 0.267376 0.116351 0.177994 0.218832
2 0.507939 0.559938 0.025789 0.093042
2 0.564068 0.518136 0.047027 0.125405
1 0.532969 0.530272 0.069782 0.141586
1 0.473048 0.746696 0.001517 0.008091
0 0.619554 0.848892 0.210978 0.296241
5 0.500000 0.500809 1.000000 0.998382