2 0.506478 0.447627 0.013502 0.039825
2 0.522640 0.441899 0.018822 0.030551
5 0.527550 0.382706 0.018003 0.044190
5 0.509547 0.389798 0.010638 0.023459
2 0.498295 0.348609 0.011866 0.024004
5 0.519367 0.524823 0.018003 0.032733
2 0.474973 0.776050 0.014321 0.037643
2 0.491544 0.763230 0.014730 0.037098
2 0.500136 0.772504 0.018003 0.038189
1 0.487657 0.726405 0.064239 0.052919
1 0.468835 0.889253 0.047872 0.067649
1 0.541871 0.855428 0.035188 0.052373
5 0.312534 0.872068 0.014321 0.028914
5 0.323172 0.882433 0.008592 0.028914
2 0.283893 0.900982 0.015957 0.033279
2 0.269572 0.893071 0.010229 0.021822
5 0.132092 0.047190 0.026596 0.035461
5 0.139457 0.281506 0.010229 0.025095
5 0.131683 0.250682 0.016776 0.021277
5 0.130865 0.278505 0.006956 0.023459
2 0.139048 0.237589 0.013502 0.021277
1 0.168508 0.224495 0.015139 0.026732
1 0.140685 0.217676 0.019231 0.020731
0 0.498404 0.497872 0.995745 0.995744