2 0.238405 0.073979 0.038549 0.086300
2 0.284807 0.193276 0.019989 0.106606
4 0.254111 0.185661 0.015705 0.086300
4 0.235550 0.171701 0.032838 0.093915
0 0.444002 0.436946 0.215591 0.436576
2 0.419730 0.429331 0.047116 0.106606
2 0.431866 0.574011 0.025700 0.121835
2 0.468274 0.557512 0.027127 0.159909
2 0.525384 0.511824 0.021416 0.124373
2 0.486835 0.534668 0.027127 0.124373
2 0.506110 0.523246 0.017133 0.238594
2 0.708762 0.070912 0.039263 0.060918
2 0.708524 0.126753 0.023558 0.071070
2 0.742076 0.140079 0.046402 0.110413
2 0.752070 0.152135 0.020702 0.109144
2 0.786336 0.155943 0.037836 0.114220
2 0.815962 0.143251 0.034266 0.104068
0 0.797045 0.270798 0.092090 0.128181
4 0.066488 0.127099 0.018048 0.055320
4 0.048751 0.120460 0.014937 0.053108
0 0.041283 0.223909 0.082151 0.167068
5 0.500000 0.500000 1.000000 1.000000