0 0.208798 0.612763 0.215613 0.265180
2 0.367567 0.473021 0.025148 0.131205
4 0.398182 0.481039 0.038268 0.097675
2 0.442463 0.376075 0.041548 0.088928
2 0.479638 0.419810 0.028428 0.071434
2 0.500412 0.377533 0.030614 0.086012
0 0.468704 0.346190 0.115898 0.169109
1 0.464878 0.363684 0.020774 0.034988
1 0.606562 0.345753 0.010723 0.044800
0 0.595123 0.359574 0.070775 0.095320
0 0.799373 0.554454 0.127633 0.300702
0 0.028766 0.123104 0.057532 0.173482
0 0.925960 0.574349 0.148079 0.282528
5 0.500000 0.500000 1.000000 1.000000