0 0.500000 0.500246 1.000000 0.999508
4 0.410332 0.404281 0.013615 0.038827
4 0.392746 0.434284 0.025338 0.081688
3 0.379699 0.439326 0.018153 0.067569
5 0.346229 0.441848 0.026095 0.074629
5 0.357008 0.338477 0.017397 0.043365
1 0.331858 0.374783 0.010967 0.015127
1 0.358899 0.399239 0.010589 0.016640
1 0.367975 0.396465 0.005295 0.008068
1 0.386317 0.358394 0.005673 0.020674
1 0.416572 0.357134 0.010967 0.018153
1 0.400310 0.331669 0.019287 0.020674
3 0.365328 0.263092 0.010589 0.031768
1 0.366273 0.274437 0.005673 0.007059
4 0.751267 0.567658 0.011724 0.029751
4 0.740867 0.581020 0.012102 0.045382
3 0.733492 0.577238 0.009455 0.036810
1 0.738219 0.554547 0.013615 0.013615
3 0.190606 0.780955 0.014371 0.041853
3 0.170562 0.781711 0.022691 0.044374
3 0.174911 0.818521 0.020800 0.044374
4 0.249036 0.572196 0.013993 0.031768
4 0.237123 0.575725 0.012102 0.030759
3 0.223130 0.589088 0.012102 0.024204
3 0.244497 0.594131 0.007186 0.009076
4 0.250359 0.528830 0.013615 0.036810
4 0.235610 0.527318 0.015884 0.031768
5 0.228235 0.560850 0.017018 0.019161
1 0.228803 0.553539 0.026473 0.017649
1 0.125936 0.323349 0.011346 0.010085
3 0.135012 0.320828 0.006051 0.025212
1 0.040088 0.333686 0.009833 0.015632
1 0.051244 0.325366 0.004916 0.008068
3 0.130096 0.358394 0.009833 0.025717
3 0.082256 0.344780 0.031389 0.014623