0 0.177858 0.694354 0.057941 0.067454
2 0.448826 0.238994 0.023349 0.076102
2 0.415748 0.178459 0.035024 0.039204
1 0.385696 0.244183 0.033727 0.031132
1 0.361482 0.337773 0.019025 0.029979
1 0.354996 0.366022 0.025944 0.019602
1 0.386777 0.363716 0.016863 0.040357
2 0.356294 0.407532 0.030268 0.043816
2 0.398236 0.411568 0.048428 0.106081
2 0.434773 0.412145 0.031565 0.100316
2 0.446664 0.345844 0.055347 0.054194
2 0.708695 0.041150 0.038051 0.063994
2 0.736729 0.083620 0.042807 0.088209
2 0.752728 0.130031 0.041942 0.114152
2 0.808579 0.046915 0.056211 0.084749
2 0.834090 0.105144 0.061400 0.174688
2 0.862988 0.184705 0.040213 0.153933
2 0.946945 0.107738 0.044104 0.100316
5 0.504497 0.504356 0.991006 0.991287