1 0.486454 0.510040 0.017158 0.039399
1 0.511952 0.518301 0.015728 0.030502
1 0.528394 0.551346 0.022877 0.055921
1 0.561518 0.533553 0.030979 0.059734
1 0.544360 0.544038 0.025260 0.010803
1 0.449279 0.548168 0.015251 0.024148
0 0.465007 0.531328 0.024783 0.032409
0 0.536735 0.554523 0.073873 0.156324
1 0.537688 0.612986 0.014775 0.034315
1 0.446419 0.719108 0.013345 0.026054
4 0.475015 0.725781 0.009532 0.030502
1 0.461909 0.722286 0.013821 0.038763
1 0.473347 0.747208 0.028119 0.030502
1 0.490343 0.711761 0.016050 0.038154
0 0.607902 0.192321 0.093890 0.084517
0 0.383888 0.209373 0.028635 0.043538
2 0.104167 0.123441 0.025620 0.061623
2 0.152393 0.124446 0.003517 0.002009
2 0.147694 0.141610 0.023109 0.069661
2 0.137396 0.133907 0.013564 0.034161
4 0.161760 0.075633 0.018085 0.050236
2 0.176329 0.074629 0.017080 0.030811
2 0.137898 0.034328 0.020597 0.066312
2 0.104240 0.038347 0.019592 0.060953
1 0.176580 0.729100 0.016578 0.037510
2 0.228072 0.751204 0.011052 0.020094
4 0.245655 0.714699 0.014066 0.035500
4 0.265498 0.707331 0.014568 0.039519
4 0.270773 0.782686 0.012057 0.041529
4 0.279062 0.762256 0.015573 0.034161
0 0.642131 0.722181 0.083271 0.139777
0 0.753656 0.122635 0.142751 0.137794
0 0.954027 0.225238 0.089963 0.113011
5 0.500000 0.500000 1.000000 1.000000