5 0.420758 0.015276 0.013912 0.030551
5 0.442444 0.046918 0.013093 0.039280
5 0.450423 0.012002 0.014321 0.024004
5 0.458811 0.006547 0.015548 0.013093
5 0.369613 0.008456 0.015548 0.016912
5 0.372681 0.107747 0.010229 0.023459
2 0.519572 0.430169 0.020867 0.057283
2 0.472313 0.432079 0.010638 0.034915
2 0.484997 0.426623 0.014730 0.058920
1 0.519367 0.308238 0.044190 0.056738
1 0.546986 0.384070 0.025777 0.054555
5 0.206151 0.187670 0.016776 0.037098
1 0.157665 0.061375 0.045008 0.046372
1 0.055783 0.053191 0.024550 0.037643
1 0.115316 0.014184 0.074059 0.028368
1 0.240726 0.663121 0.081833 0.114021
1 0.035120 0.903983 0.051964 0.081833
0 0.319415 0.495745 0.638830 0.991489