1 0.972636 0.134724 0.054479 0.072018
1 0.908844 0.133172 0.021885 0.037872
2 0.885795 0.111753 0.013038 0.016142
2 0.834342 0.094369 0.012572 0.008692
1 0.869731 0.075433 0.058205 0.058981
1 0.867170 0.132861 0.024213 0.062085
1 0.821072 0.121997 0.041907 0.030422
1 0.807801 0.164214 0.041442 0.031663
1 0.768455 0.185323 0.050289 0.075123
1 0.716536 0.118892 0.093593 0.093748
5 0.683243 0.108338 0.013038 0.035388
5 0.971006 0.239337 0.009313 0.024213
1 0.937015 0.181288 0.014900 0.029801
1 0.735627 0.048116 0.027473 0.026696
1 0.618753 0.090644 0.051686 0.059601
1 0.596402 0.037872 0.031198 0.032284
5 0.596169 0.042218 0.011175 0.016142
1 0.693487 0.564351 0.034457 0.055876
5 0.441578 0.594462 0.023282 0.054014
5 0.455780 0.592910 0.020022 0.052151
5 0.415503 0.597256 0.008381 0.062085
5 0.429006 0.599429 0.014900 0.063947
1 0.402698 0.359781 0.044235 0.046564
1 0.370802 0.318805 0.030732 0.047805
5 0.444605 0.385236 0.011641 0.030422
5 0.439483 0.326877 0.017229 0.025455
1 0.220867 0.160489 0.063327 0.051530
1 0.219935 0.104923 0.052151 0.047184
1 0.252064 0.044080 0.047495 0.052151
1 0.291643 0.012417 0.035388 0.024834
1 0.321211 0.062085 0.046098 0.050910
1 0.373828 0.092506 0.054479 0.085677
1 0.381046 0.174458 0.064258 0.060843
1 0.456479 0.162973 0.040976 0.041597
1 0.425048 0.120134 0.043304 0.036630
1 0.522599 0.070466 0.055876 0.072639
1 0.576147 0.009623 0.057739 0.019246
5 0.413640 0.038182 0.014900 0.039113
5 0.456711 0.059291 0.013503 0.024213
1 0.083970 0.270069 0.163904 0.136587
1 0.053005 0.392997 0.064723 0.064568
0 0.505751 0.497579 0.988498 0.995157