2 0.408974 0.554066 0.035889 0.112999
1 0.362491 0.536386 0.012107 0.037666
1 0.381517 0.520243 0.014701 0.034592
2 0.530260 0.426205 0.022485 0.089938
2 0.572203 0.444270 0.036321 0.075333
2 0.583229 0.350488 0.035889 0.084557
2 0.541070 0.323968 0.019025 0.085326
2 0.523775 0.279768 0.031997 0.109156
2 0.717343 0.118212 0.025944 0.054578
4 0.950837 0.324609 0.012107 0.049197
4 0.964241 0.303085 0.012107 0.044585
4 0.973105 0.289248 0.012539 0.027673
2 0.977861 0.030964 0.028106 0.058421
5 0.500281 0.501921 0.999438 0.996158