2 0.969654 0.106110 0.011047 0.031097
2 0.952264 0.058374 0.013093 0.024004
2 0.975382 0.057010 0.008592 0.019094
2 0.951855 0.147027 0.014730 0.020185
5 0.911757 0.342335 0.013912 0.030005
1 0.913393 0.098472 0.034370 0.043099
1 0.963312 0.056192 0.036825 0.070922
1 0.887616 0.467267 0.015548 0.021277
1 0.862657 0.465630 0.023732 0.020185
5 0.812330 0.377250 0.013093 0.022368
1 0.775505 0.583742 0.049100 0.056738
5 0.873704 0.667485 0.015548 0.025641
5 0.884956 0.669667 0.011866 0.018003
1 0.832788 0.960993 0.049100 0.078014
1 0.682829 0.760775 0.046236 0.063830
1 0.669122 0.644845 0.026187 0.044735
1 0.724154 0.624113 0.019231 0.032733
1 0.708811 0.666667 0.034370 0.040371
1 0.732951 0.724768 0.031915 0.037643
5 0.710652 0.696945 0.017594 0.054010
5 0.721495 0.745772 0.021277 0.037098
2 0.684465 0.669667 0.014321 0.037643
1 0.649686 0.581833 0.048691 0.045281
1 0.537984 0.754501 0.031506 0.032733
1 0.512821 0.727496 0.022913 0.064921
1 0.558442 0.570104 0.063421 0.072013
1 0.612248 0.667758 0.033552 0.082924
1 0.552510 0.642390 0.070376 0.057283
2 0.529801 0.643753 0.006956 0.026187
2 0.537984 0.644845 0.009411 0.028369
2 0.563966 0.675396 0.021277 0.043644
2 0.576037 0.662848 0.015139 0.045827
2 0.672804 0.677032 0.007365 0.040371
2 0.684670 0.670758 0.013912 0.034370
2 0.613475 0.484997 0.004910 0.022913
2 0.595472 0.483361 0.010638 0.017458
2 0.590971 0.504637 0.012275 0.027278
2 0.598336 0.525641 0.007365 0.020185
5 0.538393 0.466721 0.008592 0.030005
5 0.520390 0.469995 0.009411 0.020185
5 0.510979 0.468631 0.007774 0.017458
5 0.506478 0.440535 0.011047 0.024550
5 0.505251 0.459356 0.015957 0.026187
5 0.602837 0.416258 0.008183 0.021822
5 0.627182 0.330333 0.010229 0.020185
5 0.636184 0.334970 0.009411 0.026187
5 0.642935 0.352155 0.009002 0.024550
5 0.630251 0.370977 0.009820 0.018549
5 0.637616 0.370977 0.008183 0.022913
1 0.466994 0.633115 0.027823 0.042008
1 0.457583 0.693126 0.018822 0.024550
1 0.420554 0.706492 0.033961 0.022913
1 0.452878 0.662029 0.016776 0.025641
1 0.432829 0.629296 0.026596 0.036552
1 0.415848 0.667485 0.015548 0.034370
1 0.397231 0.640753 0.042144 0.035461
5 0.394572 0.672668 0.015548 0.030551
5 0.608565 0.729405 0.016367 0.045827
5 0.423827 0.727223 0.010229 0.029460
2 0.389253 0.684124 0.016367 0.032733
2 0.403164 0.663393 0.018822 0.030551
1 0.303532 0.631206 0.049509 0.053464
1 0.411143 0.785597 0.024959 0.031642
1 0.407051 0.753955 0.030687 0.034915
1 0.434056 0.758592 0.013502 0.028914
0 0.582181 0.503191 0.828191 0.993617