2 0.632099 0.564964 0.015145 0.106476
2 0.627969 0.598620 0.034421 0.124834
2 0.611447 0.586993 0.023406 0.116267
2 0.603186 0.598620 0.042682 0.139520
2 0.584254 0.582098 0.030979 0.079551
2 0.616452 0.393028 0.027881 0.086498
2 0.648160 0.371646 0.032255 0.070948
2 0.651440 0.413336 0.034441 0.065117
2 0.788659 0.290898 0.030068 0.099133
2 0.796859 0.228697 0.030068 0.081639
0 0.835127 0.233071 0.094577 0.228394
0 0.848248 0.077569 0.105511 0.150643
0 0.489496 0.489570 0.110595 0.353573
2 0.948177 0.052111 0.053107 0.104222
4 0.986037 0.069408 0.027925 0.121555
0 0.422553 0.156340 0.197026 0.304007
5 0.507745 0.500000 0.984510 1.000000