5 0.821945 0.690125 0.009411 0.019640
5 0.706151 0.848063 0.010229 0.033279
5 0.669326 0.159029 0.011866 0.043099
5 0.686716 0.159574 0.013093 0.042008
5 0.701241 0.149755 0.011866 0.045281
5 0.643958 0.050191 0.010229 0.034915
5 0.661143 0.063830 0.009411 0.036007
5 0.490521 0.459629 0.013502 0.059465
5 0.500750 0.488271 0.013502 0.061102
3 0.515071 0.484179 0.015957 0.059465
3 0.533688 0.477905 0.015548 0.066558
3 0.553737 0.481178 0.014730 0.073104
3 0.524277 0.523459 0.015548 0.018003
3 0.529596 0.469722 0.013093 0.015276
1 0.522640 0.337698 0.038462 0.034915
1 0.364089 0.324059 0.047872 0.063284
1 0.420145 0.277414 0.051146 0.039825
1 0.410529 0.357610 0.023732 0.025641
1 0.445717 0.369340 0.029460 0.041462
1 0.410529 0.400709 0.036007 0.037643
5 0.379023 0.423895 0.027005 0.045827
3 0.398459 0.442990 0.028232 0.050191
3 0.380660 0.439989 0.017185 0.069285
5 0.269981 0.289143 0.006956 0.029460
5 0.252591 0.291053 0.008183 0.033279
5 0.260570 0.296781 0.005319 0.037098
5 0.270799 0.306056 0.009411 0.029460
5 0.386798 0.015276 0.014730 0.030551
0 0.461702 0.500000 0.906383 0.991489