2 0.406642 0.562516 0.040617 0.111371
2 0.427983 0.579650 0.029602 0.126057
1 0.455175 0.581486 0.030291 0.105252
2 0.513003 0.560680 0.022029 0.122386
2 0.529460 0.565079 0.034550 0.118944
2 0.479829 0.671669 0.035798 0.108923
2 0.466405 0.425674 0.036486 0.089342
2 0.479829 0.547447 0.038552 0.090566
1 0.484992 0.470344 0.047501 0.141968
0 0.523888 0.491150 0.165221 0.301069
2 0.488544 0.121850 0.014775 0.058463
2 0.476867 0.132018 0.008579 0.055074
2 0.467573 0.143456 0.013821 0.049143
2 0.455897 0.129052 0.012392 0.047448
5 0.500000 0.500516 1.000000 0.998967