5 0.671470 0.468573 0.031389 0.089756
5 0.551396 0.238131 0.023448 0.060510
1 0.566145 0.063913 0.012858 0.026725
1 0.603396 0.351083 0.014749 0.025212
1 0.584487 0.367975 0.020044 0.021683
5 0.604342 0.413610 0.027229 0.103875
5 0.592051 0.491768 0.023826 0.100850
5 0.449285 0.097950 0.022691 0.059501
4 0.265298 0.660943 0.007186 0.018657
4 0.160351 0.018531 0.008320 0.013615
4 0.175857 0.035676 0.010589 0.013615
1 0.177369 0.019035 0.031768 0.031768
1 0.214621 0.062905 0.011724 0.017649
1 0.197035 0.091647 0.031011 0.037819
1 0.158271 0.047021 0.020800 0.018153
1 0.138227 0.075763 0.020044 0.034289
1 0.327887 0.008383 0.025717 0.016766
3 0.168104 0.672541 0.012480 0.029751
3 0.185122 0.678592 0.007942 0.018657
5 0.030822 0.803646 0.013993 0.035802
5 0.042357 0.785241 0.015127 0.032272
5 0.045761 0.817260 0.012102 0.030759
5 0.103812 0.335703 0.013237 0.048912
5 0.018909 0.270403 0.018153 0.046391
1 0.088496 0.208633 0.012858 0.011598
1 0.046139 0.203590 0.014371 0.018657
1 0.017775 0.226029 0.012102 0.017144
1 0.009455 0.246199 0.011346 0.010085
0 0.500000 0.500000 1.000000 1.000000