5 0.947149 0.360884 0.038052 0.098745
5 0.923827 0.394708 0.020049 0.107474
5 0.857133 0.368794 0.032324 0.076378
5 0.849973 0.354883 0.011457 0.038734
5 0.881683 0.403437 0.032324 0.087834
5 0.893958 0.375887 0.029869 0.079651
5 0.836266 0.586197 0.026596 0.097654
5 0.904392 0.637207 0.016367 0.039280
5 0.917690 0.609656 0.035597 0.030005
5 0.928532 0.621931 0.016367 0.040371
5 0.942444 0.642662 0.022095 0.090562
5 0.966994 0.639389 0.024550 0.091653
5 0.988475 0.665303 0.018412 0.070376
5 0.611839 0.758320 0.019640 0.069831
5 0.638843 0.755592 0.018003 0.065466
5 0.696945 0.764866 0.021277 0.038189
5 0.693672 0.464266 0.014730 0.044735
5 0.708402 0.096836 0.006547 0.031097
5 0.719449 0.090562 0.007365 0.029460
5 0.599359 0.202400 0.008592 0.039280
5 0.590971 0.211402 0.008183 0.034370
5 0.592608 0.291871 0.018822 0.054555
5 0.550873 0.130387 0.020458 0.049100
5 0.546372 0.106383 0.009002 0.032733
5 0.534915 0.096836 0.011457 0.050736
5 0.521618 0.049918 0.018412 0.056192
5 0.518549 0.119476 0.016367 0.044735
5 0.494203 0.070376 0.010229 0.030551
5 0.504637 0.070104 0.009002 0.042008
5 0.501568 0.098472 0.012684 0.031097
5 0.552919 0.405619 0.018822 0.092199
5 0.577264 0.393617 0.023322 0.091107
5 0.475586 0.501364 0.015548 0.067649
5 0.467403 0.552919 0.009820 0.044190
5 0.480292 0.555374 0.013502 0.037098
5 0.489089 0.522913 0.013093 0.058374
5 0.497886 0.531369 0.011047 0.063284
5 0.507092 0.523459 0.012275 0.057283
5 0.515071 0.527278 0.009411 0.051828
5 0.479883 0.658756 0.011866 0.045281
5 0.431397 0.917621 0.013912 0.061102
5 0.452878 0.862248 0.011047 0.039825
5 0.406847 0.740044 0.015548 0.047463
5 0.441830 0.764594 0.013502 0.037643
5 0.418712 0.781506 0.011457 0.051828
5 0.431601 0.778778 0.012684 0.057283
5 0.412166 0.463993 0.013093 0.056192
5 0.426691 0.486361 0.011866 0.061648
5 0.437534 0.483361 0.010638 0.061102
5 0.354474 0.414348 0.011457 0.070376
5 0.355496 0.374250 0.015957 0.041462
5 0.366544 0.423622 0.015957 0.068194
5 0.375955 0.417894 0.016776 0.063284
5 0.396004 0.394163 0.015139 0.069285
5 0.408893 0.387070 0.018822 0.066012
5 0.355292 0.523732 0.006547 0.033824
5 0.346904 0.534643 0.008592 0.041462
5 0.332583 0.521822 0.009411 0.056192
5 0.326855 0.505183 0.006956 0.031642
5 0.351405 0.233497 0.025777 0.062193
5 0.262411 0.298418 0.010638 0.055646
5 0.272231 0.296781 0.015548 0.063284
5 0.288393 0.293508 0.021686 0.055646
5 0.288189 0.220676 0.014730 0.012548
5 0.292485 0.247409 0.021686 0.035461
5 0.303532 0.284506 0.010229 0.057283
5 0.319490 0.288598 0.022504 0.058920
5 0.312739 0.351609 0.012275 0.030005
5 0.273050 0.442990 0.011457 0.038189
5 0.283688 0.445445 0.010638 0.042008
3 0.322149 0.826514 0.016367 0.028369
3 0.321331 0.793508 0.017185 0.028914
3 0.272845 0.338516 0.020049 0.020185
3 0.315603 0.329514 0.019640 0.025095
3 0.295554 0.331969 0.013093 0.026732
3 0.229269 0.650573 0.007365 0.025641
3 0.236020 0.645117 0.010229 0.028914
3 0.242976 0.649755 0.011047 0.026187
5 0.215357 0.083742 0.018003 0.028914
5 0.221904 0.095199 0.008183 0.049645
5 0.230292 0.100655 0.016776 0.043099
5 0.241748 0.097927 0.018412 0.038734
5 0.268344 0.121386 0.009411 0.035461
5 0.252387 0.142390 0.006137 0.025095
5 0.371454 0.036552 0.011047 0.022913
5 0.371454 0.050191 0.008592 0.020731
5 0.379637 0.059465 0.012684 0.024004
5 0.377182 0.076923 0.013502 0.025095
5 0.391912 0.096836 0.020049 0.039825
5 0.407460 0.060011 0.020049 0.008729
5 0.410938 0.083197 0.013912 0.031097
5 0.426691 0.075014 0.019231 0.022368
5 0.417280 0.117567 0.016776 0.035461
5 0.496249 0.036279 0.019231 0.016912
5 0.423009 0.056465 0.014321 0.020185
5 0.200832 0.657938 0.011866 0.042553
5 0.187330 0.611293 0.012684 0.047463
5 0.215767 0.636388 0.006547 0.022368
5 0.223950 0.629023 0.007365 0.025095
5 0.208197 0.563830 0.012684 0.050736
5 0.189989 0.522368 0.017185 0.061648
5 0.148050 0.611839 0.014321 0.049645
5 0.160938 0.607747 0.017185 0.041462
5 0.167485 0.603382 0.013912 0.030551
5 0.172804 0.664757 0.008183 0.023459
5 0.162984 0.657665 0.006547 0.018003
5 0.149073 0.657392 0.007365 0.021822
5 0.128205 0.647300 0.009002 0.027823
5 0.135161 0.655210 0.018822 0.021822
5 0.101814 0.604474 0.007774 0.040371
5 0.107133 0.627114 0.011047 0.032188
5 0.088516 0.541462 0.010638 0.042008
5 0.098950 0.557829 0.008592 0.023459
5 0.109384 0.576650 0.009820 0.031642
5 0.117976 0.579105 0.012275 0.030005
3 0.116953 0.603110 0.014321 0.015821
3 0.695104 0.031369 0.006956 0.020185
3 0.957992 0.210038 0.010638 0.025095
3 0.969654 0.195854 0.008592 0.024004
5 0.190804 0.317363 0.015554 0.042851
5 0.290235 0.382160 0.007365 0.025641
5 0.193058 0.360611 0.011047 0.022913
5 0.215767 0.372886 0.018003 0.039825
5 0.218221 0.389525 0.013912 0.049100
5 0.208197 0.395254 0.014321 0.050736
5 0.195922 0.397436 0.008592 0.049645
5 0.187534 0.399345 0.009820 0.049100
5 0.133320 0.409165 0.013502 0.044735
5 0.121658 0.406710 0.012275 0.038734
5 0.181192 0.440262 0.008592 0.020731
3 0.260979 0.387616 0.006137 0.013639
3 0.252591 0.388161 0.004910 0.009274
3 0.268958 0.383797 0.009002 0.008183
5 0.049236 0.736498 0.023732 0.040371
5 0.093835 0.681397 0.009002 0.026187
0 0.498138 0.498936 0.996276 0.997872