2 0.390158 0.492191 0.042832 0.129303
2 0.486327 0.549659 0.036367 0.106316
2 0.444708 0.569773 0.024244 0.094822
2 0.442283 0.600662 0.029093 0.076145
2 0.464507 0.584140 0.018587 0.089076
2 0.435818 0.492191 0.019396 0.077582
2 0.454809 0.492909 0.021820 0.102006
2 0.409957 0.505121 0.019396 0.186772
2 0.435010 0.476387 0.056570 0.166658
2 0.652401 0.527390 0.038791 0.107753
2 0.730387 0.435441 0.034750 0.127867
2 0.679474 0.293926 0.044448 0.181025
2 0.630985 0.287461 0.033134 0.145107
2 0.640683 0.273812 0.037983 0.261480
2 0.759360 0.430972 0.059042 0.139952
2 0.747879 0.299767 0.066696 0.176884
0 0.744599 0.244369 0.132298 0.241028
2 0.768436 0.880455 0.033362 0.112689
2 0.850888 0.959080 0.035268 0.081840
2 0.876863 0.948661 0.030026 0.094896
2 0.895927 0.941710 0.030026 0.116580
2 0.929050 0.945099 0.040988 0.109801
0 0.954310 0.715057 0.085788 0.310107
2 0.052585 0.876218 0.040034 0.124551
2 0.014139 0.842751 0.028278 0.103369
2 0.035427 0.841480 0.036222 0.110995
5 0.500000 0.500000 1.000000 1.000000