1 0.966994 0.072286 0.026187 0.046372
1 0.984793 0.103382 0.017594 0.037643
1 0.644163 0.056738 0.080196 0.084015
5 0.532460 0.854064 0.049918 0.121658
5 0.574195 0.892799 0.031915 0.111839
5 0.640685 0.836061 0.052782 0.083470
5 0.620022 0.895526 0.081015 0.148936
5 0.495226 0.598745 0.044190 0.163121
3 0.461061 0.398527 0.075696 0.217676
5 0.559261 0.387616 0.083879 0.216585
5 0.583606 0.371249 0.037643 0.060556
5 0.614089 0.508183 0.028232 0.084561
1 0.514662 0.291326 0.030687 0.053464
1 0.429760 0.084561 0.072013 0.058920
1 0.368181 0.202946 0.059329 0.065466
1 0.359384 0.275232 0.040098 0.075832
5 0.429146 0.359793 0.036416 0.084561
3 0.399891 0.397981 0.050736 0.200218
1 0.012957 0.196127 0.025914 0.039825
1 0.013025 0.155756 0.025777 0.036552
1 0.059056 0.029187 0.033552 0.033279
0 0.500000 0.497872 1.000000 0.995744