0 0.500000 0.500000 1.000000 1.000000
4 0.934498 0.252502 0.013615 0.020674
1 0.949247 0.270655 0.045382 0.070091
1 0.928447 0.321080 0.054459 0.051938
1 0.889305 0.273177 0.025338 0.039836
1 0.919938 0.388397 0.028364 0.033280
4 0.961538 0.317802 0.014749 0.019161
4 0.685084 0.134508 0.015506 0.021683
4 0.658233 0.139046 0.013993 0.028742
1 0.675819 0.120641 0.016640 0.023195
1 0.648400 0.130726 0.016262 0.024204
1 0.616444 0.050299 0.022691 0.025717
1 0.595643 0.069208 0.032524 0.049416
1 0.542319 0.078537 0.049164 0.043870
1 0.527002 0.125936 0.018531 0.027734
1 0.548937 0.021304 0.023069 0.036306
1 0.583920 0.007627 0.019666 0.015254
4 0.607934 0.028112 0.018531 0.031768
4 0.567847 0.030885 0.029877 0.037314
4 0.535890 0.039205 0.031768 0.038827
4 0.538159 0.088622 0.024960 0.063031
4 0.522086 0.107531 0.009455 0.011093
4 0.565956 0.131987 0.024582 0.067065
4 0.543832 0.135769 0.021178 0.047399
4 0.509984 0.247208 0.015506 0.037314
1 0.537214 0.246199 0.023069 0.027229
1 0.505068 0.236619 0.009455 0.018153
1 0.509984 0.301414 0.021557 0.013615
1 0.513388 0.510677 0.008698 0.013615
1 0.454580 0.661700 0.032524 0.056476
1 0.418274 0.528830 0.018153 0.041853
1 0.374593 0.546227 0.025338 0.036306
1 0.407685 0.570431 0.012102 0.022187
1 0.388775 0.591861 0.015127 0.024708
1 0.470085 0.528326 0.012858 0.017649
4 0.504879 0.530595 0.023448 0.060510
4 0.478784 0.606485 0.037819 0.075133
4 0.446827 0.559337 0.047273 0.039331
1 0.434536 0.575978 0.015127 0.027229
4 0.406928 0.607241 0.018909 0.052442
4 0.364950 0.572700 0.033280 0.034793
1 0.429620 0.617326 0.016640 0.037314
1 0.328644 0.474372 0.041600 0.063031
1 0.186068 0.082823 0.024960 0.075637
1 0.167726 0.090639 0.020044 0.020674
1 0.147493 0.053324 0.028742 0.040844
1 0.114401 0.019035 0.036684 0.037819
1 0.078095 0.055341 0.041222 0.041853
1 0.055215 0.084588 0.026473 0.043870
1 0.079419 0.098202 0.015127 0.031768
1 0.105892 0.152157 0.040844 0.044878
4 0.157325 0.075007 0.009833 0.022691
4 0.102110 0.026347 0.021178 0.013110
4 0.079041 0.071981 0.017397 0.034793