2 0.294882 0.612143 0.039601 0.104468
2 0.331289 0.615549 0.038324 0.097655
2 0.356839 0.489506 0.028104 0.086300
2 0.380472 0.534927 0.024272 0.131721
1 0.439235 0.480422 0.029382 0.109010
1 0.404105 0.553095 0.020439 0.104468
0 0.480753 0.682545 0.163516 0.227105
0 0.597002 0.612143 0.079203 0.163516
0 0.461591 0.214330 0.178845 0.333844
2 0.832907 0.721097 0.007743 0.037461
2 0.851664 0.733381 0.009860 0.045847
2 0.866834 0.729335 0.014411 0.040453
2 0.842182 0.718548 0.012136 0.059331
2 0.753818 0.358515 0.018962 0.048544
2 0.723099 0.287048 0.016687 0.056634
2 0.710963 0.303230 0.016687 0.083603
2 0.790984 0.640338 0.020479 0.041802
0 0.790984 0.715289 0.163076 0.274856
2 0.038111 0.529675 0.044711 0.127179
4 0.115398 0.424048 0.020439 0.106692
2 0.071964 0.141278 0.010220 0.086300
4 0.058550 0.136736 0.019162 0.068131
4 0.135837 0.710555 0.000000 0.004542
1 0.047053 0.338103 0.016607 0.045421
5 0.500000 0.501888 1.000000 0.996224