5 0.889866 0.191217 0.011866 0.026732
5 0.900505 0.194490 0.006956 0.019094
3 0.921781 0.211948 0.015139 0.013639
5 0.936102 0.224768 0.005319 0.018549
5 0.926077 0.227496 0.016367 0.022913
2 0.634138 0.830060 0.033142 0.037643
2 0.627182 0.866339 0.025777 0.049100
3 0.657665 0.865248 0.013093 0.042553
3 0.647027 0.874795 0.010638 0.055101
5 0.682420 0.783688 0.014321 0.058374
1 0.706151 0.818603 0.046236 0.060556
1 0.674645 0.882160 0.029869 0.045827
1 0.610816 0.815603 0.039689 0.066558
1 0.568467 0.822422 0.054828 0.084561
1 0.438148 0.319422 0.050327 0.091107
5 0.412984 0.688216 0.016367 0.024550
5 0.426282 0.697490 0.011047 0.022368
5 0.345472 0.684397 0.007365 0.024550
5 0.352837 0.687125 0.006547 0.016912
5 0.369408 0.684943 0.006956 0.013639
5 0.362043 0.687943 0.003682 0.019640
5 0.427510 0.485543 0.009411 0.024004
5 0.433442 0.487725 0.005728 0.020731
5 0.436920 0.474632 0.011866 0.026187
0 0.497340 0.500000 0.994680 1.000000