0 0.500000 0.500000 1.000000 1.000000
1 0.474056 0.380077 0.033659 0.047904
1 0.514333 0.430502 0.051433 0.050929
1 0.473300 0.458992 0.021557 0.027229
4 0.512064 0.401760 0.026473 0.017649
4 0.534188 0.428737 0.021557 0.013110
4 0.521708 0.496811 0.022313 0.032272
4 0.499395 0.469833 0.020044 0.039836
4 0.486537 0.502862 0.014749 0.036306
4 0.476893 0.476389 0.015884 0.027734
4 0.475002 0.431763 0.038575 0.031263
4 0.520384 0.469329 0.020422 0.036810
1 0.511686 0.484961 0.016640 0.013615
5 0.521330 0.526813 0.022313 0.025717
5 0.529272 0.542949 0.022313 0.018657
5 0.684706 0.154930 0.020044 0.044374
1 0.688866 0.124928 0.011724 0.016640
1 0.647455 0.109800 0.032524 0.035802
1 0.388775 0.835918 0.037062 0.054963
1 0.348688 0.831127 0.020422 0.031263