0 0.323110 0.581784 0.176580 0.297398
0 0.521995 0.856877 0.224907 0.262701
2 0.353387 0.309453 0.011314 0.042024
2 0.341265 0.384341 0.027477 0.062497
2 0.361065 0.345011 0.018587 0.037713
1 0.370762 0.297600 0.007273 0.042024
1 0.358236 0.300832 0.019396 0.063574
2 0.454001 0.343395 0.012122 0.058187
2 0.471376 0.331542 0.025861 0.047411
4 0.475821 0.377876 0.010506 0.053876
4 0.521077 0.352554 0.018587 0.050644
4 0.504915 0.354709 0.015355 0.037713
2 0.791593 0.137449 0.023479 0.032609
2 0.781810 0.170710 0.013696 0.031305
2 0.793794 0.170058 0.009294 0.020870
4 0.825833 0.158319 0.013696 0.024783
1 0.757598 0.196472 0.011250 0.030653
0 0.777653 0.150818 0.123753 0.176743
0 0.938841 0.194515 0.122318 0.167612
1 0.937602 0.172015 0.008315 0.020870
1 0.980646 0.131253 0.022011 0.012392
5 0.500000 0.500000 1.000000 1.000000