0 0.501475 0.500246 0.997050 0.999508
4 0.442667 0.528578 0.014749 0.031263
4 0.510740 0.527318 0.010967 0.029751
4 0.560283 0.418400 0.010211 0.022691
5 0.528893 0.580264 0.019287 0.044878
1 0.891574 0.126945 0.017775 0.019666
1 0.929014 0.154174 0.032146 0.024708
1 0.898570 0.158460 0.008320 0.015127
1 0.892898 0.176613 0.012102 0.026221
1 0.980448 0.384615 0.035171 0.040844
1 0.980826 0.494794 0.024582 0.039331
1 0.811588 0.846003 0.019666 0.019666
1 0.762802 0.838439 0.036306 0.068074
1 0.649913 0.469581 0.007942 0.015127
1 0.641782 0.491012 0.008320 0.011598
1 0.540428 0.465547 0.011346 0.021178
1 0.413925 0.541941 0.012480 0.019666
1 0.264163 0.967526 0.010967 0.021683
1 0.280992 0.940549 0.012858 0.019161
4 0.266432 0.914580 0.027608 0.034793
1 0.183799 0.970300 0.063535 0.056476
1 0.180584 0.893402 0.020800 0.020674
1 0.232206 0.874493 0.034037 0.048408
1 0.238825 0.502862 0.038953 0.063535
5 0.163755 0.524292 0.012858 0.037819
1 0.201006 0.475632 0.019287 0.036306
1 0.258679 0.443865 0.012102 0.015127
1 0.232963 0.223760 0.009076 0.011598
1 0.205733 0.157199 0.011346 0.014623
1 0.034037 0.575725 0.050677 0.081184
1 0.018720 0.720193 0.014749 0.015127
4 0.098328 0.729773 0.013615 0.030255