1 0.832174 0.842335 0.043781 0.055646
1 0.711061 0.808783 0.022504 0.023459
1 0.749932 0.787234 0.041326 0.055646
1 0.735202 0.822695 0.013502 0.031642
5 0.734997 0.893344 0.022913 0.045281
5 0.772640 0.863339 0.015548 0.047463
5 0.595676 0.621386 0.024141 0.078560
5 0.612861 0.644299 0.022504 0.074195
5 0.531233 0.891708 0.015548 0.058374
5 0.541871 0.903710 0.013912 0.060556
5 0.550464 0.892526 0.023732 0.052373
5 0.563557 0.903710 0.014730 0.067103
5 0.581151 0.890616 0.022095 0.040917
5 0.570922 0.904528 0.014730 0.048009
5 0.497068 0.873432 0.019231 0.052373
5 0.494613 0.789962 0.022504 0.090562
5 0.473131 0.774686 0.019640 0.086197
5 0.462289 0.758592 0.012684 0.047463
5 0.430169 0.590289 0.024550 0.082924
5 0.415439 0.567649 0.018822 0.075832
3 0.418508 0.639116 0.021686 0.030005
5 0.522845 0.257501 0.020049 0.046918
5 0.358974 0.358429 0.016367 0.039280
5 0.270185 0.293781 0.017185 0.044190
5 0.123295 0.166939 0.031097 0.079651
0 0.464628 0.497872 0.929255 0.995744