2 0.291976 0.338068 0.055762 0.167763
2 0.333858 0.343310 0.050043 0.152512
2 0.342436 0.232739 0.058622 0.152512
2 0.456820 0.385251 0.030026 0.125822
2 0.483986 0.403362 0.044324 0.158231
2 0.496140 0.400502 0.042894 0.175388
2 0.527595 0.333778 0.054332 0.087694
2 0.544753 0.407174 0.034315 0.104852
2 0.525450 0.479617 0.041464 0.074349
2 0.580498 0.345217 0.065771 0.133448
2 0.689877 0.286118 0.041464 0.129635
2 0.716328 0.305182 0.025736 0.122009
2 0.733486 0.300416 0.028596 0.116290
2 0.757792 0.313761 0.065771 0.127729
0 0.493995 0.606393 0.138690 0.244019
5 0.500000 0.500000 1.000000 1.000000