5 0.758444 0.473086 0.006985 0.026076
5 0.749131 0.475880 0.008847 0.024213
5 0.781260 0.535792 0.008847 0.019867
5 0.775439 0.535171 0.007450 0.016142
5 0.785218 0.623331 0.008381 0.021109
5 0.793366 0.619296 0.006053 0.020488
5 0.800816 0.614329 0.006985 0.014280
5 0.803843 0.619606 0.003725 0.021109
5 0.807568 0.612777 0.007450 0.016142
5 0.812923 0.617744 0.005122 0.019867
1 0.761005 0.567766 0.021419 0.031663
1 0.777535 0.517787 0.026541 0.036009
1 0.763798 0.496989 0.022351 0.022971
5 0.738188 0.488297 0.013969 0.016763
1 0.641802 0.290867 0.022351 0.021730
1 0.572888 0.388340 0.017694 0.040355
5 0.435059 0.842491 0.014900 0.037251
5 0.462066 0.841249 0.016763 0.028559
5 0.481623 0.813311 0.010244 0.028559
5 0.449494 0.847458 0.009313 0.037251
1 0.440647 0.467809 0.030732 0.044080
1 0.457177 0.419383 0.025610 0.025455
5 0.463929 0.507233 0.013969 0.045943
5 0.484417 0.514062 0.013038 0.040976
5 0.500248 0.510337 0.014900 0.042218
5 0.499084 0.478674 0.017229 0.026076
5 0.495825 0.536413 0.008847 0.038493
5 0.477898 0.526169 0.021419 0.047805
5 0.342631 0.183771 0.020022 0.049668
5 0.356600 0.203328 0.018160 0.070156
5 0.373828 0.225989 0.011641 0.065810
5 0.388961 0.165146 0.018625 0.054635
5 0.387332 0.206432 0.020954 0.037872
5 0.421556 0.185944 0.021419 0.058981
1 0.375225 0.031353 0.046098 0.062706
5 0.248572 0.048737 0.019091 0.050289
5 0.287220 0.086298 0.017229 0.045943
5 0.302586 0.076054 0.014435 0.039113
1 0.320280 0.145278 0.045167 0.038493
5 0.228550 0.117651 0.024679 0.046564
5 0.207130 0.065189 0.017229 0.040976
5 0.144735 0.565282 0.020954 0.027938
5 0.052074 0.909542 0.019091 0.048426
0 0.443402 0.495157 0.886804 0.990314