0 0.311489 0.853560 0.213592 0.292880
4 0.282362 0.909924 0.067961 0.094930
4 0.374595 0.896980 0.029126 0.086300
2 0.416552 0.355517 0.038614 0.098068
2 0.449650 0.370227 0.043027 0.103952
2 0.499848 0.548711 0.024272 0.115720
2 0.526327 0.543808 0.037511 0.145141
2 0.420413 0.494774 0.019859 0.101991
2 0.454614 0.494774 0.015446 0.117682
2 0.470612 0.496735 0.027582 0.090223
2 0.443582 0.498697 0.019859 0.141218
0 0.262460 0.540507 0.122330 0.176052
2 0.422628 0.237041 0.047266 0.102197
5 0.500000 0.500000 1.000000 1.000000