5 0.766503 0.135025 0.009002 0.026732
5 0.777141 0.118112 0.008183 0.009274
5 0.774686 0.128205 0.009002 0.010911
5 0.777550 0.134479 0.007365 0.016912
1 0.797804 0.265685 0.029869 0.075286
1 0.698582 0.255592 0.035188 0.027823
5 0.694694 0.330878 0.006137 0.019094
5 0.661552 0.364430 0.008592 0.024004
5 0.572763 0.828151 0.009411 0.022913
1 0.436920 0.533824 0.027414 0.062739
1 0.478860 0.579651 0.017185 0.031097
1 0.470676 0.540917 0.022913 0.031097
5 0.430578 0.468358 0.011457 0.044190
5 0.470063 0.481724 0.014321 0.064375
5 0.482951 0.471631 0.013093 0.049645
5 0.497886 0.489089 0.015139 0.040917
5 0.510161 0.482815 0.014321 0.026187
5 0.514662 0.502455 0.014321 0.025095
1 0.551691 0.411893 0.033552 0.039280
5 0.320922 0.287507 0.014730 0.044735
5 0.346904 0.295690 0.016776 0.043644
5 0.337289 0.288325 0.009002 0.039825
1 0.355906 0.183306 0.036416 0.068740
5 0.276528 0.190398 0.013502 0.051282
5 0.292076 0.206492 0.018412 0.032188
5 0.271413 0.244135 0.017185 0.048554
1 0.286757 0.154392 0.074877 0.044735
1 0.067853 0.368249 0.055237 0.050191
1 0.029596 0.247136 0.040098 0.044735
1 0.091789 0.236225 0.027005 0.040371
1 0.069899 0.303601 0.027414 0.044190
1 0.024209 0.308238 0.048418 0.052373
5 0.024073 0.307692 0.020049 0.027278
1 0.085652 0.296236 0.026187 0.038189
0 0.419947 0.452128 0.839894 0.904255