4 0.529187 0.513093 0.027005 0.056192
1 0.613475 0.446809 0.019640 0.024004
1 0.649482 0.554010 0.016367 0.032188
1 0.635161 0.510911 0.022913 0.027823
1 0.688966 0.192035 0.028232 0.093835
1 0.490930 0.254228 0.047054 0.041462
1 0.454924 0.275232 0.033142 0.046372
1 0.511798 0.309056 0.020867 0.030005
1 0.507297 0.345336 0.021686 0.026187
1 0.526323 0.372613 0.008183 0.026187
1 0.446740 0.425532 0.033142 0.049100
1 0.521413 0.733224 0.018003 0.027278
1 0.469858 0.710857 0.035188 0.054555
1 0.408279 0.903164 0.029051 0.054010
1 0.337902 0.778778 0.062602 0.144572
1 0.236225 0.344517 0.019640 0.027823
1 0.251773 0.322422 0.024550 0.033824
1 0.280005 0.343153 0.019640 0.063284
5 0.278164 0.337425 0.006137 0.016912
1 0.196740 0.496454 0.044599 0.068740
1 0.253001 0.701855 0.069558 0.106383
1 0.186920 0.702673 0.042144 0.038189
1 0.138230 0.726132 0.051146 0.058920
1 0.175873 0.780960 0.047054 0.043099
1 0.225791 0.808783 0.052782 0.061648
1 0.362043 0.977632 0.029051 0.044735
1 0.107133 0.465903 0.025777 0.049100
1 0.070104 0.437534 0.035188 0.050191
5 0.054351 0.425259 0.020867 0.037643
1 0.145595 0.451446 0.024141 0.024550
1 0.116953 0.296236 0.032324 0.058920
5 0.079310 0.380524 0.015957 0.046372
5 0.121249 0.338516 0.012275 0.040917
0 0.353989 0.495745 0.706915 0.991489