5 0.598131 0.397436 0.022504 0.063830
5 0.609997 0.389253 0.022504 0.054010
5 0.618590 0.402346 0.024959 0.085652
5 0.643958 0.384888 0.027414 0.069285
5 0.642526 0.700491 0.026187 0.072013
5 0.550259 0.640207 0.024141 0.082379
5 0.517321 0.464812 0.036825 0.081833
5 0.503001 0.366612 0.018822 0.070922
5 0.444899 0.334152 0.019640 0.045281
3 0.476814 0.340426 0.022095 0.056738
5 0.465767 0.358156 0.022095 0.055101
5 0.416053 0.405346 0.025777 0.061102
5 0.328901 0.312330 0.013502 0.031097
5 0.320513 0.363612 0.013093 0.031097
5 0.334629 0.372340 0.014321 0.038734
5 0.308647 0.355155 0.014730 0.025095
1 0.296781 0.286143 0.022095 0.037643
1 0.357542 0.279869 0.029051 0.051282
1 0.322968 0.289143 0.023732 0.018549
1 0.311307 0.332788 0.036416 0.019640
1 0.292485 0.360884 0.022504 0.027823
1 0.188966 0.819422 0.060147 0.029460
1 0.184670 0.783961 0.027005 0.025095
1 0.120022 0.738680 0.048282 0.049100
1 0.102632 0.798963 0.035597 0.039825
1 0.184465 0.660393 0.076514 0.064921
1 0.122068 0.652209 0.056465 0.080196
5 0.107542 0.380251 0.022504 0.031642
5 0.138639 0.463721 0.015139 0.031642
5 0.122477 0.454446 0.018003 0.033824
5 0.067239 0.385706 0.017185 0.028369
5 0.077673 0.376432 0.015957 0.020731
5 0.084629 0.420349 0.010229 0.024550
5 0.101814 0.404801 0.009411 0.016367
5 0.108565 0.403437 0.009820 0.013639
5 0.093631 0.401528 0.013502 0.014184
5 0.095472 0.421440 0.015548 0.022368
5 0.093835 0.442171 0.016367 0.038734
5 0.104064 0.445990 0.016367 0.016912
5 0.108974 0.468358 0.015548 0.027823
0 0.494947 0.497872 0.989894 0.995744
1 0.410325 0.030824 0.035597 0.025641
1 0.445308 0.068467 0.014730 0.030005
1 0.411757 0.067921 0.042553 0.028914
1 0.383524 0.099018 0.025368 0.026732
5 0.498295 0.133115 0.019231 0.040371
5 0.519981 0.023459 0.014321 0.024004
5 0.504433 0.035734 0.007774 0.025641
5 0.507092 0.045827 0.007365 0.030551
5 0.510161 0.046099 0.010229 0.027823
5 0.516912 0.053464 0.004910 0.025095
5 0.521004 0.052100 0.009002 0.028914