2 0.194651 0.478614 0.030979 0.068154
3 0.208979 0.472418 0.044145 0.072284
2 0.232987 0.491522 0.016264 0.065056
2 0.247702 0.490489 0.024009 0.056795
2 0.255834 0.552963 0.023234 0.064023
2 0.276358 0.555028 0.030204 0.064023
0 0.373554 0.159940 0.230793 0.276745
2 0.106361 0.567313 0.013941 0.041305
2 0.093195 0.580220 0.010843 0.036142
4 0.540493 0.353398 0.037890 0.087694
4 0.578383 0.348156 0.037890 0.067677
2 0.624136 0.218044 0.032170 0.053379
4 0.602332 0.239968 0.020017 0.024783
0 0.561583 0.291917 0.201601 0.267849
5 0.498451 0.500000 0.996902 1.000000