2 0.407018 0.284189 0.029946 0.077103
2 0.468976 0.619450 0.032012 0.072973
2 0.384816 0.525824 0.035109 0.086741
2 0.376039 0.602239 0.032012 0.068842
2 0.401855 0.618761 0.034077 0.079857
2 0.412181 0.585717 0.032012 0.090872
2 0.427154 0.622892 0.024783 0.082610
2 0.630583 0.453540 0.041305 0.057827
2 0.704416 0.490027 0.023751 0.067465
2 0.626968 0.524448 0.036142 0.089495
2 0.674469 0.427380 0.042338 0.071596
2 0.679116 0.498976 0.020653 0.082610
2 0.653301 0.510679 0.026848 0.075726
2 0.440579 0.818876 0.039240 0.060581
2 0.463813 0.832645 0.029946 0.060581
2 0.484982 0.820942 0.024783 0.053697
4 0.779798 0.792028 0.040273 0.056451
2 0.319761 0.332851 0.024783 0.079857
2 0.280004 0.336982 0.032012 0.066088
2 0.301690 0.318395 0.032012 0.100509
2 0.270711 0.292923 0.032012 0.041305
2 0.449872 0.065744 0.041305 0.079857
2 0.394110 0.039068 0.033044 0.078136
2 0.692541 0.350750 0.026848 0.060581
2 0.675502 0.355569 0.029946 0.050943
2 0.697187 0.030118 0.040273 0.060236
2 0.733846 0.033561 0.035109 0.067121
2 0.474655 0.126325 0.041305 0.063335
0 0.178553 0.477463 0.111524 0.135354
2 0.153889 0.248219 0.017872 0.046707
2 0.162111 0.272525 0.015728 0.030502
2 0.174979 0.270619 0.022877 0.040034
2 0.179268 0.254414 0.015728 0.045754
0 0.092051 0.230207 0.070060 0.105805
5 0.500000 0.500000 1.000000 1.000000