5 0.995235 0.021052 0.009530 0.018657
5 0.955298 0.113078 0.009833 0.022187
5 0.911996 0.149131 0.010967 0.017649
5 0.903865 0.150140 0.009076 0.015632
5 0.810642 0.054585 0.013237 0.007059
5 0.769042 0.044500 0.004916 0.010085
5 0.775471 0.057358 0.004916 0.003530
5 0.820664 0.179386 0.007564 0.026725
5 0.894600 0.264100 0.008698 0.023700
5 0.849595 0.273177 0.010211 0.008572
5 0.844490 0.280488 0.006051 0.014119
5 0.840330 0.261831 0.009076 0.021178
4 0.864912 0.269899 0.010589 0.025212
4 0.855646 0.276202 0.011724 0.024708
4 0.835035 0.270907 0.009833 0.017144
5 0.825581 0.439831 0.021935 0.055467
1 0.797217 0.413105 0.009076 0.019161
1 0.834279 0.407559 0.009833 0.013110
1 0.812155 0.370749 0.009455 0.009076
1 0.832766 0.319315 0.028742 0.018153
1 0.828417 0.350579 0.015506 0.012102
1 0.867370 0.676827 0.018531 0.021178
5 0.869828 0.696493 0.007564 0.032272
5 0.881930 0.690694 0.009076 0.013615
5 0.890061 0.690442 0.007186 0.032272
5 0.898760 0.692207 0.010211 0.017649
4 0.850919 0.583793 0.014371 0.008572
4 0.687921 0.160729 0.009076 0.013615
4 0.700212 0.182664 0.008698 0.014119
4 0.705128 0.161990 0.008698 0.015127
5 0.684706 0.214684 0.010211 0.022691
4 0.751456 0.727252 0.006807 0.015127
5 0.657288 0.679096 0.005295 0.018657
5 0.650102 0.674306 0.004538 0.014119
1 0.729332 0.707082 0.015506 0.021178
1 0.760154 0.694476 0.024204 0.016136
1 0.772067 0.736329 0.035171 0.046391
1 0.745972 0.717167 0.011724 0.030255
1 0.659746 0.302171 0.010967 0.022187
1 0.679033 0.276706 0.017775 0.010589
1 0.702481 0.149636 0.005673 0.009581
5 0.716663 0.165267 0.005295 0.014623
5 0.712881 0.170562 0.003782 0.017144
4 0.573519 0.284774 0.008698 0.017649
4 0.505824 0.344023 0.004916 0.018153
4 0.500151 0.345284 0.006429 0.011598
4 0.511686 0.376043 0.008320 0.016640
5 0.517359 0.329904 0.008320 0.013110
5 0.477082 0.533369 0.019287 0.034793
5 0.446260 0.510677 0.020422 0.051938
4 0.430187 0.517233 0.009455 0.034793
4 0.416572 0.510930 0.013237 0.045382
4 0.406928 0.503618 0.008320 0.012606
1 0.429241 0.313516 0.029499 0.031768
5 0.427350 0.328896 0.006807 0.011093
1 0.453445 0.387137 0.024204 0.023700
1 0.517737 0.435292 0.024204 0.021178
1 0.518871 0.349066 0.017397 0.022187
1 0.414114 0.471346 0.034793 0.054963
1 0.463656 0.509165 0.012858 0.036810
1 0.487482 0.899201 0.016640 0.015127
5 0.294796 0.985654 0.026095 0.028692
5 0.321458 0.980612 0.021935 0.038776
5 0.354171 0.981116 0.035171 0.037768
5 0.338666 0.944331 0.015506 0.021683
5 0.240337 0.816756 0.017775 0.043870
5 0.257167 0.803646 0.018909 0.047904
5 0.265676 0.817513 0.013993 0.052442
5 0.228803 0.812218 0.010589 0.036810
5 0.274563 0.765575 0.009833 0.038323
5 0.286854 0.766836 0.010967 0.033785
5 0.296498 0.769861 0.009076 0.037819
5 0.386695 0.641026 0.005673 0.016136
5 0.391612 0.648337 0.005673 0.014623
4 0.372135 0.547740 0.006807 0.022187
5 0.365895 0.544966 0.005673 0.019666
5 0.350390 0.560346 0.004160 0.009076
5 0.340368 0.578499 0.004538 0.004034
5 0.344528 0.580264 0.003782 0.008572
5 0.347553 0.567153 0.006051 0.008572
5 0.277400 0.638252 0.007186 0.006555
5 0.295931 0.650354 0.007186 0.008572
5 0.302927 0.653884 0.004538 0.011598
1 0.369866 0.523284 0.031011 0.041853
1 0.372135 0.614048 0.019666 0.014623
5 0.408252 0.560094 0.007942 0.012606
5 0.405416 0.532864 0.002269 0.012606
5 0.401256 0.527822 0.004538 0.005547
4 0.353037 0.056854 0.006429 0.020674
4 0.355117 0.026095 0.003782 0.013615
5 0.352470 0.034667 0.009076 0.010589
5 0.419409 0.020548 0.006807 0.009581
5 0.410899 0.030633 0.005673 0.008572
5 0.445692 0.168545 0.005673 0.011093
5 0.249981 0.065678 0.005295 0.009076
5 0.254330 0.068200 0.003404 0.014119
5 0.258868 0.068452 0.004160 0.008572
5 0.407307 0.072990 0.007564 0.009581
5 0.156569 0.156695 0.005295 0.007564
4 0.150140 0.257545 0.005295 0.012606
4 0.145602 0.259310 0.005295 0.012102
5 0.265487 0.328140 0.004538 0.009581
5 0.260759 0.326375 0.003404 0.009076
5 0.258490 0.379069 0.004916 0.010589
1 0.218970 0.407307 0.015884 0.019666
5 0.332804 0.378060 0.007564 0.009581
5 0.333371 0.383859 0.005673 0.006051
5 0.337909 0.387641 0.005673 0.006555
1 0.896869 0.623629 0.013993 0.012606
0 0.500737 0.500000 0.998525 1.000000