0 0.500737 0.501229 0.998525 0.997542
5 0.488049 0.060321 0.049542 0.120641
4 0.536457 0.229307 0.049542 0.075133
4 0.499395 0.465547 0.079797 0.082697
5 0.495991 0.419156 0.052568 0.033280
5 0.470464 0.512947 0.023448 0.148249
5 0.451176 0.493533 0.037062 0.141694
5 0.523977 0.748935 0.051812 0.039331
5 0.551774 0.825076 0.044626 0.069586
5 0.522842 0.889368 0.050299 0.096311
5 0.542130 0.911303 0.028364 0.090765
5 0.563308 0.906008 0.020800 0.095303
5 0.584298 0.883065 0.028742 0.026221
5 0.504311 0.903991 0.037440 0.103371
5 0.508282 0.965762 0.034793 0.032272
5 0.523977 0.978343 0.040466 0.043314
5 0.472165 0.942541 0.039710 0.114918
5 0.447205 0.952903 0.048786 0.091269
5 0.415816 0.957416 0.057862 0.085168
5 0.406172 0.183672 0.028742 0.051433
5 0.409387 0.401003 0.042735 0.103875
5 0.429241 0.499080 0.047651 0.123541
5 0.389910 0.552026 0.041600 0.088243
5 0.381401 0.485969 0.051055 0.064040
5 0.350579 0.532360 0.048408 0.084209
5 0.347742 0.469581 0.076772 0.078663
5 0.345851 0.423947 0.079797 0.168923
5 0.342826 0.366715 0.057106 0.075637
5 0.318811 0.336712 0.049921 0.036810
5 0.277210 0.459496 0.055215 0.144215
5 0.296687 0.400247 0.043491 0.104379
5 0.252817 0.404533 0.054837 0.101858
5 0.424703 0.893402 0.049921 0.053955