0 0.048454 0.172370 0.096908 0.125187
0 0.241556 0.802110 0.147269 0.213516
0 0.349744 0.974931 0.039558 0.050138
0 0.336638 0.050678 0.081975 0.064817
0 0.437200 0.637908 0.143933 0.192546
2 0.549201 0.505731 0.028596 0.056556
2 0.576605 0.508273 0.027166 0.067995
0 0.507498 0.089442 0.065294 0.071172
0 0.690274 0.232421 0.105805 0.127093
0 0.630223 0.628058 0.088647 0.060369
1 0.840880 0.583642 0.020970 0.033044
0 0.843024 0.584784 0.156801 0.238677
2 0.981444 0.345786 0.037111 0.080069
2 0.508213 0.963207 0.020970 0.041941
5 0.500000 0.500000 1.000000 1.000000