0 0.501475 0.502212 0.997050 0.995575
5 0.610014 0.304440 0.020422 0.049921
5 0.602829 0.299145 0.014371 0.027229
5 0.598480 0.317550 0.019287 0.045887
5 0.586567 0.301919 0.010589 0.024708
5 0.584487 0.334695 0.022313 0.052946
5 0.567847 0.350579 0.020800 0.057484
5 0.548559 0.343015 0.028364 0.052442
5 0.539104 0.328644 0.015506 0.038827
5 0.525301 0.389406 0.015884 0.056476
5 0.541563 0.401003 0.020422 0.034289
5 0.522275 0.347049 0.012858 0.036306
5 0.621171 0.439326 0.023826 0.049416
5 0.603963 0.459748 0.025717 0.070091
5 0.625898 0.475380 0.015884 0.025717
5 0.579759 0.473363 0.017397 0.060006
5 0.567468 0.459748 0.011724 0.034793
5 0.558581 0.474876 0.020422 0.062023
5 0.544210 0.454958 0.021935 0.046391
5 0.196468 0.940297 0.008698 0.014623
5 0.188526 0.946348 0.010967 0.016640