0 0.500000 0.426991 1.000000 0.853982
4 0.555934 0.448907 0.024960 0.050425
4 0.529272 0.360664 0.019287 0.022187
4 0.544588 0.330409 0.016640 0.017144
4 0.522842 0.409324 0.013993 0.017649
4 0.532675 0.423947 0.007186 0.014623
3 0.456660 0.442352 0.013993 0.020170
3 0.524166 0.392683 0.015884 0.024708
3 0.493155 0.385624 0.011346 0.028742
1 0.453634 0.347049 0.022313 0.028238
1 0.470653 0.419913 0.026851 0.027734
1 0.464224 0.383103 0.019287 0.033785
1 0.476515 0.332678 0.015884 0.028742
1 0.520384 0.359655 0.048408 0.053450
1 0.506202 0.402012 0.020800 0.022187
1 0.524733 0.458740 0.027608 0.032776
1 0.541563 0.399491 0.021178 0.021178
1 0.551206 0.414618 0.017775 0.018153
1 0.576167 0.407559 0.026851 0.026221
1 0.572196 0.382346 0.025717 0.023195
1 0.529839 0.311752 0.031768 0.030255
1 0.494668 0.306961 0.034037 0.035802
1 0.879283 0.116103 0.018153 0.029246
1 0.860752 0.126188 0.021178 0.020170
1 0.834090 0.119885 0.021557 0.015632
1 0.874934 0.151401 0.017775 0.024204
1 0.979880 0.209389 0.018153 0.024204
1 0.958135 0.238636 0.009455 0.013110
1 0.860752 0.226786 0.011346 0.017649
1 0.888738 0.244434 0.008320 0.010589
1 0.867937 0.194514 0.015127 0.015632
1 0.826904 0.166528 0.010211 0.015127
1 0.975569 0.556312 0.048862 0.051433
1 0.980259 0.612283 0.033280 0.034289
5 0.918236 0.565641 0.016640 0.022691
3 0.870396 0.820538 0.015506 0.016136
3 0.905756 0.794569 0.015884 0.016640
3 0.834279 0.818773 0.010589 0.013615
1 0.915967 0.779946 0.020422 0.026725
1 0.869450 0.749187 0.018153 0.022691
1 0.852432 0.824824 0.011346 0.017649
1 0.582974 0.702544 0.023826 0.035297
1 0.559337 0.705569 0.021935 0.045382
1 0.517359 0.717671 0.055972 0.076646
1 0.480107 0.667499 0.039710 0.034793
1 0.551396 0.664977 0.015127 0.023700
1 0.568414 0.642791 0.012858 0.016640
1 0.541752 0.639009 0.014749 0.014119
1 0.210272 0.399743 0.027986 0.033785
1 0.211595 0.442604 0.026851 0.021683
1 0.225210 0.472859 0.011724 0.010589
1 0.215566 0.506391 0.068074 0.039331
1 0.164511 0.473867 0.031011 0.047904
1 0.148627 0.441848 0.029499 0.044374
5 0.061266 0.458992 0.011346 0.019161
1 0.050677 0.482187 0.013615 0.012102
1 0.033469 0.476893 0.007942 0.010589