2 0.563695 0.573703 0.026294 0.070119
4 0.541109 0.571905 0.026969 0.070119
2 0.496611 0.449198 0.037756 0.085401
2 0.461888 0.409644 0.023598 0.103380
2 0.418064 0.400205 0.026294 0.061129
2 0.402220 0.337053 0.029666 0.090345
2 0.504027 0.513024 0.022923 0.047645
1 0.467619 0.521339 0.028317 0.077760
2 0.411659 0.437062 0.024272 0.041352
2 0.448067 0.564714 0.032362 0.062927
2 0.420424 0.558421 0.025620 0.048544
4 0.445707 0.413689 0.030340 0.088098
2 0.523579 0.349863 0.035059 0.065624
2 0.485149 0.522013 0.020227 0.061129
0 0.638956 0.744955 0.104001 0.100683
0 0.458180 0.365595 0.107875 0.153722
2 0.690957 0.172617 0.017426 0.035682
2 0.711806 0.161000 0.028006 0.037341
2 0.690334 0.114946 0.019915 0.048129
2 0.672286 0.131542 0.013692 0.053108
2 0.657350 0.146063 0.018671 0.032362
0 0.673842 0.111626 0.056634 0.068044
0 0.676643 0.222820 0.049788 0.033192
2 0.198329 0.480043 0.020992 0.028864
2 0.173730 0.484854 0.022960 0.031488
2 0.161594 0.518528 0.022304 0.044608
2 0.144210 0.505846 0.029520 0.045482
2 0.120266 0.537042 0.014432 0.048106
2 0.149458 0.539229 0.020336 0.020992
2 0.135026 0.534418 0.012464 0.039360
2 0.171434 0.535730 0.013120 0.039360
4 0.205873 0.533981 0.026896 0.039360
4 0.182585 0.530919 0.018368 0.045482
0 0.962244 0.640417 0.075512 0.289105
5 0.500000 0.500000 1.000000 1.000000