5 0.951915 0.117961 0.038182 0.080710
5 0.813854 0.067052 0.019091 0.031042
5 0.832480 0.014590 0.008847 0.029180
5 0.822003 0.022040 0.014900 0.044080
5 0.792435 0.010554 0.010710 0.021108
5 0.810595 0.009623 0.010710 0.019246
5 0.732834 0.068604 0.016297 0.050289
5 0.718399 0.035078 0.011641 0.026696
5 0.744242 0.090644 0.008381 0.064568
1 0.871593 0.027938 0.031198 0.055876
5 0.890917 0.510337 0.011175 0.029801
5 0.902092 0.509716 0.013038 0.026076
5 0.913966 0.915440 0.006053 0.030422
5 0.905352 0.915130 0.009313 0.029801
5 0.895341 0.908301 0.006985 0.027317
5 0.888123 0.896505 0.013969 0.018625
5 0.900928 0.908301 0.008847 0.029801
5 0.901627 0.855218 0.011175 0.026696
5 0.915363 0.838455 0.013503 0.036630
5 0.930496 0.856150 0.008381 0.028559
5 0.920718 0.857702 0.014900 0.032905
5 0.606181 0.027317 0.008847 0.036009
5 0.616425 0.028559 0.011641 0.034767
5 0.622711 0.009313 0.011175 0.018625
5 0.628065 0.016452 0.011641 0.032904
5 0.636913 0.015832 0.010710 0.031663
5 0.510958 0.259514 0.011175 0.028559
5 0.522366 0.271311 0.009778 0.032284
5 0.588486 0.298628 0.006985 0.017384
5 0.598265 0.299559 0.008847 0.015521
5 0.547976 0.537654 0.018160 0.069535
5 0.522599 0.535171 0.018625 0.072018
5 0.564972 0.532998 0.019557 0.075123
5 0.584761 0.545415 0.021885 0.065189
5 0.710483 0.560626 0.007916 0.017384
5 0.696048 0.564661 0.006985 0.021730
5 0.397576 0.197430 0.037717 0.089402
5 0.408751 0.572112 0.021885 0.044080
5 0.395015 0.561247 0.013038 0.036009
5 0.380813 0.580803 0.009778 0.019246
5 0.388961 0.584839 0.009313 0.022351
5 0.399904 0.599118 0.012572 0.049668
5 0.176166 0.511268 0.009313 0.030422
5 0.180589 0.545415 0.009778 0.020488
5 0.218539 0.531136 0.021419 0.034147
5 0.231111 0.548830 0.017694 0.033526
5 0.257419 0.519029 0.007916 0.009934
1 0.215046 0.484572 0.027473 0.031663
1 0.271854 0.282796 0.018160 0.030422
1 0.276510 0.328429 0.034923 0.032284
1 0.214115 0.318185 0.034923 0.037872
1 0.233439 0.271000 0.053083 0.045322
1 0.294437 0.212330 0.041907 0.047184
1 0.232973 0.208915 0.078227 0.036630
1 0.205035 0.173527 0.078227 0.039113
1 0.282331 0.014280 0.024213 0.028559
5 0.203871 0.424350 0.006985 0.021730
5 0.183150 0.446700 0.020488 0.014280
5 0.158239 0.444838 0.012572 0.026696
5 0.156609 0.461911 0.011175 0.018625
5 0.229015 0.280002 0.012572 0.026076
5 0.196188 0.183771 0.006519 0.024834
5 0.205035 0.194946 0.012107 0.027317
5 0.223428 0.143726 0.011641 0.024213
5 0.227153 0.163593 0.007916 0.021730
5 0.226454 0.202086 0.006519 0.016763
5 0.239725 0.145278 0.012572 0.026076
5 0.205501 0.169492 0.010244 0.028559
5 0.205966 0.043149 0.008381 0.022971
5 0.205501 0.019867 0.007450 0.012417
5 0.425514 0.088781 0.004191 0.016142
5 0.288850 0.187496 0.008381 0.022351
5 0.280701 0.188427 0.008847 0.018005
5 0.296300 0.181288 0.013969 0.021109
5 0.328429 0.236233 0.011175 0.024213
5 0.377786 0.537654 0.009313 0.022351
5 0.369637 0.536413 0.006053 0.017384
5 0.360558 0.535792 0.008381 0.017384
5 0.351245 0.539827 0.009313 0.025455
5 0.007605 0.610604 0.013969 0.045322
5 0.038803 0.612156 0.019557 0.050910
5 0.051608 0.606569 0.017229 0.048426
5 0.060688 0.598187 0.010244 0.018005
5 0.009158 0.151487 0.018315 0.040976
5 0.501211 0.468523 0.997578 0.932203