2 0.490131 0.530994 0.030536 0.060188
2 0.495442 0.436287 0.021243 0.070809
4 0.510378 0.434959 0.013941 0.061073
2 0.526642 0.423895 0.026553 0.083201
4 0.563817 0.396457 0.017260 0.072579
2 0.533280 0.561530 0.026553 0.048681
4 0.527306 0.537632 0.017260 0.046911
2 0.532616 0.628799 0.038502 0.061073
2 0.563817 0.346005 0.031864 0.058417
0 0.561493 0.314584 0.069703 0.041600
0 0.648455 0.959683 0.060409 0.068154
0 0.940933 0.513975 0.118133 0.234614
0 0.945064 0.973702 0.037175 0.052595
1 0.917390 0.945752 0.165220 0.102437
0 0.916445 0.739423 0.078598 0.087095
2 0.099530 0.898071 0.022400 0.038763
2 0.100006 0.931116 0.019541 0.029867
2 0.113351 0.932069 0.010009 0.026690
5 0.430865 0.531753 0.861730 0.936493