2 0.094006 0.079805 0.013757 0.024851
2 0.122408 0.095189 0.019082 0.029585
0 0.055324 0.331006 0.102956 0.143191
2 0.048500 0.576166 0.014269 0.030556
0 0.126764 0.856455 0.090371 0.077255
2 0.321630 0.127244 0.015134 0.025944
1 0.374959 0.360353 0.006486 0.014413
2 0.344691 0.362659 0.017728 0.019025
1 0.351609 0.346228 0.015134 0.013837
2 0.475130 0.568287 0.028970 0.060535
2 0.511884 0.551856 0.015134 0.056500
2 0.517721 0.558486 0.019890 0.029403
1 0.532855 0.599131 0.019890 0.016143
0 0.593823 0.585295 0.044104 0.114152
2 0.726928 0.358335 0.021187 0.028826
5 0.503654 0.504356 0.992692 0.991287