2 0.014792 0.692805 0.023964 0.027218
2 0.061167 0.738957 0.019970 0.034319
2 0.539407 0.423089 0.035058 0.089346
2 0.553608 0.418355 0.025295 0.056211
2 0.569362 0.423089 0.023076 0.069229
2 0.592438 0.419243 0.024851 0.080471
2 0.626831 0.274869 0.026183 0.082838
2 0.612556 0.491726 0.029289 0.079879
2 0.585929 0.458887 0.025739 0.040235
2 0.577498 0.481076 0.027514 0.055028
2 0.451022 0.850295 0.013313 0.036094
2 0.507603 0.885797 0.015532 0.026626
2 0.963433 0.589159 0.060353 0.071596
5 0.501967 0.504356 0.996065 0.991287