0 0.594687 0.835966 0.118759 0.101711
2 0.544324 0.838856 0.021843 0.070504
2 0.564176 0.723083 0.028606 0.049314
2 0.543371 0.743117 0.016470 0.064725
2 0.520833 0.738493 0.016470 0.043150
2 0.499595 0.676851 0.031207 0.080136
2 0.528028 0.455893 0.037795 0.170686
2 0.484426 0.499628 0.023405 0.083218
2 0.469256 0.538154 0.022538 0.067807
2 0.444117 0.525826 0.020804 0.092464
2 0.431981 0.537384 0.022538 0.063184
2 0.408143 0.604420 0.023405 0.089382
4 0.398607 0.456478 0.018204 0.064725
2 0.417678 0.477282 0.019938 0.060102
2 0.360120 0.289247 0.017751 0.071855
2 0.646691 0.172662 0.001674 0.001488
2 0.655061 0.215812 0.021761 0.058029
2 0.684773 0.144391 0.017576 0.081836
2 0.667615 0.148855 0.016739 0.049102
2 0.573876 0.054867 0.021761 0.080348
2 0.552115 0.066027 0.033478 0.102667
2 0.499805 0.079418 0.019250 0.063981
2 0.730411 0.038033 0.016804 0.060852
2 0.716408 0.036926 0.012447 0.049788
2 0.707034 0.045224 0.013614 0.053108
2 0.842046 0.108290 0.024894 0.044256
2 0.793814 0.052969 0.009335 0.039831
2 0.775454 0.052969 0.023649 0.046469
2 0.842046 0.156419 0.027384 0.040937
1 0.745581 0.137610 0.029873 0.038724
1 0.733757 0.114928 0.002489 0.002213
4 0.815285 0.207867 0.016181 0.035405
4 0.803149 0.199569 0.014314 0.045363
2 0.778566 0.605989 0.026139 0.045363
2 0.772654 0.657991 0.028006 0.065278
3 0.751805 0.671267 0.026139 0.067491
2 0.724732 0.650799 0.018048 0.077449
2 0.687702 0.677906 0.032362 0.102896
2 0.705128 0.887202 0.029873 0.068597
2 0.738113 0.892734 0.028628 0.092938
2 0.758028 0.896606 0.021160 0.098470
0 0.936870 0.773665 0.126260 0.264293
0 0.252023 0.435275 0.356796 0.543689
5 0.500000 0.500000 1.000000 1.000000