2 0.118404 0.692625 0.010810 0.034015
2 0.128782 0.692913 0.015999 0.027673
2 0.150401 0.699831 0.014269 0.025367
2 0.189966 0.690319 0.019025 0.025944
2 0.190182 0.668699 0.011675 0.026520
2 0.207261 0.676194 0.016431 0.032285
2 0.052680 0.883551 0.022052 0.041510
2 0.196091 0.164622 0.015134 0.025367
2 0.202577 0.155974 0.021187 0.028826
2 0.228953 0.194025 0.012539 0.027673
2 0.260446 0.500834 0.017296 0.044393
2 0.274715 0.510058 0.021620 0.046699
2 0.249708 0.810717 0.015134 0.049581
2 0.259653 0.815329 0.015999 0.048428
2 0.266788 0.817923 0.025944 0.054770
2 0.282570 0.794286 0.017728 0.050158
2 0.319540 0.504197 0.022485 0.056500
2 0.333593 0.484595 0.016863 0.027673
2 0.378778 0.526105 0.019890 0.039204
2 0.373373 0.214300 0.011675 0.022485
2 0.363212 0.190374 0.007783 0.013837
2 0.470230 0.571170 0.023782 0.015566
2 0.484282 0.599708 0.015566 0.026520
2 0.499632 0.580971 0.016863 0.032862
2 0.512821 0.582700 0.014701 0.023638
2 0.492066 0.720202 0.014701 0.032285
2 0.505902 0.722508 0.019890 0.028826
2 0.512388 0.749605 0.020755 0.038051
2 0.586832 0.878651 0.021187 0.036321
2 0.606506 0.886722 0.014701 0.035168
2 0.616235 0.867120 0.013404 0.032862
2 0.549646 0.635356 0.019458 0.037474
2 0.550295 0.662741 0.021620 0.033439
2 0.577536 0.660147 0.013837 0.039780
2 0.586184 0.654670 0.012972 0.032285
2 0.597858 0.661300 0.014701 0.044393
2 0.557213 0.597882 0.029403 0.050158
2 0.575374 0.593847 0.018161 0.032862
2 0.616235 0.565020 0.022917 0.035168
2 0.624234 0.586352 0.013837 0.027097
2 0.629423 0.591540 0.019025 0.036321
2 0.667906 0.570209 0.014701 0.039780
2 0.653637 0.607971 0.008648 0.039204
2 0.502731 0.439145 0.017296 0.016719
2 0.518298 0.428768 0.016431 0.030556
2 0.527810 0.421561 0.011242 0.018449
2 0.583589 0.412625 0.015566 0.022485
2 0.737234 0.554354 0.025079 0.040357
2 0.700480 0.841369 0.019890 0.031709
0 0.911056 0.448850 0.041510 0.051887
0 0.975851 0.807258 0.048298 0.104928
5 0.503654 0.504356 0.992692 0.991287