2 0.523563 0.503614 0.037175 0.094176
2 0.503117 0.566811 0.026022 0.061958
2 0.492430 0.628788 0.039963 0.086780
2 0.439920 0.563094 0.037175 0.133829
2 0.457114 0.616997 0.034387 0.095415
2 0.347448 0.556898 0.047398 0.116481
2 0.379511 0.559996 0.020446 0.100372
2 0.423656 0.589736 0.039963 0.105328
2 0.402746 0.568050 0.018587 0.128872
2 0.290169 0.647337 0.013277 0.040125
2 0.238390 0.665039 0.026553 0.047206
2 0.237948 0.619603 0.025668 0.062548
2 0.266271 0.665039 0.011506 0.035404
2 0.076172 0.291103 0.020774 0.047380
0 0.188302 0.180013 0.041696 0.108510
2 0.124251 0.117050 0.016076 0.041529
2 0.156904 0.102984 0.012057 0.048227
2 0.132540 0.093607 0.016578 0.033491
2 0.138819 0.124753 0.009042 0.031481
2 0.146103 0.096956 0.013564 0.076359
5 0.500000 0.500000 1.000000 1.000000