2 0.206180 0.818692 0.016863 0.040933
2 0.233421 0.707999 0.018593 0.025944
2 0.269815 0.595576 0.023349 0.043240
2 0.292299 0.603071 0.023349 0.035168
2 0.308514 0.586063 0.021187 0.053040
2 0.318243 0.569344 0.016431 0.031132
2 0.330350 0.598459 0.014701 0.052464
2 0.315648 0.661300 0.025079 0.025944
2 0.349591 0.572227 0.009945 0.046122
2 0.358888 0.579145 0.011242 0.020755
2 0.388894 0.522987 0.017751 0.035502
2 0.410417 0.568252 0.018195 0.049111
0 0.266161 0.685497 0.217538 0.134907
0 0.286086 0.089864 0.151771 0.123073
0 0.130617 0.058504 0.062128 0.100589
0 0.430609 0.656711 0.047928 0.066270
0 0.728381 0.883036 0.213899 0.111831
2 0.597098 0.471115 0.018195 0.055620
2 0.621949 0.508984 0.023520 0.050886
2 0.609301 0.511647 0.020414 0.040827
2 0.641697 0.515493 0.011538 0.048519
2 0.653457 0.506025 0.025295 0.044969
2 0.684743 0.454548 0.015976 0.062720
2 0.695616 0.502771 0.018195 0.057395
2 0.714920 0.498333 0.020414 0.052069
0 0.960489 0.509378 0.079021 0.138457
5 0.505340 0.504356 0.989320 0.991287