0 0.500000 0.500000 1.000000 1.000000
1 0.458740 0.533873 0.008320 0.009581
1 0.377430 0.373774 0.027229 0.021178
1 0.341124 0.353352 0.040088 0.027734
1 0.319567 0.379825 0.027229 0.018153
1 0.345473 0.391423 0.017018 0.020170
1 0.328644 0.394196 0.007564 0.010589
5 0.484078 0.546983 0.030255 0.048912
5 0.466115 0.553034 0.017775 0.049921
5 0.449096 0.553539 0.022313 0.055972
3 0.405227 0.542193 0.015506 0.017144
1 0.784736 0.550261 0.012858 0.028238
1 0.731223 0.771626 0.012480 0.023195
5 0.697754 0.787258 0.027986 0.075637
5 0.590160 0.035423 0.015506 0.048408
5 0.580516 0.043491 0.012858 0.050425
1 0.577490 0.016514 0.013615 0.016640
1 0.583920 0.006618 0.015884 0.013236
1 0.601694 0.017271 0.008320 0.011093
4 0.606233 0.007879 0.021935 0.015758
1 0.547235 0.022565 0.015884 0.013615
5 0.501475 0.229307 0.011346 0.023700
1 0.285342 0.679349 0.013237 0.015127
1 0.299902 0.675062 0.011346 0.018657
1 0.258112 0.697754 0.010211 0.024708
1 0.224643 0.737589 0.039331 0.022691
1 0.239770 0.721453 0.015127 0.017649
1 0.222563 0.692711 0.023826 0.029751
1 0.197413 0.689686 0.024960 0.021683
1 0.184555 0.707586 0.010589 0.019161
1 0.211595 0.646824 0.014749 0.047904
1 0.305953 0.022565 0.011346 0.009581
1 0.323160 0.025086 0.005673 0.010589
1 0.181529 0.033911 0.023448 0.031263
1 0.142009 0.088874 0.031389 0.044374
4 0.217835 0.197791 0.012102 0.017144
1 0.227479 0.295363 0.023826 0.030759
1 0.196279 0.281497 0.033280 0.034289
4 0.182853 0.271412 0.009455 0.017144
4 0.152409 0.281749 0.010589 0.015632
4 0.161296 0.280992 0.007186 0.023195
4 0.169427 0.266369 0.013615 0.010085
4 0.174155 0.289565 0.010211 0.028238
1 0.202708 0.349570 0.071855 0.040340
1 0.178126 0.318811 0.017397 0.017144
1 0.245632 0.347049 0.007942 0.011093
1 0.005484 0.245443 0.010967 0.019666