2 0.439171 0.413158 0.031456 0.060157
4 0.458885 0.402929 0.016681 0.049866
2 0.460792 0.449892 0.021447 0.030502
2 0.492486 0.386345 0.023830 0.054226
2 0.494869 0.438877 0.019064 0.042364
2 0.478188 0.397360 0.016204 0.066088
2 0.476996 0.448621 0.016681 0.031350
2 0.447209 0.925644 0.017158 0.068630
3 0.428145 0.945241 0.032409 0.109518
2 0.308176 0.811763 0.012392 0.036433
2 0.322725 0.806286 0.016656 0.042426
2 0.334652 0.738111 0.009055 0.022877
2 0.323928 0.737263 0.014298 0.033044
0 0.050805 0.638786 0.052045 0.125568
1 0.006019 0.553254 0.011683 0.050982
2 0.013454 0.553254 0.020181 0.073641
5 0.500000 0.500000 1.000000 1.000000