1 0.854883 0.346699 0.016367 0.018003
1 0.747886 0.709765 0.021686 0.024004
1 0.755251 0.743863 0.021686 0.022368
1 0.841176 0.791598 0.039689 0.031642
5 0.818262 0.556192 0.011047 0.025641
4 0.741748 0.633115 0.010229 0.027823
4 0.750955 0.639389 0.009820 0.030551
4 0.755865 0.635297 0.009002 0.030005
4 0.767730 0.625750 0.010638 0.022913
3 0.759138 0.633388 0.010638 0.027278
3 0.764253 0.635025 0.007774 0.022913
4 0.915848 0.612111 0.004910 0.012002
4 0.850177 0.805510 0.009411 0.014730
4 0.642935 0.800873 0.011457 0.026187
4 0.713925 0.739225 0.021686 0.034915
1 0.712493 0.713857 0.031915 0.031097
4 0.488884 0.381069 0.025777 0.040917
4 0.562330 0.452810 0.005728 0.014184
1 0.575832 0.884070 0.052373 0.049645
1 0.611429 0.923622 0.018822 0.040371
1 0.526323 0.085652 0.021277 0.030551
1 0.258729 0.054010 0.062193 0.063284
5 0.148663 0.011457 0.009002 0.020731
0 0.502660 0.500000 0.994680 0.991489