4 0.840141 0.354108 0.005673 0.007059
4 0.824257 0.366462 0.007186 0.019666
4 0.829362 0.363185 0.006051 0.010085
4 0.831064 0.373270 0.005673 0.014119
4 0.834090 0.379321 0.005673 0.010085
4 0.736329 0.624385 0.012858 0.025212
4 0.727630 0.623629 0.008320 0.023700
4 0.687164 0.527822 0.018153 0.021683
4 0.672415 0.528326 0.011346 0.012606
1 0.693783 0.534377 0.005673 0.007564
1 0.745594 0.611023 0.006429 0.011598
1 0.675630 0.514207 0.014749 0.010589
4 0.620036 0.380077 0.006429 0.014623
4 0.616633 0.382346 0.007186 0.017144
4 0.727252 0.256032 0.006807 0.013615
4 0.722525 0.262083 0.005673 0.020674
4 0.731601 0.267126 0.007186 0.008572
4 0.742758 0.291077 0.005295 0.013110
4 0.737463 0.289312 0.003782 0.011598
5 0.732925 0.289312 0.006051 0.011598
4 0.662204 0.632958 0.006807 0.008068
5 0.416383 0.423695 0.018909 0.043365
5 0.426972 0.418148 0.010589 0.039331
3 0.314273 0.421426 0.006807 0.015632
1 0.332426 0.389154 0.015884 0.013615
1 0.315218 0.398482 0.013237 0.013110
1 0.312193 0.413358 0.007942 0.014623
1 0.318811 0.432771 0.011346 0.023195
1 0.330535 0.428989 0.003782 0.004538
1 0.286287 0.477397 0.021178 0.017649
1 0.288178 0.503870 0.013615 0.016136
1 0.266621 0.490255 0.015884 0.018153
1 0.273618 0.505635 0.008698 0.014623
0 0.500000 0.499017 1.000000 0.989184