5 0.885161 0.036825 0.013093 0.022368
5 0.959015 0.044190 0.011866 0.022913
5 0.973336 0.014184 0.020049 0.028368
5 0.925259 0.821604 0.011457 0.016367
5 0.933238 0.828423 0.007774 0.013639
1 0.967812 0.814785 0.027823 0.047463
5 0.638025 0.309875 0.014730 0.022913
5 0.651528 0.312057 0.010638 0.027278
5 0.639662 0.329514 0.013912 0.025095
5 0.493794 0.564648 0.015139 0.034915
5 0.504637 0.573923 0.011457 0.030551
5 0.507501 0.586743 0.018003 0.038734
5 0.519367 0.585106 0.019640 0.051828
5 0.541258 0.576105 0.009411 0.030551
5 0.554351 0.562466 0.015957 0.034915
5 0.545963 0.533552 0.013912 0.041462
1 0.274277 0.433442 0.013912 0.020185
5 0.268958 0.469995 0.012275 0.020185
5 0.248091 0.462084 0.014730 0.028369
5 0.295145 0.301964 0.013093 0.032188
5 0.182420 0.009820 0.012684 0.019640
5 0.197354 0.015821 0.022095 0.031642
5 0.220881 0.011729 0.015139 0.023458
5 0.230292 0.024277 0.021686 0.048554
5 0.207992 0.032460 0.012275 0.045281
5 0.137002 0.382433 0.010229 0.027278
5 0.154801 0.378887 0.012275 0.024550
5 0.122068 0.376978 0.013912 0.030551
5 0.163803 0.546918 0.009002 0.012548
0 0.498138 0.498936 0.996276 0.997872