1 0.865112 0.049373 0.058920 0.050736
1 0.905824 0.157665 0.047872 0.062193
1 0.874727 0.269776 0.053601 0.058374
1 0.965903 0.376978 0.068194 0.064375
1 0.903369 0.556192 0.035597 0.058374
1 0.906028 0.605292 0.034370 0.040917
1 0.932829 0.657938 0.024141 0.038189
1 0.870022 0.599564 0.027823 0.048009
5 0.832379 0.750409 0.036825 0.068194
5 0.791053 0.735406 0.016367 0.032733
5 0.801896 0.747409 0.021686 0.048009
5 0.799032 0.791053 0.013502 0.054555
5 0.810693 0.782051 0.007365 0.033279
5 0.791462 0.766503 0.015548 0.045827
5 0.777141 0.786416 0.013912 0.073650
5 0.762821 0.783142 0.015548 0.052919
5 0.729269 0.747136 0.018822 0.054010
5 0.746249 0.735134 0.024959 0.071468
1 0.687125 0.170213 0.064648 0.054555
1 0.585038 0.312057 0.082242 0.079651
5 0.576855 0.348609 0.015957 0.029460
5 0.458811 0.249591 0.015548 0.057283
5 0.460447 0.280687 0.026187 0.064921
5 0.433852 0.291598 0.018822 0.088925
5 0.418712 0.276050 0.034370 0.093835
5 0.397027 0.309329 0.037643 0.099291
5 0.418712 0.373432 0.026187 0.059465
5 0.440398 0.359247 0.018822 0.064921
5 0.462698 0.432897 0.033142 0.093290
5 0.505660 0.544735 0.014321 0.058374
5 0.432215 0.596836 0.043372 0.105837
1 0.301896 0.094654 0.058511 0.069285
5 0.382706 0.130660 0.009820 0.030005
5 0.371863 0.131206 0.011866 0.022368
5 0.360611 0.246045 0.036825 0.092744
5 0.319694 0.220131 0.014730 0.024550
5 0.324809 0.236770 0.016776 0.018549
5 0.340153 0.231042 0.013093 0.024550
5 0.329105 0.478723 0.029460 0.079105
5 0.355701 0.481724 0.024550 0.088380
5 0.350382 0.585652 0.020458 0.063830
5 0.366748 0.578560 0.020458 0.082379
5 0.336061 0.586743 0.026187 0.056192
5 0.296372 0.795963 0.009820 0.037098
5 0.278573 0.987179 0.027414 0.025641
1 0.141094 0.142390 0.027414 0.042553
1 0.129023 0.267867 0.020458 0.016367
1 0.138639 0.299782 0.027414 0.036552
1 0.111225 0.324059 0.036416 0.042553
1 0.133524 0.409984 0.025368 0.023459
1 0.161757 0.347518 0.010638 0.020731
1 0.074604 0.291326 0.037643 0.036007
5 0.103860 0.254501 0.017594 0.022368
5 0.060488 0.243317 0.014321 0.040371
5 0.072559 0.409438 0.031915 0.080196
3 0.045758 0.373977 0.026596 0.044190
0 0.498936 0.497872 0.997872 0.995744