0 0.502212 0.409292 0.995575 0.818584
5 0.867181 0.171570 0.010589 0.034289
5 0.637811 0.467312 0.015506 0.058997
5 0.646320 0.468321 0.014371 0.034793
1 0.260192 0.736833 0.031768 0.038323
1 0.217835 0.751960 0.034037 0.031263
1 0.199871 0.724227 0.021557 0.024204
1 0.311436 0.599173 0.025338 0.020170
3 0.270025 0.574213 0.018909 0.010589
1 0.273807 0.587575 0.011346 0.021178
1 0.286098 0.520258 0.057106 0.043870
1 0.289880 0.552026 0.014749 0.015632
3 0.325429 0.583541 0.014749 0.013110
1 0.049921 0.656153 0.049921 0.050425
1 0.044437 0.602451 0.015506 0.028742
1 0.011535 0.651615 0.020044 0.028238