0 0.500000 0.500000 1.000000 1.000000
2 0.436805 0.391675 0.105136 0.239518
5 0.606233 0.309230 0.062779 0.177495
5 0.666742 0.223508 0.096816 0.173461
5 0.695484 0.403020 0.052946 0.138164
2 0.762991 0.236871 0.085092 0.196153
5 0.942818 0.224264 0.039331 0.100345
5 0.994857 0.270907 0.010286 0.091773
1 0.993155 0.203338 0.013690 0.047399
1 0.921073 0.237627 0.042735 0.051433
1 0.984986 0.110809 0.023826 0.041853
1 0.848839 0.050551 0.047273 0.038323
1 0.853188 0.095681 0.021178 0.023700
5 0.477649 0.572700 0.041600 0.091269