4 0.156722 0.969844 0.038605 0.057616
4 0.135990 0.969844 0.041941 0.050837
1 0.107870 0.977296 0.028596 0.045407
2 0.059495 0.929425 0.029073 0.141150
2 0.035427 0.963316 0.030502 0.073368
2 0.013901 0.955690 0.027802 0.088619
2 0.126934 0.693628 0.028596 0.105911
4 0.152909 0.656347 0.022400 0.063547
4 0.146951 0.693628 0.007626 0.056768
2 0.111445 0.659737 0.020494 0.041517
4 0.099291 0.661008 0.019064 0.038975
4 0.103581 0.605510 0.011438 0.038128
0 0.126219 0.614407 0.108188 0.172847
4 0.244178 0.552978 0.027643 0.094049
1 0.254544 0.565515 0.016729 0.104640
1 0.280876 0.603217 0.013631 0.072697
2 0.264147 0.613681 0.018587 0.091422
2 0.280256 0.656088 0.024783 0.070494
2 0.300702 0.683625 0.023544 0.101336
2 0.316811 0.585043 0.022305 0.100234
4 0.299773 0.588898 0.020446 0.099133
2 0.332610 0.696292 0.021685 0.113452
3 0.041408 0.512581 0.035316 0.056439
2 0.009087 0.464799 0.018174 0.096930
4 0.024680 0.458190 0.017968 0.068291
0 0.030463 0.249277 0.060925 0.145394
2 0.360905 0.651749 0.023592 0.047024
2 0.357688 0.710847 0.032885 0.094049
2 0.446957 0.374271 0.017555 0.128505
2 0.438696 0.365092 0.052664 0.128505
1 0.398423 0.283400 0.029946 0.089954
2 0.372608 0.284318 0.023751 0.113819
5 0.500000 0.503821 1.000000 0.992358