1 0.260395 0.301643 0.015489 0.041305
1 0.353848 0.421428 0.016522 0.027537
1 0.392056 0.581142 0.020653 0.035798
1 0.388958 0.647919 0.026848 0.048189
1 0.271754 0.349144 0.019620 0.034421
1 0.275368 0.353275 0.004131 0.001377
1 0.291890 0.340195 0.014457 0.041305
1 0.313059 0.342260 0.017555 0.031667
0 0.247487 0.385630 0.055762 0.126669
0 0.308929 0.493024 0.081578 0.195511
0 0.496868 0.074005 0.075382 0.104640
0 0.710622 0.153174 0.050599 0.095002
0 0.276401 0.166254 0.107394 0.137684
2 0.518646 0.249339 0.007535 0.023444
2 0.365175 0.983411 0.027127 0.033178
2 0.546401 0.022606 0.009042 0.022774
0 0.207094 0.647589 0.093866 0.172295
0 0.326518 0.713858 0.079926 0.104089
2 0.871437 0.855638 0.024164 0.081784
0 0.927199 0.786245 0.098513 0.171004
0 0.791512 0.602850 0.120818 0.116481
5 0.498451 0.500000 0.996902 1.000000