2 0.380933 0.759756 0.041802 0.132371
2 0.342503 0.730053 0.037756 0.100683
2 0.530609 0.528687 0.044498 0.086300
1 0.583198 0.538276 0.017530 0.095889
4 0.573085 0.353690 0.043150 0.105478
2 0.519148 0.328519 0.037756 0.098286
2 0.552859 0.233829 0.002697 0.004794
4 0.562298 0.249411 0.032362 0.117464
4 0.525806 0.261259 0.027137 0.010787
1 0.255529 0.284170 0.033711 0.071917
2 0.278452 0.293759 0.025620 0.067122
2 0.304072 0.267390 0.014833 0.071917
1 0.324973 0.062028 0.026969 0.067122
0 0.417341 0.076411 0.111920 0.110272
0 0.265642 0.149527 0.000000 0.002397
0 0.285868 0.193875 0.056634 0.110272
2 0.964679 0.696074 0.037166 0.142934
2 0.912723 0.607077 0.050061 0.051241
2 0.926375 0.709558 0.034891 0.110572
2 0.878969 0.644833 0.009860 0.008091
2 0.889968 0.682589 0.047027 0.088997
0 0.800844 0.713603 0.087227 0.149676
2 0.877452 0.141867 0.044751 0.088997
2 0.909689 0.150632 0.034891 0.095739
2 0.880486 0.026884 0.026547 0.053768
2 0.919549 0.025536 0.018204 0.051072
2 0.902483 0.039610 0.029581 0.063376
0 0.739786 0.145463 0.059163 0.124056
0 0.512134 0.216761 0.072610 0.126753
0 0.219256 0.113808 0.286408 0.194175
0 0.083333 0.150485 0.033981 0.017260
5 0.502832 0.500000 0.994336 1.000000