1 0.834846 0.156947 0.013237 0.008068
1 0.814991 0.229055 0.009076 0.007059
1 0.878337 0.215440 0.010967 0.013110
1 0.912752 0.260318 0.007186 0.011093
1 0.922774 0.273933 0.021935 0.019161
1 0.906323 0.285783 0.022313 0.021683
1 0.924476 0.306961 0.018531 0.025717
1 0.942629 0.317802 0.013993 0.026221
1 0.988768 0.313264 0.021557 0.026221
1 0.978557 0.347301 0.009455 0.009581
1 0.923909 0.388145 0.010589 0.013615
1 0.991793 0.355117 0.004916 0.006051
1 0.941873 0.412349 0.019287 0.016640
1 0.952840 0.399239 0.006429 0.010589
1 0.977800 0.424451 0.018531 0.042861
1 0.994062 0.370244 0.008698 0.020170
1 0.787951 0.288556 0.006429 0.013110
1 0.778875 0.303684 0.008698 0.010085
1 0.751645 0.329904 0.010967 0.016136
1 0.951706 0.073998 0.019287 0.020674
1 0.989713 0.094925 0.014371 0.019161
1 0.965888 0.037188 0.011346 0.013615
1 0.981015 0.037440 0.013615 0.020170
1 0.983473 0.069964 0.012480 0.014623
1 0.926367 0.015001 0.009455 0.006555
1 0.909727 0.028112 0.013237 0.040844
1 0.932229 0.474119 0.006807 0.008068
1 0.918047 0.452185 0.005673 0.004538
4 0.959269 0.403777 0.007942 0.029751
4 0.920694 0.423947 0.005673 0.015632
4 0.912563 0.432267 0.013615 0.015127
4 0.935255 0.425459 0.024204 0.033785
4 0.960215 0.419661 0.016640 0.019161
4 0.962484 0.440587 0.012102 0.022691
4 0.976288 0.452941 0.007186 0.017144
4 0.984230 0.368984 0.013237 0.032776
4 0.979313 0.390162 0.009455 0.006555
4 0.992398 0.401508 0.015203 0.037314
4 0.988768 0.343015 0.008698 0.015127
1 0.989713 0.391927 0.003025 0.007059
1 0.680357 0.363185 0.009076 0.012102
1 0.646888 0.379573 0.007186 0.010589
1 0.700401 0.349822 0.012102 0.020674
4 0.677142 0.429998 0.026095 0.076141
4 0.748241 0.380329 0.021557 0.077654
4 0.715339 0.445882 0.040466 0.066561
3 0.724416 0.384868 0.048030 0.092782
4 0.754860 0.152661 0.016640 0.025717
4 0.739732 0.147367 0.009076 0.008068
4 0.731979 0.158712 0.009455 0.025717
1 0.754292 0.081310 0.041222 0.027229
1 0.685652 0.093412 0.016640 0.014119
1 0.718554 0.064922 0.009833 0.013615
1 0.672604 0.249225 0.013993 0.015127
1 0.658044 0.205859 0.014371 0.021178
1 0.634218 0.207624 0.013615 0.014623
1 0.592807 0.394700 0.010211 0.013615
1 0.575789 0.336460 0.017775 0.015127
1 0.571061 0.308978 0.006807 0.006555
1 0.553854 0.295111 0.007186 0.008068
1 0.525490 0.223004 0.010211 0.013110
5 0.526246 0.125684 0.032146 0.109926
5 0.491831 0.143837 0.034415 0.111943
5 0.524544 0.193505 0.024204 0.025717
1 0.291014 0.475380 0.014749 0.010589
1 0.306709 0.453445 0.006807 0.011093
1 0.277589 0.495298 0.008320 0.005042
4 0.356062 0.642538 0.004160 0.013110
4 0.359844 0.644303 0.003404 0.010589
4 0.363248 0.643547 0.003404 0.009076
4 0.092656 0.636740 0.006051 0.015632
1 0.118940 0.502609 0.013237 0.012606
0 0.498525 0.387660 0.997050 0.775320