2 0.209063 0.120806 0.035024 0.063418
2 0.239475 0.051527 0.023782 0.052464
2 0.300010 0.245048 0.014269 0.049005
2 0.286173 0.247066 0.018593 0.053040
2 0.387786 0.515823 0.032430 0.062841
2 0.415676 0.499681 0.023349 0.072066
2 0.433836 0.516400 0.030268 0.082443
2 0.469077 0.495645 0.032430 0.110117
2 0.496966 0.513133 0.023349 0.091668
2 0.478157 0.574821 0.025511 0.053617
2 0.437512 0.618157 0.036754 0.047275
2 0.469293 0.656496 0.016431 0.047852
2 0.447457 0.676674 0.040213 0.076678
2 0.585679 0.442508 0.017728 0.056500
2 0.594471 0.073147 0.019458 0.049581
2 0.614577 0.082660 0.016431 0.036321
2 0.744584 0.667354 0.016431 0.026520
2 0.697669 0.743743 0.018593 0.028250
2 0.748476 0.719241 0.015566 0.023061
2 0.805552 0.787271 0.017296 0.027673
0 0.111528 0.084700 0.118810 0.075630
0 0.438065 0.305458 0.089683 0.136951
0 0.329603 0.537968 0.088916 0.166590
0 0.907788 0.302051 0.184424 0.124687
0 0.842404 0.439002 0.067454 0.104247
0 0.840104 0.708135 0.056722 0.143083
0 0.782181 0.928331 0.096121 0.089938
5 0.505340 0.507729 0.989320 0.984542