4 0.962493 0.372886 0.018822 0.036552
3 0.975996 0.379705 0.021277 0.019640
3 0.815807 0.648663 0.021686 0.034915
5 0.798827 0.636388 0.022095 0.016912
4 0.780005 0.676487 0.028642 0.030551
3 0.705128 0.500000 0.011457 0.027823
4 0.619613 0.271959 0.021277 0.045281
4 0.593426 0.274414 0.024550 0.043644
3 0.591789 0.242226 0.021277 0.039280
4 0.569694 0.343426 0.010638 0.026732
4 0.574809 0.489362 0.031506 0.052373
4 0.529596 0.781779 0.010638 0.020731
5 0.080742 0.510366 0.020458 0.032188
5 0.016503 0.453901 0.018822 0.026187
0 0.499202 0.498936 0.997340 0.997872