5 0.768549 0.331697 0.011457 0.021822
5 0.766708 0.367430 0.006137 0.015821
5 0.773050 0.362520 0.005728 0.013639
5 0.808033 0.390616 0.008592 0.018549
5 0.794122 0.385979 0.008592 0.030005
2 0.791053 0.798963 0.027823 0.076923
1 0.903778 0.720404 0.060966 0.067103
1 0.849768 0.652209 0.074877 0.059465
1 0.867362 0.879433 0.033961 0.061102
4 0.692649 0.235134 0.013502 0.022913
4 0.622272 0.245499 0.011047 0.024004
4 0.580947 0.296236 0.013502 0.033824
5 0.547600 0.306601 0.008183 0.012002
3 0.487043 0.337971 0.013912 0.038734
3 0.451037 0.574741 0.014730 0.038734
3 0.442853 0.565739 0.008183 0.036007
1 0.365521 0.684943 0.061375 0.046372
1 0.356724 0.546918 0.048691 0.057283
1 0.313966 0.588925 0.034370 0.064921
1 0.400300 0.588380 0.027823 0.039825
1 0.354064 0.785597 0.039280 0.032733
0 0.609309 0.500000 0.773936 1.000000