4 0.812722 0.113834 0.015127 0.035802
4 0.805537 0.116607 0.013615 0.036306
4 0.787762 0.117868 0.012858 0.022691
4 0.798918 0.091143 0.015506 0.014623
1 0.799107 0.059627 0.007564 0.009076
1 0.813857 0.086100 0.014371 0.019666
1 0.809508 0.064922 0.007942 0.017649
1 0.811399 0.150644 0.011724 0.018657
1 0.804591 0.206616 0.006429 0.009581
1 0.776038 0.169049 0.015884 0.040340
4 0.773013 0.214684 0.010589 0.025717
1 0.741245 0.130222 0.010589 0.008068
4 0.734627 0.161486 0.007942 0.020170
4 0.741812 0.160729 0.009455 0.014623
4 0.747485 0.147114 0.008698 0.020674
1 0.661448 0.380329 0.012102 0.008068
5 0.494857 0.694980 0.015506 0.024204
1 0.452311 0.643799 0.007564 0.006555
1 0.467816 0.640017 0.012102 0.019161
1 0.455336 0.566145 0.004538 0.006555
1 0.494857 0.563371 0.005673 0.011093
4 0.445882 0.627915 0.013615 0.031263
4 0.490318 0.575725 0.013993 0.032776
4 0.480107 0.562615 0.013993 0.019666
4 0.477838 0.579759 0.010211 0.030759
4 0.463467 0.581524 0.017775 0.029246
4 0.471031 0.594131 0.011724 0.009076
4 0.448718 0.562615 0.015506 0.029751
1 0.370244 0.446890 0.006051 0.008068
1 0.396906 0.416887 0.005673 0.009581
4 0.156380 0.585810 0.013237 0.020674
0 0.500000 0.500000 1.000000 1.000000