1 0.399804 0.359062 0.020277 0.058578
1 0.371501 0.342728 0.031261 0.050693
4 0.371078 0.389478 0.033795 0.047313
1 0.505837 0.373144 0.034640 0.075476
1 0.517665 0.449183 0.027881 0.074349
1 0.537942 0.449746 0.031261 0.111524
4 0.582298 0.427779 0.025346 0.096880
1 0.561176 0.493680 0.035485 0.098006
1 0.557797 0.401306 0.018587 0.104765
4 0.420081 0.316255 0.021967 0.063084
1 0.369389 0.272321 0.037175 0.060831
1 0.389243 0.279080 0.024502 0.065337
0 0.716399 0.368133 0.157446 0.300313
0 0.847403 0.088161 0.226921 0.176322
0 0.420249 0.127014 0.225704 0.194725
0 0.131660 0.414498 0.087361 0.225527
4 0.063335 0.486699 0.024783 0.037175
2 0.011531 0.477061 0.023062 0.053697
1 0.034937 0.423364 0.023751 0.050943
2 0.008433 0.424053 0.016866 0.093625
5 0.500000 0.500000 1.000000 1.000000