2 0.410116 0.620975 0.042338 0.093625
2 0.493243 0.579669 0.041305 0.102804
4 0.560885 0.523573 0.015479 0.108101
4 0.521651 0.584049 0.017555 0.104640
4 0.530945 0.575787 0.021685 0.143192
4 0.338359 0.640958 0.037175 0.086282
2 0.381729 0.665741 0.035109 0.135848
2 0.361077 0.707964 0.028914 0.073432
0 0.811889 0.192414 0.120955 0.159714
4 0.166899 0.860257 0.017426 0.044403
4 0.177064 0.867485 0.019168 0.058860
4 0.226727 0.744086 0.016264 0.037175
4 0.215110 0.754929 0.016264 0.036142
1 0.180549 0.781261 0.008713 0.041305
4 0.200008 0.796234 0.013941 0.034077
4 0.205816 0.761124 0.011617 0.036142
4 0.196523 0.767320 0.018587 0.044403
2 0.137856 0.716313 0.010455 0.033044
0 0.145117 0.692046 0.041241 0.050599
0 0.113170 0.276820 0.131854 0.194135
0 0.958488 0.739570 0.083024 0.234614
5 0.500000 0.494527 1.000000 0.989054