2 0.196163 0.031096 0.023349 0.062192
2 0.212378 0.049509 0.023782 0.050734
2 0.199622 0.078336 0.022485 0.039204
2 0.174399 0.325185 0.031997 0.043240
2 0.143915 0.376208 0.016863 0.039204
2 0.148239 0.403593 0.020323 0.043240
2 0.164022 0.384856 0.026808 0.058806
2 0.168346 0.430401 0.025944 0.049581
2 0.184128 0.400998 0.019458 0.046122
2 0.195587 0.386297 0.015566 0.040933
2 0.123449 0.121863 0.024647 0.055923
2 0.144420 0.121575 0.030268 0.070336
2 0.369193 0.038267 0.013404 0.029403
2 0.587841 0.415700 0.025511 0.046699
2 0.577247 0.432707 0.019025 0.059959
2 0.743215 0.268301 0.037618 0.066301
2 0.721379 0.311252 0.017296 0.065724
2 0.703867 0.302316 0.035024 0.075525
2 0.677491 0.305775 0.031565 0.068607
2 0.664519 0.400902 0.024647 0.063994
2 0.694571 0.406668 0.020755 0.062841
2 0.666897 0.435494 0.039780 0.052464
0 0.093932 0.231206 0.103843 0.067454
5 0.504497 0.500984 0.991006 0.998032