2 0.253167 0.569921 0.023782 0.043816
2 0.270247 0.621232 0.030268 0.061112
2 0.319540 0.616043 0.032862 0.069183
2 0.403136 0.246777 0.032862 0.036321
2 0.479958 0.228136 0.018161 0.036321
2 0.481184 0.050854 0.015134 0.024214
2 0.543881 0.217759 0.028970 0.061688
2 0.560312 0.301932 0.036754 0.040933
2 0.579986 0.261575 0.023349 0.047852
2 0.600957 0.258404 0.022917 0.026520
2 0.610470 0.226983 0.027241 0.036321
2 0.581283 0.197004 0.032862 0.037474
2 0.604200 0.123977 0.011242 0.025944
2 0.585391 0.118500 0.014269 0.025367
0 0.599790 0.088343 0.039196 0.032208
0 0.469897 0.020889 0.066542 0.029777
0 0.399480 0.069505 0.021421 0.043146
5 0.500000 0.502108 1.000000 0.995784