2 0.394110 0.509909 0.037175 0.143192
2 0.528352 0.495223 0.053697 0.183579
2 0.420442 0.524596 0.025816 0.165221
2 0.446774 0.542036 0.039240 0.178072
2 0.479824 0.531834 0.039251 0.205398
2 0.681709 0.697867 0.019620 0.119326
2 0.707524 0.786903 0.036142 0.102804
2 0.739536 0.781396 0.032012 0.113819
2 0.765868 0.735501 0.033044 0.113819
2 0.710106 0.700621 0.037175 0.102804
0 0.566054 0.856051 0.106361 0.212951
2 0.336294 0.197003 0.064023 0.187250
2 0.308998 0.084496 0.034750 0.099133
2 0.616094 0.096708 0.020204 0.066088
4 0.348597 0.073003 0.021820 0.079019
0 0.444767 0.355315 0.231938 0.267227
0 0.339304 0.095765 0.153548 0.191530
2 0.634681 0.106765 0.012122 0.057468
2 0.408922 0.632120 0.029093 0.094822
4 0.429934 0.642895 0.017779 0.053158
2 0.774004 0.362631 0.027599 0.079106
4 0.828358 0.327083 0.016898 0.078104
2 0.809207 0.291035 0.027036 0.086115
2 0.828640 0.285340 0.023093 0.048064
4 0.891161 0.315881 0.025346 0.077103
4 0.950584 0.184705 0.015771 0.045060
2 0.981563 0.179198 0.025910 0.052070
5 0.500000 0.500000 1.000000 1.000000