2 0.300709 0.694833 0.012136 0.094145
2 0.320016 0.682084 0.035305 0.096107
1 0.280298 0.682084 0.026478 0.080416
1 0.587006 0.427107 0.039718 0.103952
1 0.470060 0.561460 0.000000 0.007845
1 0.475174 0.532315 0.025076 0.067238
1 0.521661 0.460021 0.040821 0.066686
1 0.546484 0.522784 0.033098 0.062764
2 0.317005 0.528669 0.041924 0.082377
2 0.324176 0.451195 0.023169 0.088261
2 0.273978 0.461982 0.030891 0.090223
2 0.301559 0.455118 0.026478 0.123566
2 0.067912 0.422605 0.039718 0.091530
2 0.065338 0.029257 0.015446 0.053611
2 0.032975 0.036449 0.019859 0.062764
2 0.085564 0.075676 0.011768 0.073224
2 0.052466 0.040371 0.026478 0.075839
4 0.131166 0.083521 0.020594 0.047073
4 0.115720 0.083521 0.013239 0.047073
5 0.502832 0.508360 0.994336 0.983279