5 0.780096 0.158006 0.009313 0.027938
5 0.801981 0.248339 0.009313 0.029801
5 0.731204 0.205190 0.015832 0.049047
5 0.722590 0.053393 0.018160 0.037251
5 0.727479 0.590116 0.005588 0.024213
5 0.731437 0.580183 0.012572 0.015521
5 0.749131 0.589806 0.006985 0.027317
5 0.739352 0.594772 0.007916 0.031042
5 0.733765 0.594152 0.008847 0.027317
1 0.870196 0.850872 0.023747 0.042839
1 0.904886 0.834420 0.023282 0.032284
1 0.950518 0.878500 0.033526 0.028559
1 0.934454 0.819209 0.023747 0.024213
1 0.951450 0.842801 0.018625 0.026696
1 0.930030 0.845285 0.023282 0.027938
5 0.544484 0.195878 0.010244 0.030422
5 0.550770 0.189359 0.011641 0.024834
5 0.563342 0.187807 0.010710 0.022971
5 0.609673 0.518098 0.018625 0.067672
5 0.589650 0.555349 0.019557 0.075123
5 0.583364 0.531136 0.029335 0.080089
5 0.556823 0.809586 0.023747 0.053393
5 0.637611 0.834109 0.017694 0.057739
5 0.631558 0.849631 0.027938 0.049047
5 0.605482 0.847458 0.023282 0.065810
5 0.593376 0.843422 0.020488 0.058981
5 0.587788 0.820451 0.020488 0.055255
5 0.602223 0.823865 0.013038 0.034767
5 0.630626 0.835662 0.013969 0.028559
5 0.428075 0.649718 0.024213 0.082573
5 0.449727 0.670516 0.028404 0.085677
5 0.380347 0.464084 0.023747 0.077606
5 0.391988 0.447011 0.016297 0.085677
5 0.408052 0.496058 0.023282 0.080710
5 0.290712 0.158627 0.025144 0.056497
0 0.496973 0.497579 0.993946 0.995157