1 0.913131 0.515720 0.030633 0.026725
1 0.978179 0.536898 0.016262 0.021683
1 0.876636 0.564128 0.007564 0.008572
1 0.894410 0.546731 0.010589 0.014119
1 0.915211 0.543454 0.016640 0.018657
1 0.932418 0.543706 0.008698 0.010085
1 0.934309 0.558581 0.015506 0.015632
1 0.704750 0.651363 0.004160 0.005547
4 0.817071 0.449663 0.009455 0.019666
4 0.791733 0.317046 0.006429 0.019666
4 0.784358 0.301667 0.008320 0.022187
4 0.784736 0.318559 0.009076 0.012606
4 0.754482 0.345284 0.010589 0.013615
4 0.772067 0.335703 0.004916 0.015632
4 0.774904 0.341502 0.006807 0.009076
4 0.745783 0.306961 0.014371 0.016640
4 0.740300 0.284270 0.007942 0.015632
4 0.763369 0.240400 0.007186 0.015632
4 0.765638 0.222247 0.004160 0.011598
4 0.788707 0.235862 0.007186 0.022691
4 0.731979 0.321836 0.010211 0.021178
4 0.741245 0.325870 0.009833 0.021178
4 0.743325 0.335955 0.011724 0.016136
5 0.783224 0.256788 0.006051 0.018153
5 0.795893 0.242922 0.007186 0.017649
4 0.580327 0.544714 0.004160 0.012102
4 0.586378 0.530343 0.004916 0.007564
4 0.589403 0.544210 0.007186 0.008068
4 0.600560 0.553791 0.010589 0.029246
4 0.559337 0.518493 0.012102 0.036306
4 0.613796 0.517737 0.005295 0.012606
4 0.573519 0.508913 0.014749 0.039331
1 0.598480 0.536394 0.005673 0.008572
1 0.655019 0.225021 0.011346 0.015127
1 0.665040 0.225021 0.010211 0.015127
1 0.689812 0.206868 0.009076 0.013110
1 0.688866 0.187202 0.008698 0.010085
1 0.679412 0.173335 0.013237 0.010589
1 0.616633 0.210902 0.007942 0.008068
1 0.640269 0.208381 0.021935 0.020170
1 0.647077 0.173840 0.014371 0.011598
1 0.644051 0.190732 0.007564 0.011093
1 0.657477 0.194766 0.008698 0.013110
1 0.669201 0.190480 0.014749 0.010589
1 0.703048 0.243930 0.009833 0.013615
1 0.694917 0.222247 0.017775 0.013615
1 0.731034 0.266117 0.021178 0.031768
1 0.634975 0.195270 0.003782 0.007059
1 0.585243 0.202834 0.023826 0.029246
1 0.565199 0.225525 0.017018 0.016136
1 0.626465 0.127449 0.010211 0.010589
1 0.614553 0.153922 0.019666 0.011093
4 0.690568 0.260318 0.009076 0.012102
4 0.707965 0.252502 0.014371 0.007564
4 0.691135 0.232585 0.005673 0.015127
4 0.686786 0.243426 0.005295 0.007564
4 0.685084 0.251746 0.007186 0.004034
4 0.701914 0.220987 0.006807 0.008068
4 0.679033 0.207120 0.006429 0.005547
4 0.635920 0.188967 0.009455 0.020674
4 0.649346 0.194766 0.003782 0.020170
4 0.626276 0.216953 0.010589 0.021178
4 0.634407 0.208885 0.009455 0.010085
4 0.581272 0.221491 0.012102 0.011093
4 0.592807 0.180899 0.009455 0.007564
4 0.610203 0.173840 0.008698 0.020674
4 0.618145 0.172579 0.007942 0.023195
4 0.629302 0.139803 0.006051 0.018153
4 0.634975 0.144593 0.003025 0.010589
4 0.584298 0.202078 0.005295 0.012606
5 0.419030 0.675062 0.019666 0.048912
4 0.397096 0.652875 0.015884 0.037819
4 0.385561 0.642538 0.010967 0.032272
4 0.418085 0.437561 0.010211 0.025717
4 0.427729 0.429493 0.008320 0.016640
4 0.439641 0.420417 0.010211 0.011598
4 0.379132 0.491264 0.010211 0.021178
4 0.370244 0.486474 0.007564 0.024708
4 0.363248 0.483196 0.008698 0.028238
4 0.397663 0.426720 0.009455 0.030255
4 0.371190 0.404533 0.005673 0.016136
4 0.376863 0.412349 0.010967 0.034793
4 0.356441 0.360916 0.012480 0.027734
4 0.368732 0.363437 0.012102 0.028742
4 0.374783 0.346293 0.016640 0.009581
4 0.419409 0.341250 0.010589 0.016640
5 0.371568 0.354865 0.004916 0.011598
1 0.454580 0.283261 0.027986 0.028742
1 0.410332 0.291834 0.027229 0.024708
1 0.425459 0.269143 0.024204 0.023700
1 0.413547 0.235106 0.010211 0.012102
1 0.426972 0.233593 0.010589 0.004034
1 0.467627 0.203842 0.010967 0.013110
1 0.455336 0.211406 0.007564 0.013110
1 0.445692 0.214432 0.007186 0.010085
1 0.424892 0.217457 0.017018 0.012102
1 0.434536 0.193757 0.018153 0.013110
1 0.455525 0.188967 0.007186 0.006555
1 0.359466 0.249477 0.023069 0.025717
1 0.350390 0.271160 0.008698 0.012606
1 0.376106 0.261327 0.011724 0.014119
1 0.468195 0.227290 0.006807 0.011598
1 0.480296 0.222247 0.009833 0.010589
1 0.509606 0.226029 0.014749 0.022187
1 0.497882 0.240905 0.007186 0.013615
4 0.423758 0.263848 0.005673 0.008068
1 0.299713 0.597660 0.015506 0.024204
1 0.342259 0.504626 0.006051 0.008572
1 0.447583 0.178126 0.011724 0.006051
5 0.521330 0.515216 0.009455 0.045887
0 0.500000 0.556293 1.000000 0.887414