2 0.757297 0.479815 0.012684 0.045281
2 0.776323 0.464266 0.012275 0.034915
1 0.775914 0.428805 0.026187 0.028369
2 0.843017 0.743317 0.009820 0.026732
2 0.861020 0.743317 0.009820 0.025641
2 0.851405 0.765957 0.010229 0.027278
2 0.859179 0.780687 0.006137 0.037098
2 0.841176 0.785052 0.009411 0.014184
2 0.601200 0.526459 0.007365 0.007638
2 0.612657 0.526459 0.003273 0.008729
1 0.614089 0.513912 0.025777 0.036007
1 0.600791 0.533824 0.022913 0.025641
5 0.691012 0.420349 0.017594 0.034370
1 0.704105 0.379978 0.039689 0.025641
2 0.609179 0.336607 0.015957 0.019640
2 0.579719 0.340971 0.014321 0.018549
1 0.590767 0.334424 0.015957 0.014184
1 0.451241 0.518003 0.017594 0.039825
1 0.471699 0.430715 0.017594 0.032188
1 0.494613 0.489362 0.025777 0.029460
5 0.518140 0.451718 0.014730 0.034915
2 0.497068 0.524823 0.018412 0.041462
5 0.479064 0.449809 0.015957 0.038734
2 0.473950 0.377523 0.010638 0.020731
2 0.164416 0.036825 0.013502 0.024550
2 0.163598 0.084015 0.007774 0.033824
2 0.177714 0.161211 0.011457 0.040917
2 0.164621 0.157119 0.007365 0.036007
2 0.192239 0.159029 0.011866 0.021277
1 0.181192 0.134479 0.033961 0.023459
1 0.146413 0.053191 0.024959 0.024550
1 0.178737 0.039825 0.026596 0.026187
1 0.160734 0.014730 0.018412 0.026187
0 0.450266 0.498936 0.900532 0.997872