1 0.414246 0.653182 0.040273 0.071596
2 0.406986 0.468333 0.034640 0.083361
2 0.437824 0.494243 0.035485 0.083361
1 0.453032 0.508324 0.021967 0.059705
4 0.471197 0.511141 0.021122 0.060831
2 0.488094 0.506635 0.021122 0.074349
2 0.507949 0.478472 0.030416 0.076602
4 0.354181 0.519026 0.030416 0.072096
2 0.494853 0.415951 0.038020 0.086741
1 0.458946 0.406376 0.027036 0.085615
2 0.503302 0.787710 0.017742 0.052946
2 0.383329 0.566011 0.022812 0.061958
4 0.401494 0.578966 0.030416 0.060831
4 0.428108 0.565448 0.024502 0.051819
4 0.498655 0.598116 0.032105 0.058578
1 0.126751 0.338487 0.016189 0.043970
2 0.142041 0.320499 0.014390 0.031978
1 0.168723 0.268534 0.020986 0.047967
1 0.208596 0.278527 0.029980 0.043970
1 0.199002 0.240553 0.015589 0.047967
1 0.214292 0.244950 0.018587 0.029580
0 0.055137 0.484205 0.104375 0.184920
0 0.018132 0.305522 0.036264 0.081639
0 0.066605 0.872330 0.060682 0.084554
2 0.540384 0.532023 0.012392 0.026054
0 0.530852 0.546004 0.065771 0.075620
2 0.579942 0.538378 0.017158 0.050202
5 0.501239 0.500000 0.997522 1.000000