2 0.139231 0.674272 0.016431 0.026520
2 0.152419 0.517553 0.016863 0.021331
2 0.167985 0.508617 0.013404 0.031132
0 0.157824 0.458171 0.022485 0.032862
2 0.250933 0.351225 0.017296 0.036898
2 0.262392 0.380339 0.025511 0.030556
2 0.269959 0.411472 0.014701 0.039780
2 0.281417 0.429633 0.015999 0.032285
2 0.294173 0.419832 0.012972 0.036898
2 0.307793 0.379475 0.027241 0.031132
2 0.249852 0.449811 0.022917 0.024214
2 0.255257 0.474890 0.015566 0.027097
2 0.305199 0.442604 0.012539 0.019025
2 0.381517 0.433668 0.012107 0.017296
0 0.302821 0.510058 0.135772 0.066301
0 0.316225 0.383799 0.173823 0.152780
2 0.402560 0.925926 0.026808 0.072066
2 0.441043 0.874327 0.012972 0.046122
2 0.383318 0.705693 0.023782 0.028250
2 0.431314 0.368713 0.018593 0.043816
2 0.433260 0.337580 0.023349 0.035745
2 0.426774 0.296359 0.017296 0.021331
0 0.450339 0.646407 0.047131 0.071489
2 0.419856 0.358912 0.012107 0.020755
2 0.476283 0.560985 0.034159 0.038627
2 0.501362 0.561849 0.015134 0.069183
2 0.516712 0.562714 0.020755 0.061688
2 0.517577 0.597306 0.017296 0.036321
2 0.544818 0.578280 0.028538 0.059382
2 0.538764 0.508232 0.023349 0.031132
2 0.555628 0.550031 0.013837 0.037474
2 0.599516 0.550319 0.024647 0.053040
2 0.569680 0.536770 0.015999 0.050158
2 0.674969 0.823400 0.024214 0.040357
2 0.500065 0.420408 0.017728 0.020755
2 0.538116 0.358624 0.017728 0.028250
2 0.577680 0.369289 0.018161 0.034592
2 0.572275 0.336139 0.028106 0.027097
2 0.615731 0.290305 0.019890 0.035745
2 0.771825 0.700216 0.017296 0.026520
2 0.905868 0.481424 0.010377 0.027097
0 0.905868 0.487189 0.029403 0.062841
0 0.965971 0.940051 0.035456 0.064571
0 0.673888 0.744320 0.124097 0.187371
0 0.515343 0.465858 0.046266 0.150473
2 0.576094 0.294053 0.012972 0.024791
0 0.574365 0.283963 0.053617 0.050734
0 0.625820 0.321726 0.045834 0.099739
5 0.506183 0.504356 0.987634 0.991287