1 0.882706 0.193126 0.036825 0.056738
1 0.838721 0.177578 0.027414 0.044190
1 0.837493 0.514730 0.042144 0.032188
1 0.860406 0.552373 0.022504 0.036552
1 0.913189 0.591107 0.031506 0.081288
5 0.747068 0.566285 0.013502 0.037098
1 0.678328 0.624113 0.065057 0.081833
1 0.776937 0.540098 0.024141 0.043644
1 0.679146 0.442444 0.027414 0.040371
1 0.718631 0.447627 0.025368 0.024550
1 0.698786 0.393890 0.042962 0.034915
5 0.716585 0.419531 0.015548 0.018549
5 0.762002 0.359247 0.031915 0.055101
5 0.730292 0.288325 0.051964 0.073650
2 0.735406 0.312875 0.013093 0.018003
1 0.706151 0.031097 0.048691 0.062193
1 0.759138 0.015276 0.063830 0.030551
2 0.758729 0.115385 0.015548 0.044190
2 0.765071 0.110747 0.015139 0.033824
2 0.764457 0.053464 0.022095 0.033824
2 0.524482 0.347791 0.015139 0.045281
2 0.516503 0.309329 0.014730 0.026187
1 0.535938 0.330333 0.020049 0.051828
1 0.507911 0.298691 0.034370 0.043099
2 0.549441 0.386525 0.009411 0.019094
5 0.372068 0.266503 0.019640 0.032188
5 0.444490 0.390344 0.010638 0.016912
5 0.443058 0.367976 0.010229 0.012548
5 0.208197 0.409165 0.006956 0.017458
5 0.353246 0.409438 0.019640 0.034370
2 0.254637 0.274141 0.009820 0.026732
5 0.254023 0.158211 0.006956 0.021822
5 0.271208 0.153846 0.009411 0.015276
1 0.309670 0.175396 0.045417 0.047463
1 0.244203 0.192853 0.020867 0.044190
1 0.265480 0.175396 0.028232 0.027823
1 0.262616 0.150027 0.032324 0.028369
1 0.245840 0.245499 0.038052 0.036007
0 0.571011 0.471277 0.738830 0.942553