0 0.586238 0.836328 0.121437 0.147047
2 0.608691 0.517228 0.042428 0.117754
2 0.567947 0.526917 0.049566 0.080958
2 0.517142 0.524439 0.024783 0.105741
2 0.489880 0.518656 0.032218 0.097480
2 0.431020 0.345174 0.048327 0.061132
2 0.389508 0.336621 0.029740 0.111283
2 0.566088 0.445133 0.021066 0.072697
2 0.400041 0.644224 0.045849 0.084263
2 0.340562 0.627702 0.035936 0.107394
2 0.303387 0.616137 0.030979 0.084263
2 0.260636 0.617789 0.019827 0.054523
2 0.240810 0.615310 0.037175 0.109046
2 0.218505 0.617789 0.029740 0.087567
2 0.190004 0.547570 0.032218 0.076002
2 0.306485 0.561614 0.032218 0.074349
0 0.374019 0.778879 0.055762 0.132177
0 0.311927 0.751945 0.043103 0.154310
0 0.286039 0.935702 0.147460 0.128596
0 0.371541 0.064849 0.122677 0.087567
0 0.585295 0.273854 0.042131 0.089219
4 0.316285 0.785729 0.015799 0.054523
4 0.346490 0.764044 0.024164 0.045849
2 0.378553 0.315056 0.015799 0.055762
0 0.092782 0.519207 0.045539 0.054523
0 0.177354 0.479554 0.013941 0.064436
2 0.106258 0.912536 0.096654 0.096654
2 0.156444 0.475101 0.024164 0.060719
1 0.208024 0.428013 0.026952 0.030979
1 0.412020 0.727585 0.000000 0.090342
2 0.205700 0.460115 0.026022 0.033457
5 0.567121 0.536452 0.865758 0.921107