5 0.769163 0.057010 0.013502 0.021277
5 0.783074 0.034915 0.004501 0.014184
5 0.794122 0.034915 0.005319 0.010911
5 0.789416 0.030824 0.006547 0.020185
2 0.802510 0.638571 0.023732 0.075832
2 0.782256 0.632842 0.024959 0.054555
2 0.746454 0.626841 0.037643 0.073104
2 0.794531 0.574195 0.042144 0.045281
1 0.792894 0.502455 0.046236 0.089471
1 0.888230 0.661484 0.039689 0.059465
4 0.484588 0.188489 0.004910 0.020185
4 0.489498 0.191762 0.003273 0.011457
4 0.494408 0.194490 0.004910 0.012548
4 0.493999 0.182215 0.003273 0.008729
3 0.499318 0.187943 0.004910 0.015821
5 0.517935 0.414621 0.023322 0.060011
5 0.457992 0.419258 0.006547 0.018003
5 0.464130 0.421713 0.004910 0.013093
5 0.441626 0.430169 0.009820 0.025641
5 0.449400 0.433988 0.008183 0.026732
5 0.435488 0.438898 0.009002 0.020185
5 0.442853 0.497545 0.006547 0.013093
3 0.424032 0.478996 0.006547 0.030551
3 0.428123 0.471358 0.006547 0.021822
4 0.305987 0.088652 0.010229 0.016912
3 0.313966 0.095745 0.004910 0.014730
3 0.318058 0.093835 0.006547 0.018549
5 0.232542 0.930169 0.009820 0.033824
5 0.203901 0.905892 0.009820 0.027823
5 0.221290 0.897163 0.011866 0.035461
5 0.216585 0.911075 0.021277 0.027278
0 0.496809 0.497872 0.992553 0.995744