2 0.496894 0.488438 0.018593 0.028826
0 0.494300 0.450964 0.058373 0.095703
2 0.569536 0.724814 0.033294 0.059959
2 0.558078 0.786214 0.018161 0.030556
2 0.529107 0.802069 0.024214 0.029979
2 0.508569 0.801492 0.022052 0.047275
2 0.505326 0.708095 0.030268 0.051887
2 0.480247 0.738074 0.025079 0.056500
2 0.466843 0.730003 0.022485 0.054194
2 0.436359 0.688781 0.020323 0.053617
1 0.421657 0.664279 0.014269 0.035745
2 0.454952 0.676386 0.018593 0.041510
2 0.464032 0.658514 0.022052 0.047275
2 0.486516 0.673215 0.011675 0.040933
0 0.548781 0.666873 0.028970 0.058229
0 0.537323 0.752776 0.049293 0.019025
1 0.536891 0.766324 0.012107 0.026520
2 0.863493 0.279255 0.036321 0.030556
1 0.837765 0.265130 0.017728 0.048428
2 0.783500 0.231115 0.018161 0.038051
5 0.507026 0.513350 0.985947 0.973300