0 0.500000 0.500000 1.000000 1.000000
5 0.412979 0.496559 0.015884 0.045887
5 0.398230 0.497567 0.022691 0.041853
5 0.392935 0.480170 0.018153 0.025212
5 0.380266 0.486978 0.022313 0.047904
5 0.506770 0.574213 0.020422 0.038827
5 0.494478 0.562615 0.015506 0.032776
5 0.481431 0.566649 0.010589 0.018657
5 0.484457 0.574969 0.011346 0.021178
5 0.457794 0.588332 0.011724 0.024708
5 0.448907 0.587827 0.009076 0.013615
5 0.440965 0.581776 0.010589 0.017649
5 0.409008 0.441091 0.015506 0.027734
5 0.792867 0.539167 0.019287 0.046391
5 0.805537 0.694476 0.025717 0.064544
5 0.782089 0.687921 0.034793 0.048408
5 0.534755 0.870963 0.031011 0.067569
1 0.538537 0.816504 0.056728 0.053450
1 0.587701 0.787006 0.042357 0.093286
5 0.278912 0.725739 0.017775 0.018153
5 0.271916 0.734816 0.014371 0.023195
5 0.260570 0.746918 0.022691 0.053450
5 0.241094 0.744144 0.023069 0.052946
5 0.239014 0.677584 0.022691 0.030759
5 0.322971 0.963240 0.011346 0.021178
5 0.358521 0.979099 0.024204 0.041802
5 0.398419 0.956937 0.021557 0.033785
5 0.385750 0.977586 0.022691 0.044828
5 0.038197 0.600938 0.026473 0.043870
5 0.021746 0.521771 0.022313 0.060006
5 0.037251 0.535386 0.017018 0.045887
5 0.054837 0.545975 0.015884 0.048912
5 0.068452 0.523788 0.026473 0.034793
5 0.075826 0.547235 0.023826 0.028238
5 0.086983 0.527318 0.019666 0.029751
5 0.072990 0.483952 0.025717 0.047904