1 0.844040 0.172122 0.040507 0.047463
1 0.917894 0.192035 0.045827 0.062193
5 0.811511 0.483088 0.022095 0.047463
5 0.834015 0.489089 0.024550 0.043099
3 0.829310 0.482542 0.016776 0.030005
1 0.878614 0.537916 0.056465 0.091653
1 0.830128 0.546645 0.027414 0.021822
1 0.749113 0.441353 0.015957 0.024004
1 0.789416 0.466448 0.031097 0.025095
1 0.813352 0.392253 0.057692 0.052373
5 0.659097 0.712220 0.017594 0.042008
5 0.671577 0.677305 0.018822 0.061648
5 0.589539 0.646208 0.018412 0.056192
5 0.610406 0.678669 0.020867 0.058920
5 0.628410 0.643208 0.020867 0.056738
5 0.664825 0.268958 0.009411 0.032733
5 0.655824 0.278778 0.011047 0.033824
5 0.613884 0.351337 0.022913 0.042553
5 0.693876 0.385434 0.012684 0.020185
1 0.603041 0.405619 0.060147 0.038734
1 0.705742 0.367430 0.068331 0.066012
1 0.618590 0.309329 0.052782 0.043644
1 0.646208 0.240589 0.049918 0.077469
2 0.632501 0.265957 0.016776 0.022368
5 0.598336 0.220404 0.013912 0.042553
5 0.608770 0.219585 0.008592 0.035461
5 0.615316 0.216585 0.005319 0.034915
5 0.416053 0.714675 0.010229 0.041462
5 0.421577 0.731042 0.018822 0.038189
5 0.432624 0.739225 0.013912 0.034915
5 0.439989 0.740589 0.010638 0.047463
5 0.455947 0.735952 0.019640 0.041462
5 0.506478 0.417894 0.014321 0.039280
1 0.587493 0.104201 0.034779 0.061102
1 0.578901 0.011457 0.050327 0.022913
1 0.496454 0.035461 0.080196 0.070922
1 0.414825 0.057829 0.034779 0.038189
1 0.407460 0.087289 0.044599 0.031642
1 0.379842 0.128478 0.054828 0.052919
1 0.462902 0.134752 0.034370 0.043644
1 0.478451 0.087016 0.052373 0.033279
5 0.373909 0.563557 0.011866 0.044735
5 0.384547 0.575559 0.015139 0.042553
5 0.396413 0.568467 0.024141 0.041462
5 0.407256 0.571740 0.016367 0.036007
5 0.279596 0.704583 0.019640 0.060556
5 0.309875 0.747954 0.013093 0.055646
3 0.288598 0.772777 0.025368 0.049645
5 0.284302 0.743590 0.019231 0.030551
5 0.060693 0.386525 0.016367 0.037643
0 0.490957 0.411702 0.981914 0.823404