3 0.997204 0.091107 0.005592 0.033824
3 0.991953 0.083470 0.012275 0.051282
5 0.811511 0.495363 0.007365 0.037098
5 0.800873 0.494817 0.013093 0.042553
5 0.869817 0.409165 0.006137 0.025095
5 0.859793 0.411348 0.009002 0.034915
5 0.922600 0.458265 0.008592 0.025095
3 0.907460 0.470813 0.011047 0.030551
1 0.920554 0.411620 0.034779 0.034370
3 0.925055 0.433988 0.014321 0.025641
5 0.933442 0.457174 0.006547 0.029460
5 0.764662 0.524550 0.013502 0.015821
5 0.978041 0.867976 0.008183 0.031642
3 0.995158 0.868794 0.009684 0.026732
3 0.987043 0.875614 0.009820 0.028369
3 0.927919 0.737861 0.016776 0.032188
5 0.750136 0.773868 0.017185 0.028914
1 0.801896 0.861702 0.024959 0.031097
1 0.838516 0.879160 0.054828 0.057283
4 0.832379 0.877250 0.015548 0.016367
4 0.747477 0.645936 0.042962 0.060011
4 0.735816 0.720949 0.040917 0.040917
4 0.724154 0.679487 0.037234 0.027823
3 0.684056 0.397163 0.011866 0.033824
5 0.694081 0.393344 0.007365 0.031642
5 0.691012 0.496181 0.019231 0.023459
5 0.726814 0.296236 0.013093 0.032733
5 0.564171 0.380524 0.013502 0.036552
5 0.580742 0.389798 0.013093 0.031097
3 0.633320 0.409984 0.010229 0.039825
4 0.609384 0.403983 0.008183 0.023459
4 0.624727 0.417621 0.004501 0.037643
3 0.621863 0.410529 0.007774 0.026732
3 0.613884 0.414348 0.009820 0.035461
3 0.572559 0.653028 0.012275 0.043644
3 0.558647 0.652209 0.008183 0.046372
3 0.540235 0.643753 0.010638 0.041462
4 0.551487 0.647300 0.013502 0.056192
4 0.643958 0.555919 0.007774 0.021822
4 0.650914 0.556465 0.007774 0.025095
1 0.578492 0.606656 0.076514 0.046918
3 0.503614 0.548554 0.009411 0.035461
3 0.492771 0.543917 0.009820 0.039280
5 0.494613 0.459356 0.006956 0.024004
5 0.502182 0.459083 0.009002 0.027823
3 0.485611 0.181669 0.012684 0.028369
3 0.496045 0.184670 0.009002 0.033279
3 0.504023 0.179760 0.006956 0.024550
3 0.458197 0.283688 0.007774 0.024004
3 0.473336 0.271413 0.010229 0.025641
5 0.473950 0.229678 0.011457 0.009820
4 0.423622 0.230224 0.011457 0.031642
5 0.428942 0.243317 0.018822 0.025095
4 0.454924 0.474905 0.005319 0.020185
4 0.414621 0.527550 0.009002 0.020731
4 0.407665 0.535734 0.009820 0.009820
4 0.403778 0.542280 0.007774 0.014184
3 0.469654 0.475723 0.006956 0.016367
3 0.463925 0.475450 0.004501 0.019094
3 0.458811 0.471631 0.006547 0.023459
3 0.420963 0.522368 0.006956 0.020185
3 0.391503 0.541735 0.006137 0.016367
3 0.408893 0.554828 0.008183 0.012002
3 0.412166 0.547190 0.006547 0.010911
3 0.415848 0.542008 0.008183 0.012548
3 0.399686 0.532733 0.006956 0.010366
1 0.424236 0.628478 0.065876 0.075286
3 0.369613 0.701037 0.010638 0.027278
3 0.362452 0.710311 0.008592 0.017458
3 0.210652 0.430715 0.005319 0.018003
3 0.215357 0.434534 0.004910 0.015821
3 0.216789 0.438080 0.006137 0.024004
3 0.225996 0.418440 0.007365 0.014184
3 0.240726 0.428532 0.006547 0.025641
5 0.233565 0.429896 0.005319 0.022913
5 0.227428 0.431260 0.006137 0.018003
1 0.225996 0.639389 0.042553 0.068740
1 0.120022 0.892253 0.052373 0.074741
3 0.147845 0.577741 0.007365 0.018549
1 0.354883 0.613475 0.027005 0.054010
5 0.191626 0.140480 0.010638 0.027823
5 0.170145 0.121113 0.014321 0.039280
5 0.183852 0.127387 0.005728 0.024550
5 0.165235 0.150573 0.011866 0.031642
5 0.175668 0.141026 0.010638 0.037643
5 0.156642 0.147027 0.013502 0.032188
5 0.142321 0.166667 0.012684 0.019094
3 0.176282 0.163666 0.011047 0.020731
3 0.291258 0.852973 0.007774 0.019094
5 0.307215 0.849154 0.008592 0.016912
5 0.299645 0.853519 0.004910 0.025641
5 0.370840 0.598472 0.000000 0.008729
5 0.319694 0.352155 0.006547 0.020185
5 0.313762 0.351064 0.005319 0.012548
3 0.463312 0.423077 0.007365 0.025641
3 0.469654 0.432351 0.006956 0.032188
3 0.475177 0.430715 0.004910 0.028914
3 0.485611 0.418440 0.006137 0.022913
4 0.481724 0.416258 0.006547 0.018549
5 0.478655 0.424714 0.006137 0.023459
4 0.632092 0.646481 0.014321 0.029460
5 0.631683 0.666939 0.011047 0.030005
4 0.604064 0.648663 0.009002 0.010911
3 0.608974 0.656574 0.008183 0.028914
3 0.616135 0.666121 0.010229 0.030551
3 0.622272 0.671304 0.006956 0.034370
0 0.502394 0.498936 0.990957 0.985106