2 0.507103 0.592874 0.027107 0.110147
2 0.493549 0.614903 0.015489 0.115655
1 0.483481 0.616280 0.023234 0.107394
2 0.440111 0.586678 0.029430 0.072973
1 0.464894 0.574975 0.032528 0.093625
1 0.466830 0.633491 0.024009 0.067465
1 0.456762 0.477907 0.027107 0.081234
2 0.475349 0.486857 0.031753 0.088118
0 0.368472 0.684434 0.070477 0.205149
0 0.517945 0.170470 0.144827 0.265730
1 0.575256 0.142245 0.025558 0.055074
1 0.471864 0.075468 0.009294 0.039928
1 0.483868 0.100940 0.020911 0.063335
1 0.485417 0.047243 0.022460 0.071596
5 0.500000 0.500516 1.000000 0.998967