2 0.508269 0.737068 0.023479 0.069132
2 0.528812 0.727285 0.033262 0.078263
2 0.532726 0.665979 0.031305 0.060001
2 0.557672 0.668588 0.036196 0.075654
0 0.584085 0.725980 0.042066 0.049566
2 0.757241 0.365973 0.036196 0.075654
2 0.772405 0.412278 0.031305 0.056088
2 0.742567 0.435757 0.036196 0.048262
2 0.723001 0.382277 0.018587 0.063914
2 0.278531 0.282661 0.132177 0.110147
2 0.390055 0.517821 0.018587 0.026160
2 0.387215 0.489596 0.011875 0.037175
2 0.362432 0.489596 0.019104 0.039928
2 0.378180 0.487531 0.012392 0.074349
1 0.387990 0.686298 0.026848 0.042682
2 0.923861 0.569460 0.014457 0.031667
0 0.905273 0.570493 0.102230 0.090183
0 0.746764 0.895578 0.036142 0.080545
2 0.773871 0.885252 0.019104 0.054385
2 0.128985 0.687732 0.057452 0.087868
0 0.029008 0.735046 0.058015 0.150952
0 0.129830 0.731666 0.032105 0.126169
5 0.500000 0.499071 1.000000 0.998141