0 0.500000 0.500000 1.000000 1.000000
1 0.534944 0.400499 0.013237 0.017144
5 0.544777 0.431763 0.017775 0.062527
4 0.506770 0.389406 0.014371 0.031263
4 0.511497 0.412601 0.018531 0.036306
4 0.541184 0.347301 0.012102 0.019666
4 0.520384 0.273177 0.015884 0.017649
4 0.547614 0.235610 0.015127 0.015127
1 0.513766 0.323601 0.011724 0.016640
1 0.529461 0.334695 0.008320 0.016640
1 0.859995 0.198296 0.014371 0.018153
1 0.832577 0.229055 0.010967 0.025212
1 0.899516 0.201573 0.008698 0.014623
1 0.804402 0.194010 0.018153 0.016640
1 0.773769 0.223004 0.015127 0.028238
1 0.743514 0.269143 0.011346 0.018657
1 0.778118 0.280488 0.006429 0.010085
5 0.777929 0.256284 0.030255 0.046391
5 0.898949 0.541941 0.016640 0.030759
4 0.953597 0.464287 0.017775 0.021683
1 0.924665 0.438822 0.012858 0.012102
1 0.871152 0.456723 0.018531 0.017649
1 0.589971 0.235358 0.013615 0.025717
1 0.612662 0.233089 0.006807 0.018153
5 0.314840 0.652623 0.010967 0.022187
5 0.341691 0.601946 0.012480 0.016640