1 0.781642 0.089198 0.036007 0.036552
5 0.759547 0.120840 0.018003 0.042008
5 0.776118 0.175396 0.013502 0.043099
5 0.769776 0.198036 0.015548 0.030551
1 0.767526 0.355155 0.047054 0.028369
1 0.673622 0.359520 0.043372 0.050191
5 0.712289 0.342881 0.023322 0.046372
5 0.698582 0.386525 0.022095 0.048554
5 0.676691 0.421713 0.012684 0.037098
5 0.661348 0.414621 0.018822 0.043644
5 0.576446 0.533552 0.014321 0.051282
5 0.546372 0.436443 0.021277 0.051282
5 0.535734 0.481451 0.018003 0.058374
5 0.485202 0.505183 0.022504 0.057829
5 0.501978 0.503546 0.028232 0.069831
5 0.508933 0.476268 0.018412 0.039280
5 0.516708 0.490453 0.015957 0.053464
5 0.523868 0.464266 0.017185 0.043644
5 0.431192 0.191217 0.011866 0.026732
5 0.441012 0.202128 0.007774 0.027823
5 0.454719 0.177851 0.010638 0.019640
5 0.343017 0.421440 0.018003 0.039825
5 0.361429 0.442444 0.015548 0.027278
5 0.384956 0.438625 0.009411 0.029460
5 0.380660 0.461266 0.022095 0.032188
5 0.384956 0.474359 0.027414 0.024550
1 0.379228 0.407801 0.056056 0.052919
1 0.436511 0.324332 0.027414 0.039825
5 0.272845 0.223677 0.021686 0.044735
5 0.151937 0.351064 0.015548 0.039825
5 0.166258 0.346427 0.019640 0.049100
5 0.172600 0.338789 0.011047 0.025095
5 0.180783 0.339880 0.015139 0.021822
5 0.183442 0.355701 0.017185 0.024004
1 0.073172 0.319149 0.054419 0.058920
1 0.101814 0.380251 0.017594 0.041462
0 0.498936 0.443617 0.997872 0.887234