1 0.782256 0.133933 0.022504 0.030005
1 0.865930 0.274414 0.029460 0.036007
1 0.811716 0.366612 0.020049 0.038189
1 0.861225 0.310420 0.018412 0.018549
1 0.882706 0.307965 0.013093 0.023459
1 0.867158 0.216585 0.013912 0.016367
1 0.819285 0.283415 0.015548 0.025641
5 0.761593 0.742771 0.047463 0.082379
5 0.730496 0.741135 0.031915 0.085652
5 0.603451 0.734315 0.025777 0.065466
5 0.664212 0.671031 0.027005 0.044735
5 0.665235 0.697218 0.026596 0.038189
5 0.648254 0.472995 0.022095 0.045827
5 0.595881 0.442171 0.009820 0.020185
5 0.591789 0.410529 0.031915 0.054010
5 0.625546 0.414075 0.036416 0.045827
5 0.607338 0.453082 0.012275 0.054010
5 0.623704 0.426077 0.018822 0.070922
1 0.576037 0.166667 0.041326 0.049645
1 0.610202 0.204583 0.038462 0.028369
1 0.603041 0.177578 0.021686 0.027823
5 0.557420 0.240862 0.016367 0.039825
1 0.511798 0.530278 0.027414 0.031642
1 0.451037 0.471631 0.028642 0.048554
5 0.394981 0.556465 0.019640 0.058920
5 0.414007 0.586743 0.023322 0.052919
5 0.457583 0.534097 0.031915 0.068740
1 0.453696 0.516912 0.015139 0.031097
5 0.362861 0.050191 0.028232 0.063284
2 0.378205 0.072286 0.015548 0.045281
1 0.517526 0.115657 0.027414 0.030551
1 0.148254 0.443262 0.035188 0.047463
1 0.170349 0.569285 0.031097 0.045281
1 0.193876 0.505456 0.038871 0.043099
5 0.216994 0.463721 0.017185 0.044735
5 0.186920 0.471358 0.011866 0.037098
5 0.205128 0.520185 0.012275 0.018003
5 0.170349 0.461538 0.017185 0.034915
5 0.219858 0.397981 0.013093 0.023459
5 0.131478 0.520458 0.038462 0.079651
5 0.124523 0.482542 0.008183 0.013639
5 0.120022 0.449536 0.031915 0.049100
1 0.127591 0.657119 0.020049 0.020185
1 0.158074 0.676487 0.020458 0.022913
0 0.499734 0.437234 0.999468 0.874468