5 0.751568 0.162575 0.017594 0.038189
2 0.839539 0.043917 0.013502 0.020185
1 0.846495 0.016367 0.024141 0.024004
5 0.980701 0.024277 0.024141 0.048554
5 0.983565 0.051828 0.015957 0.049100
5 0.994135 0.043644 0.011729 0.066558
5 0.970472 0.078833 0.020049 0.033279
5 0.991067 0.112930 0.017866 0.049100
5 0.973541 0.134479 0.020458 0.072559
5 0.990726 0.151937 0.013912 0.039825
5 0.827264 0.298691 0.018412 0.048554
5 0.816012 0.310420 0.008183 0.046918
5 0.806192 0.305783 0.015548 0.045281
3 0.787370 0.293508 0.020458 0.051282
3 0.707992 0.094381 0.012275 0.036007
1 0.561716 0.034915 0.024959 0.051282
5 0.572968 0.129842 0.011457 0.034915
5 0.581560 0.113748 0.018003 0.039825
5 0.595472 0.159029 0.013093 0.035461
5 0.568262 0.182761 0.017594 0.036007
5 0.575423 0.225041 0.015548 0.034370
5 0.610611 0.965357 0.018003 0.069285
5 0.552714 0.888434 0.010229 0.049645
5 0.564171 0.889253 0.015139 0.050191
3 0.533688 0.940262 0.022095 0.047463
5 0.456356 0.874795 0.012275 0.023459
1 0.485816 0.096563 0.023732 0.017458
1 0.462698 0.052919 0.027414 0.028369
1 0.428328 0.103110 0.018412 0.020731
2 0.437534 0.212493 0.018003 0.010366
2 0.445922 0.222040 0.010229 0.021822
5 0.459629 0.229951 0.025368 0.047463
4 0.490930 0.397709 0.025777 0.056738
5 0.564785 0.428260 0.013912 0.036007
4 0.517526 0.411348 0.009411 0.027278
5 0.355292 0.571740 0.027005 0.085106
5 0.381683 0.555646 0.025777 0.064921
5 0.393958 0.532460 0.024959 0.079651
5 0.491339 0.898527 0.011866 0.016367
3 0.435284 0.859247 0.014321 0.026187
3 0.375136 0.759138 0.011047 0.016912
5 0.353041 0.105837 0.008592 0.027278
5 0.361020 0.103928 0.009002 0.024550
2 0.459015 0.088107 0.006956 0.014730
2 0.462902 0.077469 0.005728 0.008729
2 0.239089 0.325150 0.013912 0.026187
2 0.244817 0.337971 0.012275 0.031097
2 0.255456 0.340153 0.007365 0.035461
5 0.270595 0.319149 0.017185 0.031642
5 0.285325 0.313421 0.020458 0.028914
2 0.284711 0.296508 0.025777 0.018003
3 0.258524 0.370977 0.012684 0.025095
1 0.021345 0.499182 0.042690 0.037098
5 0.100586 0.873432 0.008592 0.016367
5 0.106724 0.900164 0.007774 0.013093
5 0.110611 0.873977 0.009002 0.015276
5 0.094244 0.851064 0.006547 0.016367
5 0.102019 0.848882 0.005728 0.008729
5 0.087493 0.834424 0.009411 0.009274
0 0.498138 0.495745 0.996276 0.991489