5 0.874932 0.102837 0.008183 0.020185
5 0.884138 0.106110 0.011866 0.019094
5 0.897027 0.097927 0.004910 0.027823
5 0.989907 0.145390 0.017185 0.032188
5 0.976405 0.224495 0.013912 0.037643
1 0.983565 0.202400 0.020049 0.017458
1 0.990726 0.254774 0.015548 0.046918
5 0.897845 0.549373 0.015548 0.042553
5 0.910938 0.552100 0.015548 0.052373
5 0.887411 0.501364 0.011866 0.032733
5 0.923009 0.540098 0.023322 0.042553
5 0.928328 0.541462 0.009411 0.031097
5 0.941012 0.551282 0.008592 0.044190
5 0.952469 0.554555 0.015139 0.057283
5 0.873091 0.437261 0.015139 0.031097
1 0.837289 0.427169 0.036007 0.079651
5 0.848745 0.479815 0.008183 0.020185
1 0.781847 0.446809 0.027414 0.038189
5 0.759138 0.309329 0.008183 0.033824
5 0.734179 0.294326 0.007365 0.037643
5 0.749523 0.292690 0.008592 0.034370
5 0.710857 0.197490 0.010638 0.042553
5 0.723950 0.189580 0.009820 0.038734
5 0.732338 0.193399 0.013502 0.034370
5 0.714948 0.131751 0.010638 0.038734
5 0.723950 0.141571 0.006547 0.036552
5 0.734384 0.148118 0.012684 0.034370
5 0.711879 0.071195 0.011866 0.027823
5 0.703082 0.067649 0.007365 0.021822
5 0.539621 0.069013 0.024959 0.063830
5 0.571740 0.128478 0.031097 0.082379
5 0.541053 0.273868 0.012275 0.022913
5 0.479883 0.298691 0.011047 0.019094
5 0.492976 0.279869 0.009411 0.028369
5 0.489703 0.273322 0.012684 0.015276
5 0.517526 0.296781 0.010229 0.022913
5 0.523459 0.311238 0.016367 0.028914
5 0.532870 0.325423 0.004910 0.026732
5 0.539007 0.325968 0.012275 0.023459
1 0.565194 0.293508 0.025368 0.025095
5 0.477632 0.560284 0.034370 0.103655
5 0.438148 0.515003 0.032324 0.067649
5 0.432829 0.613202 0.029051 0.045827
5 0.385570 0.264321 0.018003 0.043099
5 0.376159 0.298145 0.013093 0.028914
1 0.369613 0.248500 0.029460 0.046372
1 0.416258 0.224223 0.049100 0.052373
5 0.422190 0.085925 0.027414 0.079105
5 0.452878 0.070649 0.025777 0.097654
5 0.243794 0.215494 0.013502 0.008729
5 0.250546 0.227496 0.006547 0.010911
5 0.251568 0.236498 0.007774 0.013639
5 0.272231 0.216858 0.015548 0.015821
5 0.283893 0.231588 0.012684 0.014730
1 0.228041 0.345336 0.079378 0.088380
5 0.241135 0.498363 0.018822 0.035461
5 0.268753 0.525914 0.007774 0.018549
5 0.261184 0.526187 0.009002 0.028914
5 0.249727 0.527278 0.007365 0.019094
5 0.124932 0.623295 0.015548 0.024550
5 0.158279 0.303873 0.014321 0.039280
5 0.009752 0.504364 0.008592 0.018003
1 0.034915 0.435625 0.017185 0.031097
1 0.336266 0.171031 0.029869 0.022368
1 0.392321 0.291598 0.011866 0.027823
1 0.408483 0.276869 0.013093 0.023459
0 0.498138 0.398936 0.996276 0.797872