2 0.035734 0.453873 0.032522 0.080302
2 0.067353 0.462706 0.024693 0.056211
2 0.077291 0.411313 0.043363 0.078696
2 0.105597 0.452267 0.030113 0.096362
2 0.123364 0.454676 0.046374 0.067454
2 0.138420 0.415328 0.040352 0.069060
2 0.233277 0.130256 0.037340 0.077090
2 0.237794 0.238263 0.033125 0.076287
2 0.274833 0.254724 0.026500 0.070666
2 0.306151 0.167597 0.086726 0.040954
2 0.355838 0.209755 0.024693 0.102786
2 0.331747 0.231437 0.025897 0.075484
2 0.321208 0.263558 0.020477 0.088332
2 0.293504 0.266368 0.030113 0.108408
2 0.370058 0.759310 0.018593 0.070913
2 0.386057 0.776606 0.013404 0.051311
2 0.395137 0.758445 0.020323 0.051887
2 0.403569 0.751238 0.021620 0.061688
2 0.418919 0.747203 0.023782 0.053617
2 0.597498 0.497855 0.028106 0.068030
2 0.568311 0.499873 0.020755 0.080137
2 0.546691 0.503044 0.038051 0.085326
2 0.525937 0.509674 0.031132 0.072066
2 0.509073 0.476523 0.019890 0.053040
2 0.521613 0.426942 0.034592 0.025367
2 0.587553 0.437031 0.028106 0.081290
5 0.507026 0.506605 0.985947 0.986790