5 0.927305 0.174304 0.009002 0.034370
2 0.904801 0.268958 0.015548 0.045827
2 0.916871 0.265139 0.009411 0.036007
5 0.957788 0.205674 0.007774 0.028369
5 0.987998 0.458538 0.024004 0.074741
5 0.982338 0.535188 0.016776 0.025095
5 0.990862 0.607474 0.018276 0.035461
5 0.997409 0.628478 0.005182 0.030551
1 0.978996 0.559193 0.042008 0.093835
1 0.980496 0.922804 0.030278 0.075832
1 0.849564 0.939444 0.044190 0.065466
2 0.764048 0.193944 0.009002 0.027823
5 0.645799 0.924441 0.013093 0.025641
5 0.623704 0.970813 0.016367 0.058374
5 0.580128 0.972995 0.049509 0.054010
5 0.644572 0.360884 0.017185 0.042008
5 0.622681 0.383524 0.031506 0.079651
5 0.586675 0.430169 0.033961 0.079105
5 0.615316 0.450627 0.025777 0.069831
5 0.579105 0.481997 0.037643 0.070376
5 0.569285 0.444081 0.040098 0.054555
5 0.522640 0.509820 0.032733 0.108565
5 0.548009 0.309056 0.039280 0.105292
5 0.541871 0.150300 0.014730 0.059465
5 0.529801 0.145663 0.012684 0.043644
5 0.636593 0.211402 0.014321 0.046372
5 0.650709 0.221495 0.029460 0.052373
5 0.474154 0.138571 0.018412 0.062193
5 0.405005 0.104474 0.019231 0.047463
5 0.447763 0.397709 0.022913 0.044735
5 0.526732 0.967540 0.024550 0.064920
5 0.060693 0.274959 0.017185 0.042553
5 0.093221 0.227223 0.018412 0.042008
0 0.497340 0.500000 0.994680 1.000000