2 0.373507 0.467767 0.035535 0.077994
2 0.376787 0.468131 0.022414 0.045193
2 0.529859 0.432050 0.025694 0.054669
2 0.551727 0.453553 0.025694 0.071434
4 0.574141 0.418565 0.023508 0.042277
2 0.490771 0.451002 0.021867 0.067789
2 0.504438 0.472140 0.025148 0.057584
2 0.479564 0.492550 0.015854 0.043006
2 0.483938 0.455011 0.033348 0.053940
2 0.467782 0.402301 0.019681 0.059042
2 0.490469 0.264316 0.039908 0.065602
2 0.614841 0.297626 0.020774 0.070705
2 0.601174 0.311839 0.019681 0.055398
2 0.587506 0.316213 0.022961 0.081639
2 0.448921 0.455303 0.018041 0.070151
4 0.459582 0.440812 0.012027 0.061229
2 0.422954 0.429878 0.017494 0.091843
2 0.436074 0.440083 0.021867 0.088928
2 0.419400 0.436074 0.032255 0.060500
2 0.399719 0.450652 0.038815 0.075078
2 0.394253 0.451746 0.013667 0.053940
2 0.473249 0.095306 0.024054 0.052482
2 0.498123 0.116444 0.012574 0.056855
2 0.489103 0.129565 0.016401 0.051024
4 0.651469 0.183505 0.029521 0.056855
2 0.680038 0.057378 0.029093 0.091590
2 0.703474 0.028285 0.029093 0.054954
0 0.690514 0.202504 0.176091 0.251745
0 0.858426 0.825589 0.280669 0.348822
0 0.832404 0.181846 0.232342 0.363692
5 0.500000 0.500000 1.000000 1.000000