0 0.500000 0.500000 1.000000 1.000000
5 0.459685 0.422182 0.017018 0.054459
5 0.440587 0.400751 0.022691 0.068074
5 0.418085 0.403777 0.023826 0.067065
5 0.551774 0.460001 0.022691 0.031263
5 0.574654 0.472607 0.013993 0.048408
5 0.611716 0.476641 0.019287 0.044374
5 0.621360 0.482692 0.010589 0.037314
5 0.629302 0.468825 0.009833 0.040844
5 0.639324 0.440335 0.010967 0.024204
4 0.584676 0.549252 0.018909 0.036306
4 0.597345 0.544966 0.007942 0.019666
4 0.602072 0.556060 0.009076 0.022691
1 0.593941 0.532108 0.043491 0.030255
1 0.553476 0.438066 0.014749 0.035802
1 0.576545 0.445882 0.020800 0.018153
1 0.623062 0.453445 0.033659 0.017144
1 0.642349 0.410332 0.028364 0.054963
5 0.940927 0.772130 0.014371 0.046391
5 0.961349 0.777677 0.023448 0.049416
5 0.971939 0.707839 0.019666 0.061014
5 0.391990 0.683382 0.020044 0.042357
1 0.375917 0.279732 0.018909 0.014623
1 0.410521 0.042231 0.009455 0.021683
4 0.332804 0.772887 0.021935 0.033785
5 0.337720 0.791292 0.043113 0.042357
5 0.162242 0.862391 0.021935 0.054459
1 0.146925 0.846255 0.010211 0.015127
1 0.120830 0.830371 0.020800 0.021683
1 0.147114 0.567910 0.029499 0.025212
1 0.065426 0.089378 0.021935 0.033280
5 0.074124 0.122658 0.015127 0.051433
5 0.049353 0.166780 0.011724 0.027734
4 0.052190 0.027355 0.020422 0.044374