2 0.132673 0.271312 0.019458 0.052272
0 0.120782 0.373165 0.111558 0.291338
0 0.248843 0.331655 0.060968 0.051503
0 0.349808 0.850529 0.108964 0.093013
0 0.335322 0.577768 0.085182 0.147591
2 0.394777 0.527034 0.038051 0.061496
2 0.419207 0.488598 0.022052 0.076870
2 0.384399 0.377393 0.019025 0.064571
2 0.360185 0.476940 0.020755 0.043816
0 0.540494 0.521653 0.077831 0.124530
2 0.463311 0.341520 0.028970 0.083020
2 0.486012 0.316153 0.018161 0.069183
2 0.369265 0.250044 0.035456 0.089169
2 0.358888 0.190086 0.031132 0.035360
0 0.604056 0.966219 0.069183 0.064571
0 0.810957 0.888195 0.216630 0.206781
0 0.957042 0.513197 0.085916 0.138366
0 0.665744 0.518834 0.085614 0.221386
0 0.432467 0.218656 0.142258 0.151434
0 0.346637 0.303854 0.050158 0.078408
5 0.502811 0.500000 0.994378 1.000000