0 0.500000 0.500000 1.000000 1.000000
5 0.502420 0.482692 0.020044 0.045382
5 0.492966 0.512190 0.025338 0.037819
5 0.486347 0.528578 0.023448 0.041348
5 0.473489 0.539672 0.017397 0.050425
5 0.466304 0.526561 0.016640 0.055467
5 0.455903 0.526309 0.013993 0.046895
5 0.457416 0.491768 0.012480 0.041348
5 0.443612 0.518493 0.026473 0.052442
5 0.436616 0.502357 0.007186 0.011093
5 0.383103 0.695737 0.022691 0.064040
5 0.363059 0.698510 0.027986 0.063535
5 0.340557 0.679601 0.024582 0.058997
1 0.409197 0.630184 0.027229 0.040844
1 0.382724 0.608754 0.020422 0.021178
1 0.378943 0.654892 0.034793 0.042861
5 0.287800 0.006114 0.012858 0.012228
5 0.253385 0.547740 0.015884 0.034289
5 0.241283 0.542445 0.010589 0.014623
5 0.042735 0.773139 0.026473 0.044374
5 0.030633 0.778938 0.015127 0.032776
5 0.018153 0.771626 0.015127 0.034289
5 0.192875 0.048534 0.024960 0.063535
5 0.173209 0.043744 0.018153 0.041853
5 0.159027 0.032398 0.018531 0.059501
5 0.145980 0.030633 0.012102 0.032776
5 0.142954 0.044500 0.027986 0.068578
5 0.138605 0.079041 0.025338 0.034793
5 0.178504 0.077276 0.022691 0.024204
5 0.122911 0.029309 0.028742 0.058618