3 0.942251 0.230568 0.006429 0.012102
1 0.797406 0.444369 0.034415 0.037314
5 0.945844 0.556312 0.009833 0.018153
1 0.712503 0.805158 0.006807 0.011598
1 0.745972 0.816756 0.010967 0.014623
3 0.762802 0.374783 0.006051 0.017144
4 0.759398 0.357890 0.006807 0.013615
1 0.727063 0.219978 0.023069 0.027229
1 0.691703 0.224517 0.009076 0.012102
5 0.679601 0.482187 0.006051 0.009076
1 0.691135 0.478406 0.005673 0.005547
5 0.622495 0.574213 0.011346 0.026725
1 0.659179 0.635227 0.004538 0.008572
1 0.668633 0.643043 0.006807 0.010085
1 0.609825 0.582533 0.005673 0.006051
1 0.611527 0.563371 0.006051 0.008068
1 0.626465 0.598165 0.007186 0.007059
1 0.625898 0.614048 0.005295 0.009581
1 0.584109 0.600182 0.005673 0.012102
1 0.599236 0.606485 0.004160 0.006555
1 0.592240 0.579255 0.008320 0.008572
1 0.569927 0.592114 0.003025 0.006051
1 0.578247 0.582785 0.003025 0.006555
1 0.582596 0.566397 0.004160 0.007059
1 0.581650 0.539167 0.033280 0.015127
4 0.612473 0.577995 0.004916 0.018153
4 0.654073 0.644051 0.007942 0.009076
4 0.664662 0.670524 0.006429 0.016640
3 0.577490 0.606485 0.008320 0.042861
3 0.578625 0.677584 0.017397 0.047904
1 0.585432 0.659935 0.008320 0.010589
1 0.513766 0.481179 0.004916 0.012102
1 0.506013 0.458992 0.006051 0.006051
1 0.518115 0.456219 0.006807 0.006555
1 0.532297 0.458992 0.004916 0.005042
1 0.525112 0.486221 0.010211 0.010085
1 0.469518 0.466808 0.007942 0.005547
1 0.475758 0.506139 0.022691 0.019666
1 0.472922 0.485465 0.022313 0.018657
1 0.481242 0.428989 0.022313 0.029751
1 0.514522 0.433780 0.020800 0.020170
1 0.510173 0.402264 0.027229 0.026725
1 0.486537 0.401760 0.004916 0.008572
3 0.496748 0.437561 0.010967 0.048912
3 0.528893 0.497315 0.014749 0.040340
1 0.499017 0.491516 0.004160 0.007564
1 0.530217 0.370244 0.007564 0.011093
1 0.525490 0.333686 0.007942 0.015632
1 0.498071 0.326627 0.024204 0.018657
1 0.483511 0.349570 0.005673 0.007059
5 0.496180 0.349066 0.009833 0.022187
1 0.453256 0.201573 0.021557 0.020674
3 0.440398 0.293094 0.004916 0.011093
4 0.444180 0.279732 0.005673 0.010589
1 0.424514 0.409828 0.010211 0.010589
1 0.410143 0.393692 0.013993 0.017649
1 0.414870 0.377556 0.013615 0.010589
1 0.426027 0.392179 0.011724 0.007564
1 0.477271 0.406298 0.008320 0.006555
1 0.332804 0.913572 0.006051 0.016640
1 0.357764 0.894663 0.006807 0.010085
5 0.382157 0.988428 0.011724 0.023144
3 0.324484 0.109044 0.003782 0.013110
3 0.326375 0.118372 0.004538 0.012606
1 0.332993 0.100471 0.013237 0.016136
1 0.331480 0.132239 0.010211 0.014119
1 0.312760 0.358142 0.017397 0.011093
1 0.294229 0.331417 0.037819 0.028238
4 0.284774 0.341754 0.009076 0.014623
3 0.232774 0.528074 0.009455 0.025212
3 0.171129 0.421930 0.004916 0.013615
3 0.236177 0.176109 0.004916 0.011093
3 0.045950 0.877518 0.008698 0.020170
1 0.031011 0.842977 0.017397 0.021683
3 0.100219 0.790787 0.009833 0.019161
1 0.092656 0.784484 0.011346 0.009581
1 0.072234 0.811209 0.006051 0.007564
1 0.086605 0.650858 0.012858 0.016640
1 0.112321 0.604720 0.031011 0.034289
1 0.103434 0.644555 0.004160 0.007059
1 0.121209 0.645312 0.010967 0.012606
1 0.115536 0.627159 0.006429 0.007564
1 0.159027 0.603963 0.013237 0.012606
3 0.082634 0.516981 0.007186 0.014119
3 0.070343 0.512190 0.006807 0.012606
0 0.500000 0.500000 1.000000 1.000000