5 0.838925 0.208947 0.013912 0.037098
5 0.738066 0.205401 0.009411 0.035461
5 0.748909 0.230224 0.009820 0.031642
5 0.918917 0.356247 0.014321 0.039280
4 0.740521 0.323241 0.022504 0.044190
5 0.893753 0.348336 0.017185 0.021277
5 0.901732 0.353792 0.012684 0.013639
5 0.906642 0.369613 0.015957 0.030005
4 0.871863 0.764594 0.025777 0.045281
3 0.898050 0.774414 0.011047 0.039825
4 0.901528 0.774414 0.026187 0.037643
5 0.975382 0.969995 0.012684 0.025095
5 0.665030 0.498909 0.014730 0.034370
5 0.683442 0.610202 0.006547 0.013639
5 0.548827 0.483361 0.014730 0.036007
4 0.507706 0.636388 0.019231 0.034370
4 0.533074 0.854064 0.015957 0.031097
5 0.437534 0.798145 0.010638 0.028369
5 0.358361 0.967267 0.011047 0.021822
5 0.349768 0.945717 0.008592 0.023459
3 0.435284 0.755046 0.014321 0.034915
4 0.433852 0.580196 0.019640 0.037643
5 0.369613 0.503546 0.015548 0.044735
5 0.386184 0.501637 0.015957 0.040917
5 0.328082 0.618931 0.007774 0.018003
5 0.114498 0.183033 0.015139 0.028914
5 0.131888 0.198582 0.016367 0.041462
3 0.028778 0.369340 0.018822 0.043644
0 0.499202 0.496809 0.997340 0.993617