0 0.500000 0.500000 1.000000 1.000000
1 0.465358 0.497315 0.024582 0.022187
3 0.461198 0.528326 0.017775 0.054963
3 0.445314 0.524544 0.017018 0.056476
3 0.434158 0.517233 0.016640 0.058997
3 0.417896 0.511182 0.019666 0.057989
3 0.452689 0.402264 0.012858 0.034793
3 0.442856 0.391171 0.009833 0.035802
3 0.469896 0.418400 0.022313 0.045887
3 0.477460 0.437309 0.017018 0.014119
5 0.463656 0.361420 0.027229 0.073116
5 0.466115 0.505131 0.005673 0.019666
4 0.795137 0.005358 0.012480 0.010715
4 0.786060 0.008446 0.010211 0.015632
5 0.767340 0.682878 0.007564 0.023195
1 0.759776 0.692963 0.012102 0.020170
4 0.585054 0.941305 0.011346 0.022691
4 0.575978 0.933490 0.006051 0.031263
5 0.592240 0.923153 0.016640 0.017649
3 0.329778 0.511938 0.018909 0.055467
3 0.285720 0.489751 0.003404 0.011093
5 0.278345 0.484457 0.007564 0.020674
5 0.138983 0.499836 0.007186 0.024204
5 0.148816 0.497819 0.009455 0.031263
3 0.157893 0.508660 0.014749 0.033785
1 0.178126 0.471094 0.013615 0.020170
1 0.121587 0.463278 0.007942 0.010589
1 0.132176 0.484204 0.018531 0.022187
4 0.092088 0.336712 0.012480 0.032776
4 0.115158 0.339233 0.010211 0.036810
4 0.109674 0.348057 0.011346 0.035297
5 0.047651 0.345788 0.009076 0.017649