1 0.929555 0.097927 0.033961 0.030005
1 0.954719 0.066012 0.028642 0.031642
1 0.988475 0.085106 0.009411 0.016367
1 0.985747 0.274414 0.028505 0.040371
5 0.862248 0.274686 0.008183 0.030005
5 0.870636 0.291053 0.006137 0.023459
5 0.879842 0.339062 0.011457 0.031097
1 0.850177 0.243044 0.047872 0.040917
1 0.950832 0.258865 0.041326 0.032188
5 0.963516 0.265957 0.008592 0.012548
1 0.836675 0.362248 0.029051 0.024004
5 0.644163 0.382160 0.017185 0.062739
5 0.666258 0.376978 0.019640 0.042553
5 0.591176 0.369613 0.029051 0.081288
5 0.560284 0.373704 0.034370 0.084015
5 0.547600 0.403983 0.028642 0.083470
5 0.526528 0.551009 0.020049 0.064375
5 0.602632 0.555646 0.024959 0.073650
5 0.506274 0.467540 0.018003 0.048009
5 0.267935 0.191489 0.024959 0.061102
5 0.329310 0.162029 0.013502 0.041462
1 0.348336 0.132024 0.020458 0.024004
1 0.380660 0.175396 0.038462 0.042008
1 0.358770 0.206492 0.023322 0.036552
1 0.301077 0.178123 0.047872 0.052919
1 0.319285 0.223677 0.031097 0.027278
1 0.245022 0.156574 0.023322 0.031642
1 0.254842 0.252864 0.020049 0.050736
1 0.384956 0.274414 0.078969 0.086197
1 0.161961 0.276050 0.042962 0.073104
1 0.188762 0.219040 0.021277 0.040917
1 0.214744 0.263230 0.025777 0.031097
1 0.228451 0.326241 0.040098 0.021822
1 0.230087 0.366067 0.038462 0.039280
1 0.274891 0.318876 0.036416 0.030005
1 0.211061 0.485816 0.037234 0.062739
1 0.161961 0.498909 0.039689 0.109656
5 0.265276 0.384343 0.039280 0.069285
5 0.167690 0.323241 0.028232 0.055101
5 0.195104 0.302237 0.020049 0.081833
5 0.322763 0.628205 0.010229 0.020185
5 0.382501 0.637752 0.011866 0.019640
5 0.339539 0.618385 0.010229 0.015821
5 0.251978 0.698036 0.009411 0.023459
5 0.283688 0.766230 0.012275 0.026732
1 0.229883 0.781779 0.076514 0.080742
5 0.029392 0.891435 0.017594 0.046918
5 0.058442 0.894981 0.020867 0.024550
1 0.102837 0.866339 0.058101 0.053464
5 0.073582 0.786416 0.008592 0.016912
5 0.063148 0.782324 0.013912 0.030551
5 0.138434 0.735679 0.011457 0.031097
5 0.112861 0.720131 0.012684 0.025095
5 0.121658 0.719040 0.009002 0.027278
5 0.024891 0.665576 0.008592 0.026187
5 0.104474 0.771959 0.013912 0.019640
5 0.128614 0.779869 0.013912 0.018003
0 0.500798 0.519149 0.997340 0.953191