0 0.500000 0.500000 1.000000 1.000000
5 0.510740 0.444117 0.012480 0.035802
5 0.515468 0.419409 0.014371 0.033785
5 0.519061 0.431510 0.012480 0.036810
3 0.530973 0.439831 0.012858 0.026221
3 0.520006 0.455462 0.012102 0.013110
4 0.850352 0.149131 0.015506 0.031768
4 0.899138 0.121650 0.017775 0.034289
4 0.894221 0.152409 0.022313 0.027229
4 0.902352 0.146106 0.018153 0.050929
5 0.787195 0.972544 0.022313 0.054912
5 0.757129 0.900209 0.018153 0.045382
5 0.759965 0.891385 0.013993 0.031768
5 0.765827 0.872728 0.010589 0.037819
5 0.778307 0.867937 0.017397 0.026221
1 0.757696 0.870459 0.013237 0.012102
5 0.832010 0.412853 0.010589 0.022691
5 0.818584 0.415627 0.013237 0.016136
1 0.798162 0.379573 0.010967 0.011598
5 0.687543 0.311247 0.009833 0.017144
5 0.690568 0.308474 0.007564 0.013615
5 0.682626 0.300154 0.005295 0.015127
5 0.614364 0.987923 0.012480 0.024153
5 0.622116 0.989688 0.007564 0.020624
5 0.631382 0.989688 0.013993 0.020624
5 0.647266 0.987167 0.022313 0.025666
1 0.418085 0.858861 0.053324 0.048408
1 0.513199 0.778181 0.027229 0.036306
1 0.461954 0.798351 0.027608 0.025212
1 0.431889 0.753473 0.039331 0.081688
5 0.335451 0.185689 0.009833 0.030255
5 0.353037 0.111313 0.011724 0.019666
5 0.360411 0.079797 0.013615 0.016136
5 0.351524 0.061140 0.007942 0.022187
5 0.342637 0.060384 0.009833 0.021683
5 0.426027 0.072486 0.005673 0.013615
5 0.274374 0.117364 0.010967 0.013615
5 0.056161 0.130726 0.009455 0.018153
5 0.031579 0.944331 0.017775 0.049921
5 0.118940 0.774904 0.005673 0.018657
5 0.131042 0.776164 0.006429 0.016136
5 0.125558 0.779946 0.006051 0.009581
5 0.126125 0.772130 0.003404 0.017144