5 0.868181 0.573377 0.027414 0.075286
5 0.890071 0.574468 0.021277 0.068740
5 0.932829 0.464539 0.048691 0.103110
5 0.904596 0.481178 0.028232 0.092744
5 0.780824 0.695581 0.031915 0.099291
1 0.964948 0.678942 0.053191 0.091107
1 0.961266 0.580742 0.041735 0.049645
1 0.713516 0.911620 0.060147 0.051282
1 0.658279 0.988271 0.040507 0.023458
1 0.685693 0.836061 0.042962 0.043099
1 0.649686 0.271959 0.027414 0.049645
1 0.637821 0.234315 0.031506 0.033279
1 0.591789 0.344517 0.031097 0.081288
5 0.491135 0.508729 0.029460 0.050736
5 0.509343 0.530824 0.012684 0.074195
5 0.532051 0.482815 0.013912 0.037098
5 0.526732 0.526732 0.009820 0.048554
5 0.543099 0.499182 0.013912 0.046918
5 0.559670 0.508729 0.033142 0.094381
5 0.523050 0.587016 0.013093 0.037098
5 0.535734 0.575286 0.014730 0.047463
5 0.597927 0.712493 0.022913 0.062193
5 0.494817 0.741135 0.017185 0.083470
5 0.512207 0.723677 0.019231 0.049645
5 0.473541 0.711948 0.019640 0.036007
5 0.454924 0.714948 0.022504 0.047463
1 0.574195 0.713857 0.026187 0.040917
5 0.523868 0.069013 0.013912 0.031097
5 0.514457 0.137207 0.013912 0.033279
5 0.508115 0.171304 0.011866 0.026187
5 0.501978 0.259684 0.008592 0.016367
5 0.492158 0.222859 0.007774 0.021277
5 0.504842 0.218767 0.007774 0.014184
1 0.482133 0.134479 0.030278 0.040917
1 0.435079 0.031915 0.031097 0.034370
1 0.375136 0.141298 0.054419 0.032733
1 0.361020 0.089198 0.022095 0.032188
1 0.304555 0.078287 0.028642 0.031097
1 0.328287 0.039825 0.055646 0.051282
1 0.262207 0.139662 0.031506 0.027278
5 0.104269 0.540098 0.024959 0.073104
5 0.130660 0.534370 0.027005 0.059465
5 0.133933 0.577469 0.031915 0.050736
5 0.142526 0.496727 0.031097 0.032188
5 0.171781 0.341244 0.020867 0.046372
5 0.047600 0.339880 0.022913 0.052373
5 0.054146 0.328423 0.017185 0.030551
5 0.094449 0.232951 0.025777 0.065466
5 0.119408 0.242499 0.026596 0.067103
5 0.139457 0.225314 0.032324 0.063284
5 0.152141 0.203764 0.025777 0.038734
5 0.164416 0.214403 0.015139 0.043644
5 0.178942 0.210584 0.024550 0.065466
5 0.095881 0.131206 0.018003 0.082379
5 0.101609 0.097654 0.025368 0.078560
5 0.136184 0.113475 0.040507 0.068740
5 0.158279 0.133661 0.020867 0.068740
5 0.167485 0.137752 0.023732 0.069285
5 0.183033 0.139662 0.018003 0.056738
5 0.195922 0.141844 0.025777 0.067649
5 0.197149 0.113475 0.030687 0.042553
5 0.022436 0.727223 0.017594 0.045827
5 0.041053 0.753682 0.025368 0.070376
5 0.014253 0.788052 0.028232 0.104201
0 0.498936 0.500000 0.997872 1.000000