2 0.377430 0.051502 0.009319 0.026824
2 0.389633 0.056236 0.010651 0.036291
2 0.401393 0.070437 0.018195 0.036291
2 0.427354 0.052686 0.024851 0.041813
2 0.625055 0.547872 0.018195 0.051281
2 0.603976 0.575484 0.012426 0.048125
2 0.587778 0.590080 0.017307 0.048914
2 0.584450 0.545110 0.031952 0.053647
2 0.556714 0.565623 0.018195 0.048914
2 0.544732 0.592446 0.019082 0.031557
2 0.538520 0.543138 0.015532 0.046547
2 0.524097 0.528543 0.014201 0.064692
2 0.504349 0.534460 0.016420 0.067059
2 0.588444 0.393241 0.018639 0.071793
5 0.505391 0.501331 0.968879 0.975693