0 0.236232 0.168178 0.099451 0.103775
2 0.248339 0.187011 0.015566 0.019986
2 0.269526 0.193160 0.011242 0.027673
2 0.313847 0.490136 0.023782 0.052272
2 0.335250 0.485139 0.016431 0.049966
2 0.345844 0.487061 0.012539 0.030748
2 0.325521 0.339598 0.019458 0.056115
2 0.340223 0.340751 0.014269 0.053809
2 0.343898 0.281561 0.018161 0.043047
2 0.368112 0.267725 0.019890 0.055347
2 0.363788 0.295782 0.014701 0.043816
2 0.321414 0.242742 0.014701 0.028442
2 0.327251 0.275027 0.011675 0.037666
2 0.382814 0.451444 0.018161 0.069183
2 0.394056 0.436839 0.025079 0.044585
2 0.402055 0.478349 0.019458 0.046122
2 0.415243 0.466434 0.022485 0.057653
2 0.426702 0.444910 0.023782 0.060727
2 0.439890 0.385720 0.009513 0.042279
2 0.448322 0.387642 0.010810 0.038435
2 0.448538 0.342673 0.019025 0.043816
2 0.481184 0.400454 0.021187 0.061496
2 0.526369 0.490008 0.019890 0.051503
2 0.526585 0.571874 0.015999 0.056884
2 0.543232 0.546507 0.013837 0.049197
2 0.596705 0.459388 0.021620 0.067646
2 0.567735 0.339086 0.021620 0.039204
2 0.565357 0.250301 0.023782 0.052272
2 0.590003 0.341392 0.019458 0.096088
2 0.602759 0.349463 0.019890 0.084557
2 0.618757 0.352538 0.019025 0.092244
2 0.665888 0.088617 0.012972 0.038435
2 0.689021 0.093614 0.016863 0.069952
2 0.821767 0.196235 0.017728 0.058421
2 0.845332 0.458363 0.029403 0.061496
2 0.878843 0.464128 0.024647 0.063802
2 0.895274 0.479118 0.021187 0.047660
2 0.910408 0.483346 0.022052 0.048428
0 0.929217 0.038267 0.083020 0.059190
0 0.766204 0.157031 0.102910 0.121455
0 0.679293 0.268237 0.061400 0.079945
5 0.501967 0.501921 0.996065 0.996158