1 0.848745 0.548009 0.066285 0.049645
1 0.965153 0.411348 0.048691 0.086197
1 0.863884 0.378887 0.134206 0.056192
1 0.813352 0.441626 0.062602 0.045281
1 0.755456 0.504637 0.052373 0.053464
1 0.903983 0.482542 0.048282 0.040917
5 0.909711 0.681669 0.018003 0.039825
5 0.927919 0.685215 0.015957 0.028369
5 0.977428 0.667212 0.020049 0.026187
5 0.981929 0.727223 0.017594 0.040371
5 0.874113 0.933442 0.040098 0.090562
5 0.656438 0.679760 0.017185 0.046918
5 0.667690 0.672122 0.020049 0.049100
5 0.692649 0.732679 0.027414 0.072013
5 0.707992 0.750682 0.022095 0.057829
5 0.718221 0.768140 0.020458 0.086197
5 0.730701 0.744681 0.011866 0.049100
5 0.741339 0.766776 0.029051 0.090016
5 0.758524 0.744954 0.025777 0.070376
5 0.714130 0.061920 0.011457 0.024550
5 0.706356 0.049373 0.011457 0.022368
5 0.685897 0.004637 0.008183 0.009274
1 0.679965 0.012548 0.033961 0.025095
1 0.678532 0.248773 0.023732 0.021822
1 0.725791 0.220404 0.030687 0.046918
5 0.701037 0.320240 0.020458 0.045827
1 0.627796 0.311238 0.057283 0.060556
1 0.578082 0.364975 0.029869 0.057829
1 0.543508 0.539825 0.016367 0.033279
1 0.523459 0.517458 0.037643 0.019094
5 0.580742 0.441080 0.007365 0.030005
1 0.411143 0.603382 0.065876 0.090562
1 0.437125 0.466448 0.050736 0.082924
1 0.388639 0.493999 0.039689 0.068194
1 0.426487 0.530551 0.041735 0.042008
1 0.348336 0.458811 0.035188 0.061102
1 0.453287 0.679214 0.038052 0.043644
1 0.495431 0.736770 0.048691 0.063830
1 0.394163 0.815057 0.072013 0.073104
1 0.346699 0.702673 0.040917 0.072013
5 0.525095 0.528914 0.011457 0.037643
5 0.387411 0.588652 0.011866 0.025095
5 0.415439 0.585652 0.009820 0.033279
5 0.354269 0.500273 0.016776 0.038189
5 0.470881 0.578014 0.022504 0.042008
5 0.474768 0.626296 0.027823 0.073104
5 0.488680 0.623841 0.023732 0.062739
5 0.475791 0.681124 0.029051 0.049645
5 0.515276 0.646754 0.021277 0.059465
5 0.508933 0.607201 0.043781 0.063284
5 0.530824 0.598745 0.034370 0.059465
5 0.550668 0.588380 0.015139 0.026732
5 0.252182 0.636934 0.025368 0.044190
5 0.243181 0.686307 0.032733 0.057829
5 0.219244 0.705128 0.031506 0.078014
5 0.197968 0.707310 0.024959 0.082379
5 0.166053 0.717403 0.038871 0.069831
5 0.206969 0.379433 0.007774 0.020185
5 0.219040 0.365521 0.007365 0.008729
5 0.264662 0.469449 0.007774 0.021277
5 0.256274 0.471358 0.012275 0.024004
5 0.264253 0.488816 0.012684 0.018549
5 0.250341 0.518003 0.011047 0.024550
5 0.276732 0.356519 0.008183 0.016912
5 0.291462 0.361702 0.007365 0.019640
5 0.164621 0.513912 0.006547 0.012002
5 0.148459 0.526187 0.006956 0.009274
1 0.224768 0.440535 0.054010 0.054010
1 0.205537 0.493181 0.031097 0.033824
1 0.169735 0.483361 0.030687 0.041462
1 0.137616 0.589198 0.034370 0.042553
5 0.068467 0.491271 0.012275 0.016912
5 0.061511 0.504092 0.012275 0.026187
5 0.013980 0.634206 0.027960 0.107474
5 0.036552 0.618385 0.027823 0.070376
5 0.041871 0.695581 0.049918 0.070922
5 0.053328 0.661211 0.032733 0.075286
5 0.095676 0.639116 0.020049 0.037643
5 0.141298 0.630387 0.013093 0.037643
0 0.498138 0.497872 0.996276 0.995744