5 0.800873 0.265139 0.019640 0.050191
1 0.928942 0.313693 0.028642 0.043644
1 0.958811 0.326787 0.013912 0.024004
1 0.956765 0.370158 0.020458 0.042008
1 0.982065 0.375341 0.035870 0.085106
1 0.813557 0.458538 0.025368 0.052919
1 0.767730 0.451991 0.031915 0.026732
1 0.779596 0.594654 0.042553 0.054555
1 0.814375 0.610747 0.016367 0.028914
1 0.811716 0.652209 0.047054 0.046372
1 0.817649 0.701309 0.049918 0.046372
1 0.847313 0.746045 0.022504 0.038734
1 0.809056 0.747136 0.029460 0.036552
1 0.737452 0.593562 0.012275 0.025095
1 0.715357 0.532733 0.055646 0.054010
1 0.763230 0.525914 0.065466 0.077469
1 0.702673 0.658483 0.051555 0.074195
1 0.857747 0.961266 0.021277 0.045827
1 0.883115 0.927169 0.039280 0.049645
5 0.779801 0.920349 0.025777 0.057829
5 0.724768 0.219585 0.015548 0.047463
5 0.701037 0.264321 0.010638 0.038734
5 0.700423 0.273595 0.018412 0.050736
5 0.527550 0.522913 0.022095 0.058374
5 0.546577 0.540371 0.018412 0.052919
5 0.484793 0.516639 0.024959 0.048009
1 0.429146 0.806601 0.039689 0.042008
1 0.457379 0.837971 0.013502 0.040371
1 0.436307 0.847791 0.016367 0.038189
1 0.400300 0.863612 0.022095 0.032733
1 0.473131 0.276596 0.027005 0.050191
1 0.430783 0.262957 0.058511 0.043644
1 0.442239 0.326241 0.046236 0.033824
1 0.393958 0.283415 0.047054 0.050736
1 0.347313 0.290507 0.026596 0.024550
5 0.227428 0.582379 0.017594 0.043099
1 0.174441 0.233497 0.036825 0.043644
1 0.209424 0.265412 0.037234 0.037643
1 0.132706 0.259956 0.038462 0.051828
1 0.144367 0.331424 0.039689 0.040917
1 0.254842 0.327878 0.031506 0.042553
5 0.023254 0.415985 0.007774 0.016912
5 0.029801 0.417349 0.008592 0.016367
5 0.039621 0.376159 0.007774 0.014730
5 0.031847 0.373977 0.007774 0.016912
5 0.023663 0.366339 0.006137 0.009274
5 0.012616 0.367976 0.012684 0.013639
1 0.013639 0.393344 0.026187 0.043644
0 0.497340 0.496809 0.994680 0.993617