2 0.790644 0.569285 0.015548 0.039825
1 0.630865 0.858974 0.067512 0.095472
1 0.659711 0.454173 0.033552 0.080196
1 0.616339 0.445717 0.028642 0.021822
5 0.572149 0.104746 0.015548 0.038189
5 0.467812 0.382160 0.007365 0.023459
2 0.466994 0.415712 0.016367 0.034915
2 0.480292 0.419531 0.011866 0.055646
2 0.512411 0.397436 0.018822 0.057283
2 0.487861 0.475996 0.009820 0.051828
2 0.499727 0.474359 0.014730 0.048554
2 0.550055 0.470813 0.009820 0.033824
1 0.070717 0.850245 0.073241 0.047463
1 0.128205 0.967267 0.018003 0.020731
0 0.496543 0.497872 0.993085 0.995744