2 0.494573 0.479453 0.031305 0.093915
2 0.524899 0.538802 0.056740 0.087393
1 0.282285 0.710722 0.037175 0.058697
1 0.291090 0.653982 0.037175 0.046958
1 0.315547 0.745288 0.025435 0.062610
1 0.276961 0.592703 0.034352 0.049621
1 0.356258 0.582295 0.032283 0.049566
4 0.279104 0.629253 0.159199 0.060001
1 0.683493 0.512375 0.009783 0.049566
4 0.735831 0.539292 0.032283 0.040789
4 0.686917 0.554469 0.026414 0.044349
4 0.707950 0.547947 0.021522 0.052175
1 0.302452 0.113807 0.022500 0.053479
2 0.281419 0.077936 0.025435 0.049566
0 0.180917 0.327757 0.334572 0.617100
5 0.500000 0.499071 1.000000 0.998141