2 0.062841 0.063250 0.047563 0.104544
2 0.215044 0.056716 0.061400 0.106850
2 0.197965 0.707935 0.051455 0.144516
2 0.226287 0.473481 0.042375 0.175264
2 0.247906 0.541126 0.037186 0.118380
2 0.258500 0.514222 0.024647 0.162965
2 0.288768 0.465409 0.044537 0.163734
2 0.282714 0.579562 0.053185 0.124530
2 0.323143 0.418134 0.057941 0.133754
2 0.447673 0.727793 0.036321 0.106850
2 0.575230 0.386745 0.043240 0.152972
2 0.744584 0.276437 0.028538 0.135292
2 0.800147 0.340239 0.032430 0.139904
2 0.756043 0.409422 0.032430 0.156815
2 0.925542 0.492442 0.038483 0.113768
2 0.814848 0.081699 0.030700 0.055347
2 0.833009 0.108219 0.028106 0.062265
2 0.843603 0.034423 0.020755 0.051503
0 0.586003 0.248111 0.159078 0.155893
5 0.500281 0.506417 0.999438 0.987165