2 0.979064 0.268412 0.015957 0.033824
1 0.922804 0.755319 0.056465 0.039825
1 0.822149 0.723950 0.049100 0.066558
1 0.803328 0.632570 0.053191 0.061648
1 0.875750 0.632570 0.047463 0.033279
1 0.879023 0.597927 0.040917 0.029460
1 0.843631 0.553191 0.037234 0.054555
1 0.547600 0.114839 0.040098 0.059465
1 0.543917 0.246863 0.058920 0.072559
1 0.491953 0.108292 0.038462 0.033279
1 0.482542 0.063557 0.033552 0.030005
1 0.593221 0.129842 0.020867 0.049100
1 0.499932 0.215221 0.047054 0.060556
2 0.467403 0.210038 0.013093 0.032733
2 0.453492 0.228041 0.033552 0.045827
5 0.434261 0.291326 0.026187 0.052373
5 0.516912 0.316421 0.034370 0.048009
5 0.402960 0.216585 0.024959 0.041462
5 0.550055 0.483088 0.017185 0.056192
5 0.450014 0.529187 0.009411 0.029460
5 0.289212 0.185488 0.043781 0.029460
5 0.147436 0.142662 0.026187 0.045281
1 0.173622 0.374795 0.033552 0.066558
5 0.094244 0.269231 0.032733 0.025641
5 0.117158 0.308783 0.023732 0.028369
5 0.162984 0.177032 0.018003 0.034370
0 0.499734 0.496809 0.999468 0.993617