1 0.935897 0.157392 0.022095 0.034370
1 0.969040 0.142935 0.037643 0.032733
4 0.827673 0.417621 0.006137 0.012548
5 0.968631 0.845336 0.013912 0.023459
5 0.747068 0.526187 0.019231 0.060556
5 0.715357 0.534643 0.019640 0.080742
4 0.706765 0.555646 0.027005 0.075832
5 0.472518 0.544735 0.021686 0.059465
5 0.442444 0.529733 0.022913 0.041462
5 0.452878 0.555646 0.011866 0.035461
3 0.443262 0.567921 0.013912 0.045827
4 0.425259 0.568740 0.022095 0.060556
5 0.457583 0.672395 0.009820 0.025641
5 0.540848 0.710311 0.007774 0.016367
5 0.551691 0.720676 0.008183 0.021822
5 0.462902 0.366067 0.009820 0.017458
1 0.292485 0.204583 0.036416 0.056738
1 0.255456 0.249864 0.027005 0.030551
4 0.349154 0.498091 0.006547 0.012002
1 0.168917 0.030278 0.030687 0.027823
5 0.196945 0.008729 0.009002 0.017458
5 0.183647 0.005728 0.006956 0.011456
5 0.188966 0.006819 0.006956 0.013638
1 0.074604 0.348063 0.015548 0.024004
5 0.085243 0.366885 0.012275 0.022368
0 0.498404 0.497872 0.989362 0.995744