2 0.297200 0.855301 0.031997 0.042663
2 0.455528 0.188452 0.017728 0.021908
2 0.441692 0.269166 0.026376 0.068030
2 0.484931 0.255329 0.024647 0.042663
2 0.534008 0.566654 0.025944 0.074948
2 0.561897 0.578184 0.022052 0.077255
2 0.557141 0.611911 0.020323 0.063994
2 0.577247 0.616812 0.020755 0.085326
2 0.590003 0.603263 0.027241 0.072066
2 0.606866 0.582220 0.035024 0.071489
2 0.620487 0.563771 0.017296 0.080714
2 0.668627 0.503236 0.015566 0.031132
2 0.685490 0.480751 0.016431 0.059959
0 0.684193 0.947829 0.110693 0.104342
0 0.584310 0.044032 0.028538 0.029403
5 0.501967 0.502108 0.996065 0.995784