2 0.461891 0.422141 0.021782 0.108428
2 0.473716 0.423248 0.019293 0.128343
2 0.494876 0.416609 0.009335 0.104002
2 0.484607 0.422141 0.023649 0.148259
2 0.471226 0.668870 0.016804 0.101790
2 0.444776 0.671636 0.021160 0.091832
2 0.462202 0.656147 0.021160 0.102896
4 0.417082 0.584230 0.021782 0.080768
2 0.477745 0.480921 0.055837 0.184867
2 0.413730 0.424999 0.016181 0.066385
2 0.425866 0.417254 0.010580 0.081874
2 0.432401 0.421127 0.004979 0.113960
0 0.314246 0.160498 0.186520 0.320996
0 0.968389 0.719005 0.063222 0.339035
0 0.500405 0.500000 0.999190 1.000000
5 0.363673 0.426645 0.046117 0.043150