0 0.500000 0.500000 1.000000 1.000000
1 0.382535 0.345536 0.014749 0.034289
1 0.420354 0.366967 0.007942 0.010589
1 0.449853 0.324862 0.020044 0.018153
1 0.471598 0.325870 0.005295 0.006051
1 0.374783 0.299902 0.010589 0.016640
3 0.406361 0.370496 0.019287 0.069082
3 0.361357 0.336964 0.029120 0.033280
3 0.553476 0.180395 0.008698 0.029751
3 0.565199 0.183925 0.010967 0.027734
1 0.828039 0.090891 0.010967 0.020170
1 0.847894 0.103245 0.010589 0.011598
1 0.811777 0.095177 0.010211 0.011598
1 0.547992 0.175857 0.008320 0.014623
1 0.570872 0.169301 0.006429 0.007564