0 0.500737 0.502212 0.998525 0.995575
5 0.487482 0.586315 0.024204 0.084209
5 0.498449 0.564380 0.009833 0.049416
5 0.507904 0.560850 0.015127 0.046391
5 0.516791 0.563624 0.020800 0.063031
5 0.518871 0.597156 0.021178 0.033280
5 0.499773 0.563371 0.010967 0.048408
5 0.504311 0.599425 0.010211 0.032776
5 0.883632 0.418652 0.010967 0.020170
4 0.936200 0.679601 0.011724 0.029751
1 0.947924 0.657666 0.014749 0.023195
3 0.478784 0.225777 0.005295 0.015632
3 0.485780 0.227542 0.005673 0.016136
5 0.666931 0.030381 0.011724 0.016136